iter,best_veh,best_dist,curr_veh,curr_dist,d_op,r_op,temp
0,6,1247.24,6,1247.24,2,0,98.1899
1,5,1163.87,5,1163.87,2,0,98.1703
2,5,1154.31,5,1154.31,4,3,98.1507
3,5,1153.51,5,1153.51,3,1,98.131
4,5,1148.87,5,1148.87,2,3,98.1114
5,5,1144.17,5,1144.17,4,0,98.0918
6,3,1162.22,3,1162.22,1,1,98.0722
7,3,1157.27,3,1157.27,4,0,98.0526
8,3,1157.27,3,1157.27,1,3,98.0329
9,3,1157.27,3,1157.27,1,2,98.0133
10,3,1157.27,3,1157.27,1,2,97.9937
11,3,1151.66,3,1151.66,0,2,97.9741
12,3,1151.66,3,1154.86,3,3,97.9545
13,3,1143.22,3,1143.22,2,3,97.935
14,3,1143.22,3,1143.22,1,3,97.9154
15,3,1138.07,3,1138.07,2,1,97.8958
16,3,1136.44,3,1136.44,3,1,97.8762
17,3,1136.44,3,1136.44,1,3,97.8566
18,3,1074.94,3,1074.94,0,2,97.8371
19,3,1066.49,3,1066.49,3,0,97.8175
20,3,1066.49,3,1066.49,4,2,97.7979
21,3,1066.49,3,1066.49,2,0,97.7784
22,3,1056.08,3,1056.08,4,2,97.7588
23,3,1041.83,3,1041.83,4,1,97.7393
24,3,1041.83,3,1041.83,0,0,97.7197
25,3,1041.83,3,1041.83,2,3,97.7002
26,3,1039.6,3,1039.6,0,1,97.6806
27,3,1035.82,3,1035.82,0,2,97.6611
28,3,1035.82,3,1071.14,4,1,97.6416
29,3,1035.82,3,1071.14,0,3,97.622
30,3,1035.82,3,1059.13,4,2,97.6025
31,3,1035.3,3,1035.3,4,3,97.583
32,3,1035.3,3,1055.49,4,0,97.5635
33,3,1035.3,3,1050.93,3,3,97.544
34,3,1035.3,3,1080.28,2,1,97.5244
35,3,1035.3,3,1053.9,0,2,97.5049
36,3,1032.32,3,1032.32,3,0,97.4854
37,3,1026.36,3,1026.36,4,0,97.4659
38,3,1024.01,3,1024.01,4,3,97.4465
39,3,1007.94,3,1007.94,3,2,97.427
40,3,1007.94,3,1007.94,0,1,97.4075
41,3,1007.78,3,1007.78,0,2,97.388
42,3,1007.78,3,1018.53,4,1,97.3685
43,3,1007.78,3,1244.88,1,1,97.349
44,3,1007.78,3,1207.29,0,0,97.3296
45,3,1007.78,3,1207.29,4,3,97.3101
46,3,1007.78,3,1168.48,3,2,97.2906
47,3,1007.78,3,1143.08,2,1,97.2712
48,3,1007.78,3,1118.01,2,0,97.2517
49,3,1007.78,3,1118.01,3,1,97.2323
50,3,1007.78,3,1078.74,3,0,97.2128
51,3,1007.78,3,1071.98,2,3,97.1934
52,3,1007.78,3,1070.73,2,3,97.174
53,3,1007.78,3,1100.24,4,3,97.1545
54,3,1007.78,3,1050.98,3,3,97.1351
55,3,1007.78,3,1072.43,0,3,97.1157
56,3,1007.78,3,1143.54,1,3,97.0962
57,3,1007.78,3,1116.56,4,2,97.0768
58,3,1007.78,3,1101.44,4,2,97.0574
59,3,1007.78,3,1098.28,3,3,97.038
60,3,1007.78,3,1052.47,2,0,97.0186
61,3,1007.78,3,1055.22,2,2,96.9992
62,3,1007.78,3,1055.22,1,3,96.9798
63,3,1007.78,3,1054.71,0,1,96.9604
64,3,1007.78,3,1049.78,3,1,96.941
65,3,1007.78,3,1049.59,4,2,96.9216
66,3,1007.78,3,1040.98,0,0,96.9022
67,3,1007.78,3,1029.97,0,1,96.8828
68,3,1007.78,3,1026.35,0,1,96.8635
69,3,1007.78,3,1022.51,0,0,96.8441
70,3,1007.78,3,1018.48,4,1,96.8247
71,3,1000.12,3,1000.12,3,2,96.8054
72,3,1000.12,3,1000.12,1,1,96.786
73,3,1000.12,3,1003.61,3,3,96.7666
74,3,962.381,3,962.381,2,1,96.7473
75,3,955.956,3,955.956,4,2,96.7279
76,3,949.14,3,949.14,2,2,96.7086
77,3,942.522,3,942.522,0,3,96.6893
78,3,941.926,3,941.926,4,1,96.6699
79,3,940.549,3,940.549,2,1,96.6506
80,3,936.809,3,936.809,2,1,96.6312
81,3,936.809,3,936.809,0,3,96.6119
82,3,930.539,3,930.539,3,1,96.5926
83,3,930.539,3,930.539,2,2,96.5733
84,3,930.539,3,930.539,1,2,96.554
85,3,930.539,3,930.539,1,0,96.5347
86,3,930.539,3,930.539,1,0,96.5154
87,3,930.539,3,930.539,1,3,96.496
88,3,930.539,3,930.539,1,0,96.4767
89,3,930.539,3,930.539,3,3,96.4575
90,3,930.539,3,930.539,1,2,96.4382
91,3,918.264,3,918.264,2,1,96.4189
92,3,918.264,3,918.264,2,3,96.3996
93,3,918.264,3,918.264,1,3,96.3803
94,3,916.201,3,916.201,4,1,96.361
95,3,916.201,3,925.462,0,0,96.3418
96,3,916.201,3,925.165,4,2,96.3225
97,3,916.201,3,921.453,4,3,96.3032
98,3,916.201,3,920.23,3,0,96.284
99,3,913.304,3,913.304,2,0,96.2647
100,3,911.879,3,911.879,3,0,96.2455
101,3,909.999,3,909.999,4,3,96.2262
102,3,904.981,3,904.981,3,1,96.207
103,3,904.981,3,933.537,1,0,96.1877
104,3,904.981,3,932.12,0,2,96.1685
105,3,904.981,3,924.826,3,1,96.1493
106,3,904.981,3,919.814,2,2,96.13
107,3,904.981,3,919.732,0,1,96.1108
108,3,904.981,3,911.911,0,2,96.0916
109,3,904.632,3,904.632,2,0,96.0724
110,3,898.139,3,898.139,0,2,96.0531
111,3,893.333,3,893.333,3,1,96.0339
112,3,893.333,3,893.333,0,2,96.0147
113,3,893.333,3,906.235,1,0,95.9955
114,3,893.333,3,910.633,0,3,95.9763
115,3,893.333,3,910.633,1,1,95.9571
116,3,893.333,3,904.882,0,1,95.9379
117,3,893.333,3,907.501,2,2,95.9187
118,3,893.333,3,907.501,1,2,95.8996
119,3,893.333,3,906.445,0,0,95.8804
120,3,893.333,3,904.388,0,3,95.8612
121,3,893.333,3,902.991,0,3,95.842
122,3,893.333,3,902.991,2,2,95.8229
123,3,893.333,3,902.991,0,1,95.8037
124,3,893.333,3,902.483,3,0,95.7845
125,3,893.333,3,902.483,4,2,95.7654
126,3,893.333,3,896.566,3,1,95.7462
127,3,893.333,3,894.028,4,3,95.7271
128,3,893.333,3,894.028,0,2,95.7079
129,3,889.341,3,889.341,3,3,95.6888
130,3,889.341,3,889.341,2,0,95.6697
131,3,889.341,3,889.341,0,2,95.6505
132,3,889.341,3,890.032,4,3,95.6314
133,3,889.341,3,890.032,1,3,95.6123
134,3,878.59,3,878.59,2,2,95.5931
135,3,878.59,3,879.35,3,3,95.574
136,3,878.59,3,879.35,4,1,95.5549
137,3,878.59,3,879.35,2,2,95.5358
138,3,878.59,3,879.35,1,2,95.5167
139,3,868.931,3,868.931,3,1,95.4976
140,3,868.931,3,868.931,0,3,95.4785
141,3,868.931,3,868.931,1,2,95.4594
142,3,868.931,3,868.931,1,3,95.4403
143,3,868.931,3,868.931,4,3,95.4212
144,3,868.931,3,868.931,0,2,95.4021
145,3,868.931,3,868.931,1,1,95.383
146,3,868.763,3,868.763,2,1,95.364
147,3,868.352,3,868.352,0,0,95.3449
148,3,867.164,3,867.164,3,2,95.3258
149,3,867.164,3,876.845,4,3,95.3068
150,3,867.164,3,906.213,1,0,95.2877
151,3,867.164,3,906.213,2,0,95.2686
152,3,867.164,3,899.95,4,0,95.2496
153,3,867.164,3,901.738,2,3,95.2305
154,3,867.164,3,901.205,0,2,95.2115
155,3,867.164,3,901.205,0,3,95.1925
156,3,867.164,3,898.315,2,3,95.1734
157,3,867.164,3,898.315,0,2,95.1544
158,3,867.164,3,898.297,3,0,95.1354
159,3,867.164,3,898.58,4,2,95.1163
160,3,867.164,3,895.667,3,1,95.0973
161,3,867.164,3,888.823,4,1,95.0783
162,3,867.164,3,887.756,3,3,95.0593
163,3,867.164,3,887.756,1,0,95.0403
164,3,867.164,3,880.697,3,1,95.0212
165,3,867.164,3,877.868,4,1,95.0022
166,3,864.623,3,864.623,4,0,94.9832
167,3,863.889,3,863.889,0,2,94.9642
168,3,863.889,3,863.889,1,0,94.9453
169,3,863.337,3,863.337,3,1,94.9263
170,3,863.226,3,863.226,0,1,94.9073
171,3,858.822,3,858.822,0,1,94.8883
172,3,858.822,3,858.822,3,1,94.8693
173,3,858.822,3,866.536,0,3,94.8503
174,3,858.822,3,866.444,4,1,94.8314
175,3,858.822,3,862.756,3,2,94.8124
176,3,858.822,3,862.756,0,2,94.7934
177,3,858.822,3,861.53,4,2,94.7745
178,3,858.822,3,861.53,0,1,94.7555
179,3,858.822,3,861.53,1,3,94.7366
180,3,858.822,3,862.083,3,0,94.7176
181,3,858.822,3,864.762,3,2,94.6987
182,3,853.055,3,853.055,4,1,94.6798
183,3,853.055,3,854.972,2,1,94.6608
184,3,853.055,3,854.972,1,0,94.6419
185,3,853.055,3,854.972,2,1,94.623
186,3,853.055,3,861.037,2,0,94.604
187,3,853.055,3,860.46,3,2,94.5851
188,3,853.055,3,961.522,1,1,94.5662
189,3,853.055,3,961.522,4,1,94.5473
190,3,853.055,3,954.717,3,1,94.5284
191,3,853.055,3,954.717,1,2,94.5095
192,3,853.055,3,954.717,0,3,94.4906
193,3,853.055,3,999.099,1,2,94.4717
194,3,853.055,3,947.814,2,2,94.4528
195,3,853.055,3,955.774,2,3,94.4339
196,3,853.055,3,946.76,3,1,94.415
197,3,853.055,3,895.797,0,2,94.3961
198,3,853.055,3,882.37,4,1,94.3772
199,3,853.055,3,876.2,3,2,94.3584
200,3,853.055,3,888.307,3,3,94.3395
201,3,853.055,3,888.307,3,0,94.3206
202,3,853.055,3,889.456,0,3,94.3017
203,3,853.055,3,892.385,3,2,94.2829
204,3,853.055,3,892.385,3,2,94.264
205,3,853.055,3,888.89,0,2,94.2452
206,3,853.055,3,884.737,0,2,94.2263
207,3,853.055,3,884.737,0,1,94.2075
208,3,853.055,3,884.737,0,1,94.1886
209,3,853.055,3,884.737,3,0,94.1698
210,3,853.055,3,884.737,0,2,94.151
211,3,853.055,3,1069.99,1,0,94.1321
212,3,853.055,3,1053.72,2,1,94.1133
213,3,853.055,3,1028.39,1,0,94.0945
214,3,853.055,3,1012.74,0,3,94.0757
215,3,853.055,3,1012.74,1,0,94.0569
216,3,853.055,3,973.975,2,0,94.038
217,3,853.055,3,970.203,0,1,94.0192
218,3,853.055,3,957.254,2,0,94.0004
219,3,853.055,3,963.055,4,3,93.9816
220,3,853.055,3,963.055,1,3,93.9628
221,3,853.055,3,959.525,3,2,93.944
222,3,853.055,3,956.192,4,0,93.9253
223,3,853.055,3,948.373,3,0,93.9065
224,3,853.055,3,937.903,2,3,93.8877
225,3,853.055,3,942.037,2,0,93.8689
226,3,853.055,3,942.037,1,2,93.8501
227,3,853.055,3,941.955,3,1,93.8314
228,3,853.055,3,940.861,0,0,93.8126
229,3,853.055,3,948.191,4,0,93.7938
230,3,853.055,3,948.191,1,1,93.7751
231,3,853.055,3,942.418,2,3,93.7563
232,3,853.055,3,942.418,1,2,93.7376
233,3,853.055,3,939.887,4,1,93.7188
234,3,853.055,3,939.887,1,2,93.7001
235,3,853.055,3,1012.01,1,1,93.6813
236,3,853.055,3,995.845,3,2,93.6626
237,3,853.055,3,1183.62,1,1,93.6439
238,3,853.055,3,1183.62,2,3,93.6251
239,3,853.055,3,1165.18,3,0,93.6064
240,3,853.055,3,1160.3,1,2,93.5877
241,3,853.055,3,1160.83,4,2,93.569
242,3,853.055,3,1143.27,0,2,93.5503
243,3,853.055,3,1142.88,4,0,93.5316
244,3,853.055,3,1142.88,1,1,93.5129
245,3,853.055,3,1143.17,3,0,93.4942
246,3,853.055,3,1136.65,3,0,93.4755
247,3,853.055,3,1167.48,4,2,93.4568
248,3,853.055,3,1167.48,2,3,93.4381
249,3,853.055,3,1164.05,4,2,93.4194
250,3,853.055,3,1132.72,3,2,93.4007
251,3,853.055,3,1132.72,1,0,93.382
252,3,853.055,3,1130.2,4,2,93.3633
253,3,853.055,3,1130.2,1,1,93.3447
254,3,853.055,3,1121.97,0,3,93.326
255,3,853.055,3,1102.21,4,0,93.3073
256,3,853.055,3,1101.53,0,1,93.2887
257,3,853.055,3,1101.53,1,3,93.27
258,3,853.055,3,1100.81,2,2,93.2514
259,3,853.055,3,1098.77,3,0,93.2327
260,3,853.055,3,1112.5,1,2,93.2141
261,3,853.055,3,1100.08,4,3,93.1954
262,3,853.055,3,1055.75,4,3,93.1768
263,3,853.055,3,1041.68,3,0,93.1581
264,3,853.055,3,1041.68,2,0,93.1395
265,3,853.055,3,1038.56,4,1,93.1209
266,3,853.055,3,1031.81,0,3,93.1023
267,3,853.055,3,1018.33,3,0,93.0836
268,3,853.055,3,1011.49,3,3,93.065
269,3,853.055,3,1006.9,0,1,93.0464
270,3,853.055,3,1006.9,0,2,93.0278
271,3,853.055,3,1006.9,3,0,93.0092
272,3,853.055,3,1006.9,1,0,92.9906
273,3,853.055,3,1006.9,1,2,92.972
274,3,853.055,3,996.766,3,3,92.9534
275,3,853.055,3,983.66,4,1,92.9348
276,3,853.055,3,981.215,0,0,92.9162
277,3,853.055,3,972.461,4,2,92.8976
278,3,853.055,3,972.461,0,0,92.8791
279,3,853.055,3,972.461,0,0,92.8605
280,3,853.055,3,967.746,0,3,92.8419
281,3,853.055,3,966.983,0,1,92.8233
282,3,853.055,3,966.983,4,0,92.8048
283,3,853.055,3,948.605,2,1,92.7862
284,3,853.055,3,942.369,2,1,92.7677
285,3,853.055,3,938.687,0,3,92.7491
286,3,853.055,3,938.687,2,0,92.7306
287,3,853.055,3,938.687,3,1,92.712
288,3,853.055,3,936.494,4,3,92.6935
289,3,853.055,3,939.554,2,0,92.6749
290,3,853.055,3,939.554,1,2,92.6564
291,3,853.055,3,942.269,0,3,92.6379
292,3,853.055,3,937.203,2,2,92.6193
293,3,853.055,3,937.203,1,1,92.6008
294,3,853.055,3,937.203,3,3,92.5823
295,3,853.055,3,936.453,4,0,92.5638
296,3,853.055,3,938.345,0,2,92.5453
297,3,853.055,3,938.345,0,1,92.5268
298,3,853.055,3,939.707,4,0,92.5082
299,3,853.055,3,937.392,4,3,92.4897
300,3,853.055,3,937.41,3,3,92.4712
301,3,853.055,3,937.41,1,0,92.4528
302,3,853.055,3,938.382,2,2,92.4343
303,3,853.055,3,1087.5,1,0,92.4158
304,3,853.055,3,1084.15,3,3,92.3973
305,3,853.055,3,1076.84,0,0,92.3788
306,3,853.055,3,1075.45,3,0,92.3603
307,3,853.055,3,1064.17,3,0,92.3419
308,3,853.055,3,1052.87,0,3,92.3234
309,3,853.055,3,1052.87,0,2,92.3049
310,3,853.055,3,1052.87,0,3,92.2865
311,3,853.055,3,1072.45,1,0,92.268
312,3,853.055,3,1041.41,0,1,92.2496
313,3,853.055,3,1024.36,3,0,92.2311
314,3,853.055,3,1022.31,0,1,92.2127
315,3,853.055,3,1022.31,0,1,92.1942
316,3,853.055,3,1016.49,3,1,92.1758
317,3,853.055,3,1016.49,4,1,92.1574
318,3,853.055,3,1016.49,4,1,92.1389
319,3,853.055,3,1016.49,1,0,92.1205
320,3,853.055,3,1017.19,3,3,92.1021
321,3,853.055,3,1016.96,0,3,92.0836
322,3,853.055,3,1016.44,0,3,92.0652
323,3,853.055,3,1014.36,4,3,92.0468
324,3,853.055,3,1004.3,0,2,92.0284
325,3,853.055,3,1004.3,0,2,92.01
326,3,853.055,3,1038.97,3,1,91.9916
327,3,853.055,3,1034.79,3,1,91.9732
328,3,853.055,3,1045.29,1,2,91.9548
329,3,853.055,3,1038.62,2,3,91.9364
330,3,853.055,3,1031.92,0,2,91.918
331,3,853.055,3,1030.39,4,0,91.8996
332,3,853.055,3,1030.39,1,3,91.8813
333,3,853.055,3,1030.39,1,3,91.8629
334,3,853.055,3,1030.39,0,2,91.8445
335,3,853.055,3,1033.21,2,3,91.8261
336,3,853.055,3,1003.15,0,2,91.8078
337,3,853.055,3,1030.13,1,2,91.7894
338,3,853.055,3,992.044,2,1,91.7711
339,3,853.055,3,1029.65,2,0,91.7527
340,3,853.055,3,1029.65,1,3,91.7344
341,3,853.055,3,1027.72,3,0,91.716
342,3,853.055,3,1030.08,3,0,91.6977
343,3,853.055,3,997.912,2,2,91.6793
344,3,853.055,3,997.912,0,2,91.661
345,3,853.055,3,1078.38,1,3,91.6427
346,3,853.055,3,1070.97,3,0,91.6243
347,3,853.055,3,1058.86,3,1,91.606
348,3,853.055,3,1056.81,3,3,91.5877
349,3,853.055,3,1037.79,2,1,91.5694
350,3,853.055,3,1037.79,4,0,91.5511
351,3,853.055,3,1036.04,4,2,91.5327
352,3,853.055,3,1036.04,2,0,91.5144
353,3,853.055,3,1031.92,3,3,91.4961
354,3,853.055,3,1030.47,0,0,91.4778
355,3,853.055,3,1030.47,4,3,91.4595
356,3,853.055,3,1030.47,1,2,91.4412
357,3,853.055,3,1029.64,3,1,91.423
358,3,853.055,3,1024.45,4,3,91.4047
359,3,853.055,3,1018.57,0,1,91.3864
360,3,853.055,3,993.708,4,3,91.3681
361,3,853.055,3,993.391,3,3,91.3498
362,3,853.055,3,981.56,2,1,91.3316
363,3,853.055,3,976.974,2,0,91.3133
364,3,853.055,3,962.992,4,2,91.295
365,3,853.055,3,962.619,0,1,91.2768
366,3,853.055,3,960.685,3,2,91.2585
367,3,853.055,3,949.859,0,0,91.2403
368,3,853.055,3,949.859,1,2,91.222
369,3,853.055,3,949.859,4,1,91.2038
370,3,853.055,3,949.859,0,1,91.1855
371,3,853.055,3,941.084,2,1,91.1673
372,3,853.055,3,941.084,4,2,91.1491
373,3,853.055,3,939.092,3,0,91.1308
374,3,853.055,3,946.639,4,3,91.1126
375,3,853.055,3,940.913,0,1,91.0944
376,3,853.055,3,939.03,2,3,91.0762
377,3,853.055,3,929.449,4,1,91.058
378,3,853.055,3,930.595,4,2,91.0397
379,3,853.055,3,925.469,0,1,91.0215
380,3,853.055,3,925.346,0,3,91.0033
381,3,853.055,3,925.346,4,3,90.9851
382,3,853.055,3,925.346,1,1,90.9669
383,3,853.055,3,910.338,4,2,90.9487
384,3,853.055,3,904.402,2,1,90.9306
385,3,853.055,3,897.506,4,1,90.9124
386,3,853.055,3,874.419,2,2,90.8942
387,3,853.055,3,874.199,0,1,90.876
388,3,853.055,3,874.199,3,0,90.8578
389,3,853.055,3,871.647,3,1,90.8397
390,3,853.055,3,871.647,4,0,90.8215
391,3,853.055,3,871.647,3,2,90.8033
392,3,853.055,3,871.647,1,1,90.7852
393,3,853.055,3,869.366,4,1,90.767
394,3,853.055,3,869.366,3,2,90.7489
395,3,853.055,3,869.366,2,3,90.7307
396,3,853.055,3,869.366,0,3,90.7126
397,3,853.055,3,871.919,2,2,90.6944
398,3,853.055,3,869.366,4,1,90.6763
399,3,853.055,3,869.366,3,1,90.6581
400,3,853.055,3,872.275,3,3,90.64
401,3,853.055,3,872.275,0,3,90.6219
402,3,853.055,3,874.828,2,2,90.6038
403,3,853.055,3,872.275,0,0,90.5856
404,3,853.055,3,862.396,2,3,90.5675
405,3,853.055,3,862.396,1,3,90.5494
406,3,853.055,3,858.229,0,2,90.5313
407,3,853.055,3,858.229,3,2,90.5132
408,3,853.055,3,854.127,3,1,90.4951
409,3,853.055,3,854.127,2,1,90.477
410,3,853.055,3,854.127,0,0,90.4589
411,3,853.055,3,854.127,4,0,90.4408
412,3,853.055,3,854.127,4,0,90.4227
413,3,853.055,3,854.127,3,1,90.4046
414,3,853.055,3,854.346,3,3,90.3866
415,3,853.055,3,856.587,4,2,90.3685
416,3,853.055,3,856.587,1,2,90.3504
417,3,853.055,3,992.258,1,0,90.3323
418,3,853.055,3,981.447,3,3,90.3143
419,3,853.055,3,968.186,0,2,90.2962
420,3,853.055,3,963.55,0,1,90.2781
421,3,853.055,3,950.262,3,3,90.2601
422,3,853.055,3,950.262,1,3,90.242
423,3,853.055,3,930.215,0,3,90.224
424,3,853.055,3,930.215,1,0,90.2059
425,3,853.055,3,924.723,3,3,90.1879
426,3,853.055,3,926.733,4,0,90.1699
427,3,853.055,3,926.733,4,1,90.1518
428,3,853.055,3,926.27,0,0,90.1338
429,3,853.055,3,924.79,0,2,90.1158
430,3,853.055,3,924.762,0,2,90.0977
431,3,853.055,3,929.527,4,3,90.0797
432,3,853.055,3,909.074,3,3,90.0617
433,3,853.055,3,903.591,3,0,90.0437
434,3,853.055,3,916.362,0,2,90.0257
435,3,853.055,3,912.148,3,3,90.0077
436,3,853.055,3,988.868,1,0,89.9897
437,3,853.055,3,988.868,1,3,89.9717
438,3,853.055,3,988.868,1,3,89.9537
439,3,853.055,3,988.868,1,1,89.9357
440,3,853.055,3,988.868,3,0,89.9177
441,3,853.055,3,979.943,0,2,89.8997
442,3,853.055,3,971.635,0,1,89.8818
443,3,853.055,3,971.635,1,2,89.8638
444,3,853.055,3,966.08,3,0,89.8458
445,3,853.055,3,959.783,3,3,89.8278
446,3,853.055,3,955.952,0,2,89.8099
447,3,853.055,3,955.952,1,0,89.7919
448,3,853.055,3,956.633,4,0,89.7739
449,3,853.055,3,909.124,3,2,89.756
450,3,853.055,3,877.405,2,1,89.738
451,3,853.055,3,873.752,2,0,89.7201
452,3,853.055,3,873.972,3,0,89.7022
453,3,853.055,3,866.21,4,3,89.6842
454,3,853.055,3,866.21,1,3,89.6663
455,3,853.055,3,865.994,4,3,89.6483
456,3,853.055,3,864.5,4,1,89.6304
457,3,853.055,3,862.745,4,3,89.6125
458,3,853.055,3,860.661,3,1,89.5946
459,3,853.055,3,860.661,1,1,89.5766
460,3,853.055,3,860.661,2,2,89.5587
461,3,853.055,3,865.314,4,0,89.5408
462,3,853.055,3,865.314,0,1,89.5229
463,3,853.055,3,865.314,1,0,89.505
464,3,853.055,3,865.314,1,2,89.4871
465,3,853.055,3,865.314,1,3,89.4692
466,3,853.055,3,869.074,3,0,89.4513
467,3,853.055,3,869.074,1,1,89.4334
468,3,853.055,3,869.074,3,1,89.4155
469,3,853.055,3,856.765,2,1,89.3977
470,3,853.055,3,856.765,1,1,89.3798
471,3,853.055,3,859.317,3,0,89.3619
472,3,853.055,3,865.165,4,0,89.344
473,3,853.055,3,861.637,4,3,89.3262
474,3,853.055,3,854.879,2,1,89.3083
475,3,853.055,3,854.879,2,2,89.2904
476,3,853.055,3,854.879,3,3,89.2726
477,3,853.055,3,854.879,3,0,89.2547
478,3,853.055,3,855.864,2,0,89.2369
479,3,853.055,3,855.061,4,1,89.219
480,3,853.055,3,855.061,0,1,89.2012
481,3,853.055,3,855.061,1,2,89.1833
482,3,853.055,3,859.308,0,3,89.1655
483,3,853.055,3,862.808,4,3,89.1477
484,3,853.055,3,857.675,4,2,89.1298
485,3,853.055,3,857.675,1,0,89.112
486,3,853.055,3,855.061,4,0,89.0942
487,3,853.055,3,854.693,3,1,89.0764
488,3,853.055,3,854.693,1,1,89.0586
489,3,853.055,3,854.693,1,2,89.0407
490,3,853.055,3,854.693,1,1,89.0229
491,3,853.055,3,854.693,0,1,89.0051
492,3,853.055,3,854.693,0,0,88.9873
493,3,853.055,3,854.816,2,0,88.9695
494,3,850.905,3,850.905,2,1,88.9517
495,3,850.905,3,850.905,2,3,88.9339
496,3,850.905,3,850.905,2,1,88.9162
497,3,850.905,3,850.905,0,3,88.8984
498,3,850.905,3,850.905,3,3,88.8806
499,3,850.905,3,850.905,3,1,88.8628
500,3,850.905,3,850.905,1,0,88.845
501,3,850.905,3,850.905,1,0,88.8273
502,3,850.504,3,850.504,4,3,88.8095
503,3,846.599,3,846.599,4,1,88.7917
504,3,846.599,3,846.599,2,3,88.774
505,3,846.599,3,846.599,1,2,88.7562
506,3,846.599,3,846.599,1,1,88.7385
507,3,846.599,3,846.599,0,0,88.7207
508,3,846.559,3,846.559,2,1,88.703
509,3,846.559,3,846.559,1,2,88.6853
510,3,844.021,3,844.021,4,3,88.6675
511,3,844.021,3,846.573,2,2,88.6498
512,3,844.021,3,846.573,0,3,88.6321
513,3,844.021,3,846.573,1,1,88.6143
514,3,844.021,3,846.573,3,2,88.5966
515,3,844.021,3,859.396,4,2,88.5789
516,3,844.021,3,856.844,2,1,88.5612
517,3,844.021,3,856.844,3,3,88.5435
518,3,844.021,3,856.844,1,1,88.5257
519,3,844.021,3,856.844,3,3,88.508
520,3,844.021,3,855.001,2,1,88.4903
521,3,844.021,3,855.001,1,1,88.4726
522,3,844.021,3,850.59,0,2,88.4549
523,3,844.021,3,849.991,4,1,88.4373
524,3,844.021,3,849.991,2,0,88.4196
525,3,844.021,3,861.642,2,1,88.4019
526,3,844.021,3,861.642,1,0,88.3842
527,3,844.021,3,859.692,3,2,88.3665
528,3,844.021,3,859.609,4,2,88.3489
529,3,844.021,3,845.337,2,1,88.3312
530,3,844.021,3,849.102,0,0,88.3135
531,3,844.021,3,848.297,3,3,88.2959
532,3,844.021,3,845.745,2,1,88.2782
533,3,844.021,3,845.745,4,2,88.2605
534,3,844.021,3,845.745,1,2,88.2429
535,3,844.021,3,845.745,3,1,88.2252
536,3,844.021,3,844.112,2,1,88.2076
537,3,844.021,3,844.112,0,3,88.19
538,3,844.021,3,845.745,0,2,88.1723
539,3,844.021,3,845.745,3,2,88.1547
540,3,844.021,3,845.745,3,1,88.137
541,3,844.021,3,844.146,4,1,88.1194
542,3,843.095,3,843.095,2,2,88.1018
543,3,843.095,3,843.095,2,1,88.0842
544,3,843.095,3,843.095,4,2,88.0666
545,3,843.095,3,843.095,2,0,88.0489
546,3,843.095,3,843.423,2,3,88.0313
547,3,843.095,3,843.423,3,3,88.0137
548,3,843.095,3,849.724,2,3,87.9961
549,3,843.095,3,849.724,4,3,87.9785
550,3,843.095,3,844.857,2,3,87.9609
551,3,843.095,3,843.095,3,0,87.9433
552,3,843.095,3,844.857,2,0,87.9258
553,3,843.095,3,844.857,3,2,87.9082
554,3,843.095,3,844.857,3,1,87.8906
555,3,843.095,3,844.857,1,3,87.873
556,3,843.095,3,851.808,2,3,87.8554
557,3,843.095,3,850.045,4,1,87.8379
558,3,843.095,3,848.352,2,3,87.8203
559,3,843.095,3,848.352,3,3,87.8027
560,3,843.095,3,848.352,1,2,87.7852
561,3,843.095,3,848.352,4,0,87.7676
562,3,843.095,3,847.141,0,1,87.7501
563,3,843.095,3,847.509,0,2,87.7325
564,3,843.095,3,847.509,1,3,87.715
565,3,843.095,3,847.509,1,3,87.6974
566,3,843.095,3,847.509,1,3,87.6799
567,3,843.095,3,847.509,4,0,87.6623
568,3,843.095,3,848.99,3,3,87.6448
569,3,843.095,3,864.014,2,2,87.6273
570,3,843.095,3,864.014,1,3,87.6098
571,3,843.095,3,851.732,4,2,87.5922
572,3,843.095,3,851.159,4,2,87.5747
573,3,843.095,3,851.159,1,1,87.5572
574,3,843.095,3,851.159,2,1,87.5397
575,3,843.095,3,850.852,3,0,87.5222
576,3,843.095,3,852.95,2,3,87.5047
577,3,843.095,3,852.95,0,3,87.4872
578,3,843.095,3,852.95,2,3,87.4697
579,3,843.095,3,846.888,0,2,87.4522
580,3,843.095,3,846.888,0,3,87.4347
581,3,843.095,3,844.758,4,0,87.4172
582,3,843.095,3,844.758,4,1,87.3997
583,3,843.095,3,844.758,3,3,87.3822
584,3,843.095,3,847.31,2,3,87.3648
585,3,843.095,3,846.297,0,2,87.3473
586,3,843.095,3,940.391,1,2,87.3298
587,3,843.095,3,933.98,0,0,87.3124
588,3,843.095,3,854.7,4,1,87.2949
589,3,843.095,3,852.148,2,1,87.2774
590,3,843.095,3,856.221,0,0,87.26
591,3,843.095,3,856.221,1,3,87.2425
592,3,843.095,3,854.783,2,0,87.2251
593,3,843.095,3,854.783,2,1,87.2076
594,3,843.095,3,854.783,2,3,87.1902
595,3,843.095,3,850.648,3,2,87.1728
596,3,843.095,3,852.169,4,3,87.1553
597,3,843.095,3,853.608,2,1,87.1379
598,3,843.095,3,853.608,4,1,87.1205
599,3,843.095,3,853.608,4,3,87.103
600,3,843.095,3,853.608,3,0,87.0856
601,3,843.095,3,853.608,0,0,87.0682
602,3,843.095,3,853.608,3,2,87.0508
603,3,843.095,3,853.608,4,2,87.0334
604,3,843.095,3,853.608,2,1,87.016
605,3,843.095,3,853.608,4,0,86.9986
606,3,843.095,3,853.608,4,1,86.9812
607,3,843.095,3,873.368,0,2,86.9638
608,3,843.095,3,873.368,2,3,86.9464
609,3,843.095,3,873.368,2,1,86.929
610,3,843.095,3,873.368,1,0,86.9116
611,3,843.095,3,873.368,4,2,86.8942
612,3,843.095,3,873.368,4,3,86.8768
613,3,843.095,3,873.368,0,0,86.8595
614,3,843.095,3,873.368,2,3,86.8421
615,3,843.095,3,873.368,4,1,86.8247
616,3,843.095,3,873.378,3,3,86.8074
617,3,843.095,3,856.491,2,1,86.79
618,3,843.095,3,856.491,3,2,86.7726
619,3,843.095,3,856.491,2,0,86.7553
620,3,843.095,3,856.491,2,1,86.7379
621,3,843.095,3,857.792,4,0,86.7206
622,3,843.095,3,857.792,1,1,86.7032
623,3,843.095,3,857.371,3,3,86.6859
624,3,843.095,3,857.284,3,3,86.6686
625,3,843.095,3,853.579,3,0,86.6512
626,3,843.095,3,853.579,4,2,86.6339
627,3,843.095,3,853.579,2,3,86.6166
628,3,843.095,3,853.579,3,0,86.5993
629,3,843.095,3,853.579,1,1,86.5819
630,3,843.095,3,853.579,1,0,86.5646
631,3,843.095,3,853.579,3,3,86.5473
632,3,843.095,3,853.579,1,2,86.53
633,3,843.095,3,852.185,2,3,86.5127
634,3,843.095,3,853.002,4,0,86.4954
635,3,843.095,3,853.002,0,3,86.4781
636,3,843.095,3,851.471,4,0,86.4608
637,3,843.095,3,851.471,1,3,86.4435
638,3,843.095,3,851.471,3,1,86.4262
639,3,843.095,3,851.471,1,2,86.4089
640,3,843.095,3,851.471,1,3,86.3916
641,3,843.095,3,854.023,2,2,86.3744
642,3,843.095,3,856.8,4,3,86.3571
643,3,843.095,3,856.15,4,3,86.3398
644,3,843.095,3,855.553,3,2,86.3226
645,3,843.095,3,851.396,2,1,86.3053
646,3,843.095,3,849.957,2,0,86.288
647,3,843.095,3,849.758,0,3,86.2708
648,3,843.095,3,1044.71,1,0,86.2535
649,3,843.095,3,1036.44,0,1,86.2363
650,3,843.095,3,988.641,2,3,86.219
651,3,843.095,3,975.523,4,0,86.2018
652,3,843.095,3,975.523,1,2,86.1845
653,3,843.095,3,955.985,2,2,86.1673
654,3,843.095,3,953.447,0,3,86.1501
655,3,843.095,3,953.447,1,1,86.1328
656,3,843.095,3,944.798,0,3,86.1156
657,3,843.095,3,944.798,1,0,86.0984
658,3,843.095,3,942.294,0,3,86.0812
659,3,843.095,3,935.3,2,2,86.0639
660,3,843.095,3,921.679,0,0,86.0467
661,3,843.095,3,919.645,3,1,86.0295
662,3,843.095,3,919.645,1,0,86.0123
663,3,843.095,3,916.573,3,1,85.9951
664,3,843.095,3,952.415,2,1,85.9779
665,3,843.095,3,922.232,2,2,85.9607
666,3,843.095,3,922.232,3,3,85.9435
667,3,843.095,3,922.232,1,2,85.9263
668,3,843.095,3,907.525,0,3,85.9092
669,3,843.095,3,907.523,4,0,85.892
670,3,843.095,3,907.001,4,3,85.8748
671,3,843.095,3,901.663,0,1,85.8576
672,3,843.095,3,903.038,3,3,85.8405
673,3,843.095,3,901.804,4,2,85.8233
674,3,843.095,3,882.281,3,1,85.8061
675,3,843.095,3,877.769,3,3,85.789
676,3,843.095,3,877.769,3,3,85.7718
677,3,843.095,3,878.397,2,1,85.7546
678,3,843.095,3,878.584,4,3,85.7375
679,3,843.095,3,880.105,4,3,85.7203
680,3,843.095,3,880.105,1,2,85.7032
681,3,843.095,3,1023.32,1,3,85.6861
682,3,843.095,3,1015.39,3,2,85.6689
683,3,843.095,3,1015.39,1,1,85.6518
684,3,843.095,3,1003.64,0,1,85.6347
685,3,843.095,3,1003.64,1,1,85.6175
686,3,843.095,3,1003.64,1,2,85.6004
687,3,843.095,3,975.533,2,3,85.5833
688,3,843.095,3,975.533,1,3,85.5662
689,3,843.095,3,975.295,3,0,85.5491
690,3,843.095,3,974.107,0,1,85.5319
691,3,843.095,3,973.585,3,2,85.5148
692,3,843.095,3,972.808,2,2,85.4977
693,3,843.095,3,972.808,0,1,85.4806
694,3,843.095,3,972.808,4,0,85.4635
695,3,843.095,3,1159.6,1,2,85.4465
696,3,843.095,3,1196.66,3,3,85.4294
697,3,843.095,3,1180.83,1,0,85.4123
698,3,843.095,3,1097.8,2,2,85.3952
699,3,843.095,3,1097.8,4,0,85.3781
700,3,843.095,3,1097.8,4,2,85.361
701,3,843.095,3,1067.99,2,0,85.344
702,3,843.095,3,1061.48,4,3,85.3269
703,3,843.095,3,1062.03,3,0,85.3098
704,3,843.095,3,1045.11,0,1,85.2928
705,3,843.095,3,1133.53,1,0,85.2757
706,3,843.095,3,1131.36,0,1,85.2587
707,3,843.095,3,1118.7,2,0,85.2416
708,3,843.095,3,1113.72,3,2,85.2246
709,3,843.095,3,1074.54,4,1,85.2075
710,3,843.095,3,1074.54,1,3,85.1905
711,3,843.095,3,1038.32,2,1,85.1734
712,3,843.095,3,1038.32,2,0,85.1564
713,3,843.095,3,1038.32,1,2,85.1394
714,3,843.095,3,1037.71,3,2,85.1223
715,3,843.095,3,1031.4,4,2,85.1053
716,3,843.095,3,1167.09,1,3,85.0883
717,3,843.095,3,1126.58,0,0,85.0713
718,3,843.095,3,1107.1,0,0,85.0543
719,3,843.095,3,1107.1,1,3,85.0373
720,3,843.095,3,1085.67,0,2,85.0202
721,3,843.095,3,1085.67,2,0,85.0032
722,3,843.095,3,1077.18,4,3,84.9862
723,3,843.095,3,1063.46,3,3,84.9692
724,3,843.095,3,1080.59,4,0,84.9522
725,3,843.095,3,1080.59,1,0,84.9353
726,3,843.095,3,1051.58,0,1,84.9183
727,3,843.095,3,1048.38,3,1,84.9013
728,3,843.095,3,1032.96,0,0,84.8843
729,3,843.095,3,1024.99,2,1,84.8673
730,3,843.095,3,1024.99,1,1,84.8504
731,3,843.095,3,1024.99,3,0,84.8334
732,3,843.095,3,1046.73,2,3,84.8164
733,3,843.095,3,1046.13,3,1,84.7995
734,3,843.095,3,1036.08,0,1,84.7825
735,3,843.095,3,1028,0,3,84.7655
736,3,843.095,3,1010.44,1,2,84.7486
737,3,843.095,3,998.814,4,2,84.7316
738,3,843.095,3,996.613,4,2,84.7147
739,3,843.095,3,970.429,4,1,84.6977
740,3,843.095,3,970.429,1,0,84.6808
741,3,843.095,3,970.429,3,0,84.6639
742,3,843.095,3,958.911,4,3,84.6469
743,3,843.095,3,958.911,1,3,84.63
744,3,843.095,3,958.911,0,3,84.6131
745,3,843.095,3,942.017,3,2,84.5962
746,3,843.095,3,940.279,3,3,84.5792
747,3,843.095,3,927.738,4,1,84.5623
748,3,843.095,3,927.738,1,3,84.5454
749,3,843.095,3,926.255,4,1,84.5285
750,3,843.095,3,932.267,4,3,84.5116
751,3,843.095,3,932.267,1,1,84.4947
752,3,843.095,3,932.267,0,0,84.4778
753,3,843.095,3,928.902,2,3,84.4609
754,3,843.095,3,928.902,2,2,84.444
755,3,843.095,3,928.902,2,2,84.4271
756,3,843.095,3,928.902,1,2,84.4102
757,3,843.095,3,928.902,2,0,84.3934
758,3,843.095,3,938.923,4,2,84.3765
759,3,843.095,3,962.819,0,3,84.3596
760,3,843.095,3,952.138,2,1,84.3427
761,3,843.095,3,952.138,2,3,84.3259
762,3,843.095,3,952.138,1,3,84.309
763,3,843.095,3,952.138,1,1,84.2921
764,3,843.095,3,948.021,0,0,84.2753
765,3,843.095,3,950.255,3,3,84.2584
766,3,843.095,3,956.157,0,3,84.2416
767,3,843.095,3,967.611,2,1,84.2247
768,3,843.095,3,967.611,2,0,84.2079
769,3,843.095,3,960.368,3,1,84.191
770,3,843.095,3,957.887,4,2,84.1742
771,3,843.095,3,957.887,3,3,84.1574
772,3,843.095,3,957.887,1,3,84.1405
773,3,843.095,3,957.652,0,2,84.1237
774,3,843.095,3,957.246,3,1,84.1069
775,3,843.095,3,946.775,3,1,84.0901
776,3,843.095,3,947.162,0,3,84.0732
777,3,843.095,3,1017.37,1,0,84.0564
778,3,843.095,3,1017.37,1,3,84.0396
779,3,843.095,3,968.802,2,2,84.0228
780,3,843.095,3,956.916,4,1,84.006
781,3,843.095,3,956.916,1,3,83.9892
782,3,843.095,3,956.916,3,0,83.9724
783,3,843.095,3,951.467,4,1,83.9556
784,3,843.095,3,951.467,1,3,83.9388
785,3,843.095,3,951.467,3,1,83.922
786,3,843.095,3,951.467,1,2,83.9052
787,3,843.095,3,1111.18,1,0,83.8885
788,3,843.095,3,1103.6,0,1,83.8717
789,3,843.095,3,1060.12,4,0,83.8549
790,3,843.095,3,1060.12,1,3,83.8381
791,3,843.095,3,1059.54,0,1,83.8214
792,3,843.095,3,1040.44,4,1,83.8046
793,3,843.095,3,1040.44,3,0,83.7878
794,3,843.095,3,1030.53,3,2,83.7711
795,3,843.095,3,1030.14,2,1,83.7543
796,3,843.095,3,1027.68,0,0,83.7376
797,3,843.095,3,1023.58,4,3,83.7208
798,3,843.095,3,1023.58,2,3,83.7041
799,3,843.095,3,1018.91,4,0,83.6873
800,3,843.095,3,1018.91,1,3,83.6706
801,3,843.095,3,998.678,2,3,83.6539
802,3,843.095,3,998.678,4,3,83.6371
803,3,843.095,3,998.678,0,3,83.6204
804,3,843.095,3,989.151,2,3,83.6037
805,3,843.095,3,908.591,2,2,83.587
806,3,843.095,3,906.162,4,0,83.5703
807,3,843.095,3,906.162,1,2,83.5535
808,3,843.095,3,906.162,1,0,83.5368
809,3,843.095,3,906.07,2,1,83.5201
810,3,843.095,3,899.942,0,0,83.5034
811,3,843.095,3,899.942,3,1,83.4867
812,3,843.095,3,899.942,1,3,83.47
813,3,843.095,3,899.942,2,3,83.4533
814,3,843.095,3,899.942,0,3,83.4366
815,3,843.095,3,904.579,3,3,83.4199
816,3,843.095,3,898.578,3,2,83.4033
817,3,843.095,3,898.001,3,3,83.3866
818,3,843.095,3,897.418,4,0,83.3699
819,3,843.095,3,889.562,4,0,83.3532
820,3,843.095,3,889.562,0,0,83.3366
821,3,843.095,3,888.841,2,0,83.3199
822,3,843.095,3,888.841,0,0,83.3032
823,3,843.095,3,888.841,2,2,83.2866
824,3,843.095,3,888.841,4,3,83.2699
825,3,843.095,3,890.341,3,3,83.2533
826,3,843.095,3,890.341,1,3,83.2366
827,3,843.095,3,889.619,0,1,83.22
828,3,843.095,3,889.619,4,1,83.2033
829,3,843.095,3,889.73,3,2,83.1867
830,3,843.095,3,889.73,2,3,83.17
831,3,843.095,3,890.312,0,2,83.1534
832,3,843.095,3,890.312,1,2,83.1368
833,3,843.095,3,1000.25,1,3,83.1201
834,3,843.095,3,988.43,2,3,83.1035
835,3,843.095,3,983.107,4,1,83.0869
836,3,843.095,3,972.267,3,3,83.0703
837,3,843.095,3,972.612,4,2,83.0537
838,3,843.095,3,972.205,4,0,83.0371
839,3,843.095,3,969.359,4,3,83.0205
840,3,843.095,3,972.377,0,0,83.0038
841,3,843.095,3,970.798,0,2,82.9872
842,3,843.095,3,970.798,1,1,82.9707
843,3,843.095,3,975.817,3,3,82.9541
844,3,843.095,3,957.327,3,1,82.9375
845,3,843.095,3,957.327,4,1,82.9209
846,3,843.095,3,958.072,3,1,82.9043
847,3,843.095,3,955.881,4,0,82.8877
848,3,843.095,3,947.556,4,3,82.8711
849,3,843.095,3,906.675,2,1,82.8546
850,3,843.095,3,898.784,3,2,82.838
851,3,843.095,3,898.784,3,1,82.8214
852,3,843.095,3,890.92,2,2,82.8049
853,3,843.095,3,890.92,1,1,82.7883
854,3,843.095,3,890.92,2,0,82.7717
855,3,843.095,3,976.567,1,0,82.7552
856,3,843.095,3,923.05,2,1,82.7386
857,3,843.095,3,923.05,1,1,82.7221
858,3,843.095,3,922.003,2,2,82.7055
859,3,843.095,3,916.488,4,3,82.689
860,3,843.095,3,999.462,1,0,82.6725
861,3,843.095,3,959.331,4,0,82.6559
862,3,843.095,3,944.157,3,0,82.6394
863,3,843.095,3,969.612,1,0,82.6229
864,3,843.095,3,967.633,0,2,82.6063
865,3,843.095,3,967.633,1,3,82.5898
866,3,843.095,3,960.284,3,1,82.5733
867,3,843.095,3,961.026,4,3,82.5568
868,3,843.095,3,945.112,0,2,82.5403
869,3,843.095,3,927.671,2,1,82.5238
870,3,843.095,3,926.52,4,2,82.5073
871,3,843.095,3,932.133,0,3,82.4908
872,3,843.095,3,931.305,2,1,82.4743
873,3,843.095,3,926.918,3,1,82.4578
874,3,843.095,3,926.918,4,1,82.4413
875,3,843.095,3,904.288,0,3,82.4248
876,3,843.095,3,904.288,0,0,82.4083
877,3,843.095,3,900.922,4,3,82.3918
878,3,843.095,3,900.922,3,3,82.3753
879,3,843.095,3,896.709,0,3,82.3589
880,3,843.095,3,896.709,1,1,82.3424
881,3,843.095,3,896.678,2,2,82.3259
882,3,843.095,3,896.678,3,0,82.3095
883,3,843.095,3,896.678,4,3,82.293
884,3,843.095,3,914.085,3,2,82.2765
885,3,843.095,3,914.085,4,1,82.2601
886,3,843.095,3,913.993,4,0,82.2436
887,3,843.095,3,915.016,2,2,82.2272
888,3,843.095,3,916.005,0,2,82.2107
889,3,843.095,3,920.121,4,2,82.1943
890,3,843.095,3,919.131,0,3,82.1779
891,3,843.095,3,919.131,0,2,82.1614
892,3,843.095,3,919.131,0,2,82.145
893,3,843.095,3,905.696,0,2,82.1286
894,3,843.095,3,1051.72,1,2,82.1121
895,3,843.095,3,1051.72,1,2,82.0957
896,3,843.095,3,1078.01,3,2,82.0793
897,3,843.095,3,1087.06,2,3,82.0629
898,3,843.095,3,1186.31,1,3,82.0465
899,3,843.095,3,1155.78,3,3,82.0301
900,3,843.095,3,1078.14,2,0,82.0137
901,3,843.095,3,1044.6,0,0,81.9973
902,3,843.095,3,999.806,2,2,81.9809
903,3,843.095,3,1003.67,0,3,81.9645
904,3,843.095,3,950.017,2,2,81.9481
905,3,843.095,3,951.705,0,2,81.9317
906,3,843.095,3,923.271,2,1,81.9153
907,3,843.095,3,919.187,0,0,81.8989
908,3,843.095,3,919.187,1,1,81.8825
909,3,843.095,3,914.342,3,0,81.8662
910,3,843.095,3,1122.22,1,0,81.8498
911,3,843.095,3,1122.22,2,3,81.8334
912,3,843.095,3,1122.22,2,3,81.817
913,3,843.095,3,1122.22,0,3,81.8007
914,3,843.095,3,1122.22,0,3,81.7843
915,3,843.095,3,1122.22,2,3,81.768
916,3,843.095,3,1122.22,2,0,81.7516
917,3,843.095,3,1107.24,0,0,81.7353
918,3,843.095,3,1107.24,0,3,81.7189
919,3,843.095,3,1105.76,4,2,81.7026
920,3,843.095,3,1089.17,4,0,81.6862
921,3,843.095,3,1056.76,4,0,81.6699
922,3,843.095,3,1045.88,4,1,81.6536
923,3,843.095,3,1040.78,4,0,81.6372
924,3,843.095,3,996.98,2,0,81.6209
925,3,843.095,3,996.854,0,2,81.6046
926,3,843.095,3,996.854,1,0,81.5883
927,3,843.095,3,977.82,2,0,81.5719
928,3,843.095,3,966.094,2,3,81.5556
929,3,843.095,3,961.431,4,1,81.5393
930,3,843.095,3,961.431,3,2,81.523
931,3,843.095,3,961.431,3,3,81.5067
932,3,843.095,3,961.431,2,1,81.4904
933,3,843.095,3,961.431,1,1,81.4741
934,3,843.095,3,961.431,2,0,81.4578
935,3,843.095,3,958.041,3,1,81.4415
936,3,843.095,3,958.041,1,2,81.4252
937,3,843.095,3,960.737,4,2,81.4089
938,3,843.095,3,958.475,0,2,81.3927
939,3,843.095,3,963.058,4,3,81.3764
940,3,843.095,3,948.379,2,3,81.3601
941,3,843.095,3,952.965,2,3,81.3438
942,3,843.095,3,952.473,0,3,81.3276
943,3,843.095,3,952.473,4,0,81.3113
944,3,843.095,3,952.473,1,3,81.295
945,3,843.095,3,952.473,0,3,81.2788
946,3,843.095,3,917.438,4,1,81.2625
947,3,843.095,3,912.854,4,2,81.2463
948,3,843.095,3,912.132,4,1,81.23
949,3,843.095,3,883.229,2,3,81.2138
950,3,843.095,3,882.483,2,2,81.1975
951,3,843.095,3,882.797,3,0,81.1813
952,3,843.095,3,882.797,2,0,81.1651
953,3,843.095,3,875.069,3,1,81.1488
954,3,843.095,3,895.719,3,0,81.1326
955,3,843.095,3,890.121,3,1,81.1164
956,3,843.095,3,890.121,1,2,81.1001
957,3,843.095,3,890.121,1,1,81.0839
958,3,843.095,3,890.121,1,3,81.0677
959,3,843.095,3,890.121,4,1,81.0515
960,3,843.095,3,887.583,4,1,81.0353
961,3,843.095,3,888.101,3,0,81.0191
962,3,843.095,3,887.845,0,0,81.0029
963,3,843.095,3,887.845,1,0,80.9867
964,3,843.095,3,898.115,2,3,80.9705
965,3,843.095,3,898.115,1,3,80.9543
966,3,843.095,3,894.235,3,1,80.9381
967,3,843.095,3,893.072,3,3,80.9219
968,3,843.095,3,893.072,4,2,80.9057
969,3,843.095,3,887.294,4,0,80.8895
970,3,843.095,3,893.08,2,3,80.8734
971,3,843.095,3,893.08,4,1,80.8572
972,3,843.095,3,893.08,1,1,80.841
973,3,843.095,3,896.523,3,3,80.8248
974,3,843.095,3,896.17,0,0,80.8087
975,3,843.095,3,893.618,0,1,80.7925
976,3,843.095,3,890.112,2,0,80.7764
977,3,843.095,3,890.296,2,2,80.7602
978,3,843.095,3,886.229,0,1,80.744
979,3,843.095,3,886.229,1,3,80.7279
980,3,843.095,3,887.142,4,3,80.7118
981,3,843.095,3,887.142,3,0,80.6956
982,3,843.095,3,887.142,1,1,80.6795
983,3,843.095,3,886.758,0,0,80.6633
984,3,843.095,3,886.758,1,2,80.6472
985,3,843.095,3,886.758,0,1,80.6311
986,3,843.095,3,886.653,0,3,80.6149
987,3,843.095,3,886.653,0,0,80.5988
988,3,843.095,3,896.77,4,0,80.5827
989,3,843.095,3,987.202,1,3,80.5666
990,3,843.095,3,969.149,3,3,80.5505
991,3,843.095,3,967.221,3,2,80.5344
992,3,843.095,3,953.344,2,3,80.5183
993,3,843.095,3,953.344,0,1,80.5022
994,3,843.095,3,959.234,1,0,80.4861
995,3,843.095,3,966.605,3,2,80.47
996,3,843.095,3,961.698,4,1,80.4539
997,3,843.095,3,961.698,4,2,80.4378
998,3,843.095,3,958.356,2,2,80.4217
999,3,843.095,3,946.67,2,1,80.4056
1000,3,843.095,3,946.67,3,3,80.3895
1001,3,843.095,3,946.67,2,3,80.3734
1002,3,843.095,3,950.191,2,2,80.3574
1003,3,843.095,3,937.346,3,0,80.3413
1004,3,843.095,3,937.346,1,1,80.3252
1005,3,843.095,3,937.346,0,3,80.3092
1006,3,843.095,3,937.778,3,2,80.2931
1007,3,843.095,3,926.896,0,3,80.277
1008,3,843.095,3,918.985,0,1,80.261
1009,3,843.095,3,969.222,1,3,80.2449
1010,3,843.095,3,952.283,3,2,80.2289
1011,3,843.095,3,935.023,4,3,80.2128
1012,3,843.095,3,920.817,4,0,80.1968
1013,3,843.095,3,920.079,4,1,80.1808
1014,3,843.095,3,920.079,4,3,80.1647
1015,3,843.095,3,907.78,4,2,80.1487
1016,3,843.095,3,907.78,1,3,80.1327
1017,3,843.095,3,905.102,4,0,80.1166
1018,3,843.095,3,902.918,3,1,80.1006
1019,3,843.095,3,896.601,0,1,80.0846
1020,3,843.095,3,896.601,3,0,80.0686
1021,3,843.095,3,896.601,4,2,80.0526
1022,3,843.095,3,896.004,4,1,80.0365
1023,3,843.095,3,896.004,0,1,80.0205
1024,3,843.095,3,896.004,1,1,80.0045
1025,3,843.095,3,896.004,4,2,79.9885
1026,3,843.095,3,896.004,1,3,79.9725
1027,3,843.095,3,896.004,0,1,79.9565
1028,3,843.095,3,903.731,3,2,79.9405
1029,3,843.095,3,905.455,0,3,79.9246
1030,3,843.095,3,896.004,2,2,79.9086
1031,3,843.095,3,894.703,2,1,79.8926
1032,3,843.095,3,894.907,2,1,79.8766
1033,3,843.095,3,894.667,3,2,79.8606
1034,3,843.095,3,897.361,3,0,79.8447
1035,3,843.095,3,897.361,4,3,79.8287
1036,3,843.095,3,900.226,3,2,79.8127
1037,3,843.095,3,900.226,1,3,79.7968
1038,3,843.095,3,887.801,2,2,79.7808
1039,3,843.095,3,882.904,2,3,79.7649
1040,3,843.095,3,947.922,1,0,79.7489
1041,3,843.095,3,948.142,4,3,79.733
1042,3,843.095,3,948.142,4,1,79.717
1043,3,843.095,3,948.142,1,2,79.7011
1044,3,843.095,3,942.415,4,1,79.6851
1045,3,843.095,3,942.415,1,1,79.6692
1046,3,843.095,3,942.415,4,2,79.6533
1047,3,843.095,3,946.07,3,3,79.6373
1048,3,843.095,3,945.886,4,2,79.6214
1049,3,843.095,3,945.886,1,2,79.6055
1050,3,843.095,3,945.78,0,1,79.5895
1051,3,843.095,3,937.412,0,2,79.5736
1052,3,843.095,3,937.412,4,3,79.5577
1053,3,843.095,3,936.72,0,1,79.5418
1054,3,843.095,3,936.72,0,2,79.5259
1055,3,843.095,3,928.55,0,2,79.51
1056,3,843.095,3,928.55,1,1,79.4941
1057,3,843.095,3,923.563,4,0,79.4782
1058,3,843.095,3,946.076,1,3,79.4623
1059,3,843.095,3,932.726,2,0,79.4464
1060,3,843.095,3,932.726,1,0,79.4305
1061,3,843.095,3,938.83,3,2,79.4146
1062,3,843.095,3,920.996,2,2,79.3987
1063,3,843.095,3,919.547,2,1,79.3829
1064,3,843.095,3,918.951,0,0,79.367
1065,3,843.095,3,918.951,0,3,79.3511
1066,3,843.095,3,918.754,4,1,79.3352
1067,3,843.095,3,916.278,0,0,79.3194
1068,3,843.095,3,906.677,3,1,79.3035
1069,3,843.095,3,907.487,3,1,79.2877
1070,3,843.095,3,907.487,4,1,79.2718
1071,3,843.095,3,904.01,3,0,79.2559
1072,3,843.095,3,908.44,3,3,79.2401
1073,3,843.095,3,901.034,3,0,79.2242
1074,3,843.095,3,900.965,3,0,79.2084
1075,3,843.095,3,892.588,2,2,79.1926
1076,3,843.095,3,892.588,3,2,79.1767
1077,3,843.095,3,896.521,2,3,79.1609
1078,3,843.095,3,896.453,3,1,79.145
1079,3,843.095,3,896.453,4,1,79.1292
1080,3,843.095,3,896.453,1,1,79.1134
1081,3,843.095,3,896.453,1,1,79.0976
1082,3,843.095,3,892.588,2,2,79.0818
1083,3,843.095,3,895.091,4,3,79.0659
1084,3,843.095,3,894.871,3,2,79.0501
1085,3,843.095,3,897.941,2,3,79.0343
1086,3,843.095,3,897.941,1,1,79.0185
1087,3,843.095,3,897.941,3,0,79.0027
1088,3,843.095,3,897.941,2,2,78.9869
1089,3,843.095,3,897.941,0,1,78.9711
1090,3,843.095,3,897.941,4,1,78.9553
1091,3,843.095,3,897.941,0,2,78.9395
1092,3,843.095,3,902.371,4,3,78.9237
1093,3,843.095,3,896.314,0,2,78.9079
1094,3,843.095,3,896.314,3,2,78.8922
1095,3,843.095,3,898.302,2,3,78.8764
1096,3,843.095,3,898.752,3,3,78.8606
1097,3,843.095,3,898.94,3,0,78.8448
1098,3,843.095,3,897.755,0,2,78.8291
1099,3,843.095,3,894.474,3,3,78.8133
1100,3,843.095,3,894.106,4,1,78.7975
1101,3,843.095,3,885.555,2,0,78.7818
1102,3,843.095,3,886.371,0,3,78.766
1103,3,843.095,3,885.555,0,2,78.7503
1104,3,843.095,3,885.555,4,2,78.7345
1105,3,843.095,3,877.676,2,3,78.7188
1106,3,843.095,3,877.676,3,1,78.703
1107,3,843.095,3,877.676,0,3,78.6873
1108,3,843.095,3,885.686,2,3,78.6716
1109,3,843.095,3,885.686,1,2,78.6558
1110,3,843.095,3,885.686,1,0,78.6401
1111,3,843.095,3,886.683,3,2,78.6244
1112,3,843.095,3,887.722,0,0,78.6086
1113,3,843.095,3,961.841,1,3,78.5929
1114,3,843.095,3,958.064,4,3,78.5772
1115,3,843.095,3,955.258,0,2,78.5615
1116,3,843.095,3,955.368,4,0,78.5458
1117,3,843.095,3,931.011,2,0,78.5301
1118,3,843.095,3,931.011,1,1,78.5144
1119,3,843.095,3,922.385,4,2,78.4986
1120,3,843.095,3,1162.27,1,1,78.4829
1121,3,843.095,3,1200.65,3,0,78.4673
1122,3,843.095,3,1113.59,4,1,78.4516
1123,3,843.095,3,1113.59,1,3,78.4359
1124,3,843.095,3,1113.59,4,3,78.4202
1125,3,843.095,3,1113.59,3,0,78.4045
1126,3,843.095,3,1078.54,2,1,78.3888
1127,3,843.095,3,1078.54,1,3,78.3731
1128,3,843.095,3,1078.54,2,3,78.3575
1129,3,843.095,3,1078.54,3,0,78.3418
1130,3,843.095,3,1069.94,3,3,78.3261
1131,3,843.095,3,1014.64,2,3,78.3105
1132,3,843.095,3,1014.64,1,1,78.2948
1133,3,843.095,3,1014.64,1,2,78.2791
1134,3,843.095,3,965.558,2,1,78.2635
1135,3,843.095,3,940.778,2,2,78.2478
1136,3,843.095,3,940.778,0,2,78.2322
1137,3,843.095,3,954.182,3,1,78.2165
1138,3,843.095,3,954.182,1,2,78.2009
1139,3,843.095,3,954.182,1,2,78.1852
1140,3,843.095,3,915.02,3,3,78.1696
1141,3,843.095,3,915.02,0,1,78.154
1142,3,843.095,3,923.052,0,0,78.1383
1143,3,843.095,3,919.254,2,1,78.1227
1144,3,843.095,3,918.276,4,1,78.1071
1145,3,843.095,3,918.276,1,0,78.0915
1146,3,843.095,3,909.241,2,2,78.0759
1147,3,843.095,3,902.948,3,2,78.0602
1148,3,843.095,3,900.95,4,0,78.0446
1149,3,843.095,3,900.95,1,1,78.029
1150,3,843.095,3,918.863,2,3,78.0134
1151,3,843.095,3,916.24,4,1,77.9978
1152,3,843.095,3,916.24,1,2,77.9822
1153,3,843.095,3,916.24,2,1,77.9666
1154,3,843.095,3,916.24,0,1,77.951
1155,3,843.095,3,916.24,4,1,77.9354
1156,3,843.095,3,915.998,4,1,77.9198
1157,3,843.095,3,915.998,1,0,77.9043
1158,3,843.095,3,916.473,3,1,77.8887
1159,3,843.095,3,916.473,1,2,77.8731
1160,3,843.095,3,916.473,0,1,77.8575
1161,3,843.095,3,916.521,3,2,77.842
1162,3,843.095,3,922.511,0,3,77.8264
1163,3,843.095,3,922.511,1,3,77.8108
1164,3,843.095,3,922.511,0,2,77.7953
1165,3,843.095,3,922.511,1,0,77.7797
1166,3,843.095,3,911.623,2,3,77.7641
1167,3,843.095,3,899.758,2,2,77.7486
1168,3,843.095,3,899.758,2,3,77.733
1169,3,843.095,3,899.758,1,0,77.7175
1170,3,843.095,3,899.758,1,0,77.702
1171,3,843.095,3,999.553,1,2,77.6864
1172,3,843.095,3,999.064,3,2,77.6709
1173,3,843.095,3,961.319,2,2,77.6553
1174,3,843.095,3,961.319,1,1,77.6398
1175,3,843.095,3,961.319,0,2,77.6243
1176,3,843.095,3,961.319,0,0,77.6088
1177,3,843.095,3,942.401,2,2,77.5932
1178,3,843.095,3,941.912,0,0,77.5777
1179,3,843.095,3,941.912,1,2,77.5622
1180,3,843.095,3,941.645,4,1,77.5467
1181,3,843.095,3,941.645,3,0,77.5312
1182,3,843.095,3,940.64,4,0,77.5157
1183,3,843.095,3,937.821,3,3,77.5002
1184,3,843.095,3,913.024,0,3,77.4847
1185,3,843.095,3,913.024,0,3,77.4692
1186,3,843.095,3,910.254,2,3,77.4537
1187,3,843.095,3,910.162,0,3,77.4382
1188,3,843.095,3,910.162,2,2,77.4227
1189,3,843.095,3,909.339,2,1,77.4072
1190,3,843.095,3,909.339,0,0,77.3917
1191,3,843.095,3,911.278,2,0,77.3763
1192,3,843.095,3,919.062,0,0,77.3608
1193,3,843.095,3,902.148,3,1,77.3453
1194,3,843.095,3,902.148,2,3,77.3298
1195,3,843.095,3,904.39,4,3,77.3144
1196,3,843.095,3,904.39,2,0,77.2989
1197,3,843.095,3,900.728,3,1,77.2835
1198,3,843.095,3,900.728,1,0,77.268
1199,3,843.095,3,900.728,0,1,77.2525
1200,3,843.095,3,900.728,1,0,77.2371
1201,3,843.095,3,900.728,0,3,77.2216
1202,3,843.095,3,900.728,1,2,77.2062
1203,3,843.095,3,899.983,0,1,77.1908
1204,3,843.095,3,899.983,1,1,77.1753
1205,3,843.095,3,899.983,2,1,77.1599
1206,3,843.095,3,918.096,3,3,77.1445
1207,3,843.095,3,1006.83,1,1,77.129
1208,3,843.095,3,1007.09,0,3,77.1136
1209,3,843.095,3,1013.55,4,3,77.0982
1210,3,843.095,3,996.118,0,0,77.0828
1211,3,843.095,3,979.673,2,1,77.0673
1212,3,843.095,3,966.972,4,1,77.0519
1213,3,843.095,3,964.368,2,1,77.0365
1214,3,843.095,3,971.385,0,0,77.0211
1215,3,843.095,3,970.641,3,2,77.0057
1216,3,843.095,3,970.641,1,3,76.9903
1217,3,843.095,3,960.007,4,2,76.9749
1218,3,843.095,3,944.82,3,1,76.9595
1219,3,843.095,3,944.82,1,3,76.9441
1220,3,843.095,3,943.799,0,2,76.9287
1221,3,843.095,3,944.933,4,2,76.9133
1222,3,843.095,3,944.617,4,1,76.898
1223,3,843.095,3,944.617,1,2,76.8826
1224,3,843.095,3,945.667,4,3,76.8672
1225,3,843.095,3,945.667,4,3,76.8518
1226,3,843.095,3,945.667,1,0,76.8365
1227,3,843.095,3,945.075,3,1,76.8211
1228,3,843.095,3,939.342,4,1,76.8057
1229,3,843.095,3,939.342,3,2,76.7904
1230,3,843.095,3,939.342,3,3,76.775
1231,3,843.095,3,930.659,0,1,76.7597
1232,3,843.095,3,930.659,3,3,76.7443
1233,3,843.095,3,942.045,4,3,76.729
1234,3,843.095,3,959.478,2,0,76.7136
1235,3,843.095,3,954.812,0,0,76.6983
1236,3,843.095,3,952.004,3,2,76.6829
1237,3,843.095,3,952.173,3,3,76.6676
1238,3,843.095,3,947.963,4,2,76.6523
1239,3,843.095,3,932.976,4,0,76.6369
1240,3,843.095,3,932.014,4,3,76.6216
1241,3,843.095,3,918.446,2,1,76.6063
1242,3,843.095,3,918.446,3,3,76.591
1243,3,843.095,3,918.232,0,0,76.5756
1244,3,843.095,3,914.296,4,2,76.5603
1245,3,843.095,3,914.296,2,3,76.545
1246,3,843.095,3,914.27,0,0,76.5297
1247,3,843.095,3,914.27,3,2,76.5144
1248,3,843.095,3,909.363,2,1,76.4991
1249,3,843.095,3,909.363,1,2,76.4838
1250,3,843.095,3,909.363,4,2,76.4685
1251,3,843.095,3,909.363,3,2,76.4532
1252,3,843.095,3,910.325,3,2,76.4379
1253,3,843.095,3,910.325,1,0,76.4226
1254,3,843.095,3,922.268,2,3,76.4073
1255,3,843.095,3,926.192,2,0,76.3921
1256,3,843.095,3,926.192,2,3,76.3768
1257,3,843.095,3,926.192,1,2,76.3615
1258,3,843.095,3,922.726,2,0,76.3462
1259,3,843.095,3,920.253,2,0,76.331
1260,3,843.095,3,920.253,0,1,76.3157
1261,3,843.095,3,920.253,4,0,76.3004
1262,3,843.095,3,909.691,3,2,76.2852
1263,3,843.095,3,909.691,1,1,76.2699
1264,3,843.095,3,909.691,0,1,76.2547
1265,3,843.095,3,906.448,4,2,76.2394
1266,3,843.095,3,906.448,2,0,76.2242
1267,3,843.095,3,906.448,4,3,76.2089
1268,3,843.095,3,899.745,4,3,76.1937
1269,3,843.095,3,898.784,2,0,76.1784
1270,3,843.095,3,996.936,1,3,76.1632
1271,3,843.095,3,958.655,2,1,76.148
1272,3,843.095,3,946.213,2,1,76.1327
1273,3,843.095,3,945.327,0,2,76.1175
1274,3,843.095,3,940.725,3,3,76.1023
1275,3,843.095,3,940.725,4,3,76.0871
1276,3,843.095,3,933.345,2,3,76.0718
1277,3,843.095,3,933.327,2,3,76.0566
1278,3,843.095,3,933.327,0,2,76.0414
1279,3,843.095,3,925.668,4,1,76.0262
1280,3,843.095,3,923.698,4,1,76.011
1281,3,843.095,3,907.908,2,3,75.9958
1282,3,843.095,3,934.491,3,0,75.9806
1283,3,843.095,3,934.491,1,3,75.9654
1284,3,843.095,3,934.491,1,3,75.9502
1285,3,843.095,3,934.491,3,1,75.935
1286,3,843.095,3,917.043,2,3,75.9198
1287,3,843.095,3,909.597,2,2,75.9047
1288,3,843.095,3,909.597,1,2,75.8895
1289,3,843.095,3,909.597,1,0,75.8743
1290,3,843.095,3,909.597,0,3,75.8591
1291,3,843.095,3,900.714,4,2,75.844
1292,3,843.095,3,900.545,3,0,75.8288
1293,3,843.095,3,900.545,1,3,75.8136
1294,3,843.095,3,900.545,0,3,75.7985
1295,3,843.095,3,902.563,3,0,75.7833
1296,3,843.095,3,902.563,1,1,75.7681
1297,3,843.095,3,902.563,4,3,75.753
1298,3,843.095,3,902.563,1,0,75.7378
1299,3,843.095,3,902.563,0,3,75.7227
1300,3,843.095,3,902.563,3,2,75.7075
1301,3,843.095,3,904.351,4,3,75.6924
1302,3,843.095,3,903.904,0,2,75.6773
1303,3,843.095,3,903.904,1,1,75.6621
1304,3,843.095,3,903.904,1,1,75.647
1305,3,843.095,3,901.802,3,0,75.6319
1306,3,843.095,3,901.802,2,1,75.6167
1307,3,843.095,3,901.802,3,2,75.6016
1308,3,843.095,3,1009.45,1,3,75.5865
1309,3,843.095,3,1002.3,4,0,75.5714
1310,3,843.095,3,992.907,0,1,75.5563
1311,3,843.095,3,945.158,4,3,75.5412
1312,3,843.095,3,945.158,0,3,75.526
1313,3,843.095,3,929.273,2,1,75.5109
1314,3,843.095,3,926.126,0,2,75.4958
1315,3,843.095,3,953.945,3,2,75.4807
1316,3,843.095,3,948.045,4,0,75.4656
1317,3,843.095,3,936.991,4,3,75.4505
1318,3,843.095,3,929.554,3,2,75.4355
1319,3,843.095,3,926.814,0,2,75.4204
1320,3,843.095,3,926.814,1,0,75.4053
1321,3,843.095,3,919.267,4,3,75.3902
1322,3,843.095,3,919.267,3,1,75.3751
1323,3,843.095,3,917.394,4,1,75.3601
1324,3,843.095,3,904.15,2,0,75.345
1325,3,843.095,3,899.812,0,2,75.3299
1326,3,843.095,3,897.904,3,0,75.3148
1327,3,843.095,3,897.904,1,1,75.2998
1328,3,843.095,3,897.588,4,1,75.2847
1329,3,843.095,3,897.588,2,1,75.2697
1330,3,843.095,3,891.342,0,0,75.2546
1331,3,843.095,3,891.688,3,1,75.2396
1332,3,843.095,3,891.688,4,0,75.2245
1333,3,843.095,3,891.688,3,1,75.2095
1334,3,843.095,3,886.169,0,3,75.1944
1335,3,843.095,3,890.144,3,1,75.1794
1336,3,843.095,3,890.144,2,3,75.1644
1337,3,843.095,3,901.727,4,2,75.1493
1338,3,843.095,3,901.727,4,1,75.1343
1339,3,843.095,3,899.898,0,1,75.1193
1340,3,843.095,3,902.133,3,0,75.1042
1341,3,843.095,3,902.133,1,0,75.0892
1342,3,843.095,3,902.133,2,0,75.0742
1343,3,843.095,3,902.133,1,3,75.0592
1344,3,843.095,3,909.91,2,0,75.0442
1345,3,843.095,3,902.39,4,0,75.0292
1346,3,843.095,3,902.39,1,2,75.0142
1347,3,843.095,3,912.988,2,3,74.9992
1348,3,843.095,3,913.947,2,1,74.9842
1349,3,843.095,3,1009.34,1,2,74.9692
1350,3,843.095,3,1016.83,4,0,74.9542
1351,3,843.095,3,993.373,0,3,74.9392
1352,3,843.095,3,975.261,0,3,74.9242
1353,3,843.095,3,1013.75,4,2,74.9092
1354,3,843.095,3,985.225,3,1,74.8942
1355,3,843.095,3,916.739,2,2,74.8792
1356,3,843.095,3,914.551,2,1,74.8643
1357,3,843.095,3,940.017,3,3,74.8493
1358,3,843.095,3,993.244,3,1,74.8343
1359,3,843.095,3,908.277,2,3,74.8194
1360,3,843.095,3,908.277,1,3,74.8044
1361,3,843.095,3,902.973,0,3,74.7894
1362,3,843.095,3,902.973,2,0,74.7745
1363,3,843.095,3,902.973,2,2,74.7595
1364,3,843.095,3,903.064,4,3,74.7446
1365,3,843.095,3,902.298,3,2,74.7296
1366,3,843.095,3,902.298,1,2,74.7147
1367,3,843.095,3,900.586,0,1,74.6997
1368,3,843.095,3,900.586,1,0,74.6848
1369,3,843.095,3,901.547,0,3,74.6699
1370,3,843.095,3,901.23,0,2,74.6549
1371,3,843.095,3,900.269,2,1,74.64
1372,3,843.095,3,900.269,1,2,74.6251
1373,3,843.095,3,900.269,0,2,74.6101
1374,3,843.095,3,904.53,3,2,74.5952
1375,3,843.095,3,904.53,1,1,74.5803
1376,3,843.095,3,904.53,3,2,74.5654
1377,3,843.095,3,920.705,4,3,74.5505
1378,3,843.095,3,920.705,4,0,74.5356
1379,3,843.095,3,900.242,2,2,74.5206
1380,3,843.095,3,900.242,1,1,74.5057
1381,3,843.095,3,1004.14,1,1,74.4908
1382,3,843.095,3,1004.14,2,0,74.4759
1383,3,843.095,3,957.255,2,2,74.461
1384,3,843.095,3,935.244,2,3,74.4462
1385,3,843.095,3,935.244,0,3,74.4313
1386,3,843.095,3,930.816,0,0,74.4164
1387,3,843.095,3,904.17,2,1,74.4015
1388,3,843.095,3,904.17,0,0,74.3866
1389,3,843.095,3,901.699,0,2,74.3717
1390,3,843.095,3,904.016,2,0,74.3569
1391,3,843.095,3,896.555,2,1,74.342
1392,3,843.095,3,896.555,3,0,74.3271
1393,3,843.095,3,896.239,3,0,74.3123
1394,3,843.095,3,891.448,0,2,74.2974
1395,3,843.095,3,903.049,2,0,74.2825
1396,3,843.095,3,903.049,0,1,74.2677
1397,3,843.095,3,901.898,3,3,74.2528
1398,3,843.095,3,898.03,0,1,74.238
1399,3,843.095,3,898.03,1,2,74.2231
1400,3,843.095,3,898.429,4,3,74.2083
1401,3,843.095,3,898.429,1,0,74.1934
1402,3,843.095,3,899.735,3,0,74.1786
1403,3,843.095,3,897.737,4,0,74.1638
1404,3,843.095,3,897.737,4,2,74.1489
1405,3,843.095,3,897.737,0,2,74.1341
1406,3,843.095,3,897.723,3,1,74.1193
1407,3,843.095,3,897.026,2,2,74.1045
1408,3,843.095,3,899.404,4,2,74.0896
1409,3,843.095,3,899.404,3,0,74.0748
1410,3,843.095,3,901.351,4,3,74.06
1411,3,843.095,3,914.897,2,0,74.0452
1412,3,843.095,3,914.897,4,2,74.0304
1413,3,843.095,3,914.897,4,2,74.0156
1414,3,843.095,3,914.897,1,1,74.0008
1415,3,843.095,3,897.628,2,1,73.986
1416,3,843.095,3,894.454,4,1,73.9712
1417,3,843.095,3,894.454,4,0,73.9564
1418,3,843.095,3,915.1,2,0,73.9416
1419,3,843.095,3,915.1,0,0,73.9268
1420,3,843.095,3,908.21,3,1,73.912
1421,3,843.095,3,907.919,0,2,73.8972
1422,3,843.095,3,907.919,3,2,73.8825
1423,3,843.095,3,896.516,2,1,73.8677
1424,3,843.095,3,893.665,4,1,73.8529
1425,3,843.095,3,902.403,0,3,73.8381
1426,3,843.095,3,902.403,3,1,73.8234
1427,3,843.095,3,902.403,0,3,73.8086
1428,3,843.095,3,902.403,4,3,73.7938
1429,3,843.095,3,902.403,4,1,73.7791
1430,3,843.095,3,899.912,0,0,73.7643
1431,3,843.095,3,899.912,0,0,73.7496
1432,3,843.095,3,897.387,2,1,73.7348
1433,3,843.095,3,890.177,0,3,73.7201
1434,3,843.095,3,890.177,3,2,73.7053
1435,3,843.095,3,890.177,2,0,73.6906
1436,3,843.095,3,890.177,1,0,73.6758
1437,3,843.095,3,890.652,2,3,73.6611
1438,3,843.095,3,888.179,2,1,73.6464
1439,3,843.095,3,888.179,1,1,73.6317
1440,3,843.095,3,885.005,4,1,73.6169
1441,3,843.095,3,885.005,2,2,73.6022
1442,3,843.095,3,885.005,0,1,73.5875
1443,3,843.095,3,885.005,3,3,73.5728
1444,3,843.095,3,884.355,4,2,73.5581
1445,3,843.095,3,884.355,0,1,73.5433
1446,3,843.095,3,908.408,4,3,73.5286
1447,3,843.095,3,908.408,0,2,73.5139
1448,3,843.095,3,893.271,2,0,73.4992
1449,3,843.095,3,893.271,1,3,73.4845
1450,3,843.095,3,896.726,3,2,73.4698
1451,3,843.095,3,896.726,3,1,73.4551
1452,3,843.095,3,896.726,2,0,73.4404
1453,3,843.095,3,896.726,4,0,73.4258
1454,3,843.095,3,908.671,4,2,73.4111
1455,3,843.095,3,908.671,1,2,73.3964
1456,3,843.095,3,910.579,3,3,73.3817
1457,3,843.095,3,910.579,1,2,73.367
1458,3,843.095,3,936.995,4,3,73.3524
1459,3,843.095,3,936.995,1,2,73.3377
1460,3,843.095,3,940.598,3,0,73.323
1461,3,843.095,3,937.026,0,1,73.3084
1462,3,843.095,3,937.026,4,2,73.2937
1463,3,843.095,3,927.55,3,0,73.279
1464,3,843.095,3,927.55,2,2,73.2644
1465,3,843.095,3,927.55,1,1,73.2497
1466,3,843.095,3,927.55,1,1,73.2351
1467,3,843.095,3,927.55,1,2,73.2204
1468,3,843.095,3,934.141,0,0,73.2058
1469,3,843.095,3,934.227,2,1,73.1911
1470,3,843.095,3,917.214,4,1,73.1765
1471,3,843.095,3,917.214,3,1,73.1619
1472,3,843.095,3,917.214,1,1,73.1472
1473,3,843.095,3,916.448,3,2,73.1326
1474,3,843.095,3,901.005,2,0,73.118
1475,3,843.095,3,901.005,3,2,73.1034
1476,3,843.095,3,901.322,3,2,73.0887
1477,3,843.095,3,901.322,4,0,73.0741
1478,3,843.095,3,901.322,4,0,73.0595
1479,3,843.095,3,899.413,4,0,73.0449
1480,3,843.095,3,900.158,4,3,73.0303
1481,3,843.095,3,899.759,2,2,73.0157
1482,3,843.095,3,899.759,1,2,73.0011
1483,3,843.095,3,899.759,4,0,72.9865
1484,3,843.095,3,899.759,1,0,72.9719
1485,3,843.095,3,899.759,2,3,72.9573
1486,3,843.095,3,899.413,3,0,72.9427
1487,3,843.095,3,899.413,1,2,72.9281
1488,3,843.095,3,899.413,3,0,72.9135
1489,3,843.095,3,899.499,0,3,72.8989
1490,3,843.095,3,899.499,3,1,72.8844
1491,3,843.095,3,899.321,4,1,72.8698
1492,3,843.095,3,899.321,1,1,72.8552
1493,3,843.095,3,899.321,2,0,72.8406
1494,3,843.095,3,899.321,2,2,72.8261
1495,3,843.095,3,908.251,3,2,72.8115
1496,3,843.095,3,908.251,1,0,72.7969
1497,3,843.095,3,909.034,4,3,72.7824
1498,3,843.095,3,909.034,4,0,72.7678
1499,3,843.095,3,909.034,2,2,72.7533
1500,3,843.095,3,899.661,4,1,72.7387
1501,3,843.095,3,930.296,0,0,72.7242
1502,3,843.095,3,930.296,1,2,72.7096
1503,3,843.095,3,930.296,1,3,72.6951
1504,3,843.095,3,930.296,1,3,72.6805
1505,3,843.095,3,913.889,3,1,72.666
1506,3,843.095,3,913.889,1,2,72.6515
1507,3,843.095,3,913.889,2,2,72.6369
1508,3,843.095,3,913.889,3,3,72.6224
1509,3,843.095,3,910.12,3,1,72.6079
1510,3,843.095,3,910.12,1,0,72.5934
1511,3,843.095,3,910.12,1,3,72.5789
1512,3,843.095,3,910.12,1,1,72.5643
1513,3,843.095,3,1053.86,1,2,72.5498
1514,3,843.095,3,1053.86,1,1,72.5353
1515,3,843.095,3,1052.88,4,2,72.5208
1516,3,843.095,3,1022.66,4,2,72.5063
1517,3,843.095,3,1016.78,0,0,72.4918
1518,3,843.095,3,980.164,2,1,72.4773
1519,3,843.095,3,941.764,2,2,72.4628
1520,3,843.095,3,936.661,4,1,72.4483
1521,3,843.095,3,936.661,4,3,72.4338
1522,3,843.095,3,941.45,4,3,72.4193
1523,3,843.095,3,941.45,1,0,72.4049
1524,3,843.095,3,932.986,2,2,72.3904
1525,3,843.095,3,932.986,1,2,72.3759
1526,3,843.095,3,932.826,2,1,72.3614
1527,3,843.095,3,932.826,4,0,72.3469
1528,3,843.095,3,934.158,3,0,72.3325
1529,3,843.095,3,928.521,2,1,72.318
1530,3,843.095,3,928.521,0,0,72.3035
1531,3,843.095,3,928.521,0,0,72.2891
1532,3,843.095,3,947.1,3,2,72.2746
1533,3,843.095,3,940.917,0,1,72.2602
1534,3,843.095,3,938.602,4,2,72.2457
1535,3,843.095,3,940.896,3,0,72.2313
1536,3,843.095,3,940.896,1,1,72.2168
1537,3,843.095,3,940.896,1,0,72.2024
1538,3,843.095,3,940.896,3,0,72.1879
1539,3,843.095,3,929.933,0,1,72.1735
1540,3,843.095,3,929.933,1,0,72.1591
1541,3,843.095,3,929.933,0,0,72.1446
1542,3,843.095,3,929.933,1,2,72.1302
1543,3,843.095,3,929.933,0,2,72.1158
1544,3,843.095,3,928.569,4,3,72.1014
1545,3,843.095,3,926.738,3,1,72.0869
1546,3,843.095,3,939.683,2,0,72.0725
1547,3,843.095,3,939.683,0,0,72.0581
1548,3,843.095,3,938.787,3,2,72.0437
1549,3,843.095,3,929.644,3,2,72.0293
1550,3,843.095,3,929.644,4,0,72.0149
1551,3,843.095,3,938.382,0,0,72.0005
1552,3,843.095,3,929.971,2,0,71.9861
1553,3,843.095,3,928.149,0,2,71.9717
1554,3,843.095,3,928.149,3,0,71.9573
1555,3,843.095,3,928.005,2,3,71.9429
1556,3,843.095,3,927.842,2,2,71.9285
1557,3,843.095,3,927.842,0,3,71.9141
1558,3,843.095,3,925.369,3,1,71.8997
1559,3,843.095,3,925.369,3,1,71.8854
1560,3,843.095,3,934.426,3,3,71.871
1561,3,843.095,3,925.456,3,0,71.8566
1562,3,843.095,3,912.648,0,2,71.8422
1563,3,843.095,3,907.58,3,3,71.8279
1564,3,843.095,3,905.675,2,1,71.8135
1565,3,843.095,3,905.675,4,3,71.7991
1566,3,843.095,3,904.759,3,0,71.7848
1567,3,843.095,3,897.258,0,1,71.7704
1568,3,843.095,3,893.841,0,1,71.7561
1569,3,843.095,3,901.828,2,3,71.7417
1570,3,843.095,3,904.144,3,1,71.7274
1571,3,843.095,3,914.678,4,1,71.713
1572,3,843.095,3,942.417,0,0,71.6987
1573,3,843.095,3,934.328,0,0,71.6843
1574,3,843.095,3,934.822,4,3,71.67
1575,3,843.095,3,935.338,2,3,71.6557
1576,3,843.095,3,935.605,2,3,71.6413
1577,3,843.095,3,935.49,3,1,71.627
1578,3,843.095,3,934.198,3,1,71.6127
1579,3,843.095,3,921.304,2,1,71.5984
1580,3,843.095,3,921.304,0,0,71.584
1581,3,843.095,3,937.451,0,3,71.5697
1582,3,843.095,3,937.451,1,3,71.5554
1583,3,843.095,3,928.337,3,2,71.5411
1584,3,843.095,3,918.818,2,2,71.5268
1585,3,843.095,3,918.818,1,0,71.5125
1586,3,843.095,3,917.419,3,3,71.4982
1587,3,843.095,3,917.419,3,2,71.4839
1588,3,843.095,3,917.764,3,0,71.4696
1589,3,843.095,3,917.764,3,0,71.4553
1590,3,843.095,3,920.4,4,1,71.441
1591,3,843.095,3,920.4,1,0,71.4267
1592,3,843.095,3,918.793,4,3,71.4124
1593,3,843.095,3,929.492,4,2,71.3981
1594,3,843.095,3,930.638,4,0,71.3839
1595,3,843.095,3,930.638,1,3,71.3696
1596,3,843.095,3,932.518,2,1,71.3553
1597,3,843.095,3,932.518,4,2,71.341
1598,3,843.095,3,934.855,4,0,71.3268
1599,3,843.095,3,925.323,0,1,71.3125
1600,3,843.095,3,914.63,2,2,71.2982
1601,3,843.095,3,1035.16,1,0,71.284
1602,3,843.095,3,1035.16,1,1,71.2697
1603,3,843.095,3,1010.18,4,0,71.2555
1604,3,843.095,3,1002.72,0,2,71.2412
1605,3,843.095,3,1002.72,1,1,71.227
1606,3,843.095,3,1002.72,0,3,71.2127
1607,3,843.095,3,991.858,0,0,71.1985
1608,3,843.095,3,989.701,3,1,71.1843
1609,3,843.095,3,987.911,3,1,71.17
1610,3,843.095,3,987.911,1,1,71.1558
1611,3,843.095,3,966.654,2,1,71.1416
1612,3,843.095,3,966.542,4,1,71.1273
1613,3,843.095,3,966.542,4,0,71.1131
1614,3,843.095,3,963.983,4,1,71.0989
1615,3,843.095,3,955.428,3,2,71.0847
1616,3,843.095,3,955.999,0,3,71.0704
1617,3,843.095,3,955.682,2,1,71.0562
1618,3,843.095,3,971.315,3,0,71.042
1619,3,843.095,3,958.787,3,0,71.0278
1620,3,843.095,3,958.787,3,0,71.0136
1621,3,843.095,3,966.964,3,0,70.9994
1622,3,843.095,3,964.468,4,1,70.9852
1623,3,843.095,3,961.451,3,2,70.971
1624,3,843.095,3,961.451,1,2,70.9568
1625,3,843.095,3,959.252,4,3,70.9426
1626,3,843.095,3,957.357,3,2,70.9284
1627,3,843.095,3,948.571,0,1,70.9142
1628,3,843.095,3,948.571,1,3,70.9001
1629,3,843.095,3,948.571,1,2,70.8859
1630,3,843.095,3,916.333,2,3,70.8717
1631,3,843.095,3,916.333,3,0,70.8575
1632,3,843.095,3,912.719,0,0,70.8434
1633,3,843.095,3,912.719,3,0,70.8292
1634,3,843.095,3,912.719,1,3,70.815
1635,3,843.095,3,912.719,4,1,70.8009
1636,3,843.095,3,912.719,0,1,70.7867
1637,3,843.095,3,912.719,4,0,70.7725
1638,3,843.095,3,913.68,3,3,70.7584
1639,3,843.095,3,913.68,4,2,70.7442
1640,3,843.095,3,913.68,1,3,70.7301
1641,3,843.095,3,913.68,1,0,70.7159
1642,3,843.095,3,913.68,3,2,70.7018
1643,3,843.095,3,909.759,0,3,70.6877
1644,3,843.095,3,909.759,0,2,70.6735
1645,3,843.095,3,908.798,0,1,70.6594
1646,3,843.095,3,908.798,4,0,70.6452
1647,3,843.095,3,908.798,3,0,70.6311
1648,3,843.095,3,908.252,0,1,70.617
1649,3,843.095,3,908.252,0,1,70.6029
1650,3,843.095,3,908.252,0,0,70.5887
1651,3,843.095,3,910.043,4,2,70.5746
1652,3,843.095,3,910.043,4,0,70.5605
1653,3,843.095,3,910.043,2,2,70.5464
1654,3,843.095,3,910.043,3,3,70.5323
1655,3,843.095,3,914.58,4,2,70.5182
1656,3,843.095,3,914.58,2,0,70.5041
1657,3,843.095,3,914.58,3,2,70.49
1658,3,843.095,3,914.58,4,1,70.4759
1659,3,843.095,3,914.58,3,1,70.4618
1660,3,843.095,3,914.86,3,2,70.4477
1661,3,843.095,3,916.858,2,1,70.4336
1662,3,843.095,3,916.858,1,2,70.4195
1663,3,843.095,3,914.86,0,0,70.4054
1664,3,843.095,3,998.021,1,3,70.3914
1665,3,843.095,3,980.736,4,2,70.3773
1666,3,843.095,3,980.736,2,2,70.3632
1667,3,843.095,3,968.16,3,3,70.3491
1668,3,843.095,3,968.16,1,0,70.3351
1669,3,843.095,3,898.91,2,2,70.321
1670,3,843.095,3,879.796,3,2,70.3069
1671,3,843.095,3,872.418,4,1,70.2929
1672,3,843.095,3,872.418,4,1,70.2788
1673,3,843.095,3,872.418,2,2,70.2648
1674,3,843.095,3,872.418,2,2,70.2507
1675,3,843.095,3,872.418,4,0,70.2367
1676,3,843.095,3,871.631,4,1,70.2226
1677,3,843.095,3,885.255,2,2,70.2086
1678,3,843.095,3,888.409,4,0,70.1945
1679,3,843.095,3,888.409,4,0,70.1805
1680,3,843.095,3,887.835,0,1,70.1664
1681,3,843.095,3,887.835,1,2,70.1524
1682,3,843.095,3,888.657,0,2,70.1384
1683,3,843.095,3,888.657,4,1,70.1244
1684,3,843.095,3,888.657,1,3,70.1103
1685,3,843.095,3,888.657,3,3,70.0963
1686,3,843.095,3,887.927,0,2,70.0823
1687,3,843.095,3,887.835,0,0,70.0683
1688,3,843.095,3,887.835,1,1,70.0543
1689,3,843.095,3,887.835,3,2,70.0402
1690,3,843.095,3,887.835,0,2,70.0262
1691,3,843.095,3,887.835,1,3,70.0122
1692,3,843.095,3,887.835,1,3,69.9982
1693,3,843.095,3,887.835,0,3,69.9842
1694,3,843.095,3,887.835,0,1,69.9702
1695,3,843.095,3,888.69,3,3,69.9562
1696,3,843.095,3,889.264,2,2,69.9422
1697,3,843.095,3,889.264,2,2,69.9283
1698,3,843.095,3,893.831,4,3,69.9143
1699,3,843.095,3,893.067,0,3,69.9003
1700,3,843.095,3,889.913,3,0,69.8863
1701,3,843.095,3,889.744,4,2,69.8723
1702,3,843.095,3,889.142,0,1,69.8584
1703,3,843.095,3,889.142,3,1,69.8444
1704,3,843.095,3,889.142,1,0,69.8304
1705,3,843.095,3,889.142,1,0,69.8165
1706,3,843.095,3,889.142,2,3,69.8025
1707,3,843.095,3,889.142,4,1,69.7885
1708,3,843.095,3,889.142,1,3,69.7746
1709,3,843.095,3,884.744,0,2,69.7606
1710,3,843.095,3,884.744,0,0,69.7467
1711,3,843.095,3,884.744,2,0,69.7327
1712,3,843.095,3,884.744,0,1,69.7188
1713,3,843.095,3,892.432,2,2,69.7048
1714,3,843.095,3,894.34,0,3,69.6909
1715,3,843.095,3,894.34,0,3,69.6769
1716,3,843.095,3,879.734,2,2,69.663
1717,3,843.095,3,879.734,1,0,69.6491
1718,3,843.095,3,885.037,2,3,69.6351
1719,3,843.095,3,887.596,2,0,69.6212
1720,3,843.095,3,943.716,2,2,69.6073
1721,3,843.095,3,943.525,0,2,69.5934
1722,3,843.095,3,941.602,0,3,69.5795
1723,3,843.095,3,940.378,4,3,69.5655
1724,3,843.095,3,934.781,3,0,69.5516
1725,3,843.095,3,920.271,2,3,69.5377
1726,3,843.095,3,920.108,2,0,69.5238
1727,3,843.095,3,920.108,2,1,69.5099
1728,3,843.095,3,920.108,0,2,69.496
1729,3,843.095,3,920.108,0,3,69.4821
1730,3,843.095,3,920.108,0,0,69.4682
1731,3,843.095,3,919.812,3,3,69.4543
1732,3,843.095,3,907.884,0,0,69.4404
1733,3,843.095,3,907.157,4,1,69.4265
1734,3,843.095,3,909.709,2,2,69.4126
1735,3,843.095,3,907.157,2,2,69.3988
1736,3,843.095,3,907.157,1,0,69.3849
1737,3,843.095,3,925.672,1,0,69.371
1738,3,843.095,3,926.681,2,2,69.3571
1739,3,843.095,3,926.057,0,2,69.3433
1740,3,843.095,3,926.057,1,2,69.3294
1741,3,843.095,3,925.039,2,3,69.3155
1742,3,843.095,3,925.039,3,2,69.3017
1743,3,843.095,3,919.389,2,1,69.2878
1744,3,843.095,3,919.389,1,3,69.2739
1745,3,843.095,3,885.416,2,1,69.2601
1746,3,843.095,3,878.535,0,2,69.2462
1747,3,843.095,3,878.535,3,1,69.2324
1748,3,843.095,3,878.535,0,2,69.2185
1749,3,843.095,3,878.535,1,1,69.2047
1750,3,843.095,3,878.535,4,2,69.1909
1751,3,843.095,3,878.535,1,0,69.177
1752,3,843.095,3,878.535,1,3,69.1632
1753,3,843.095,3,874.544,2,2,69.1494
1754,3,843.095,3,874.544,4,1,69.1355
1755,3,843.095,3,874.544,0,2,69.1217
1756,3,843.095,3,874.544,1,0,69.1079
1757,3,843.095,3,870.472,4,1,69.0941
1758,3,843.095,3,870.472,0,2,69.0802
1759,3,843.095,3,868.165,4,2,69.0664
1760,3,843.095,3,868.165,2,0,69.0526
1761,3,843.095,3,864.552,3,1,69.0388
1762,3,843.095,3,852.916,2,2,69.025
1763,3,843.095,3,861.168,0,2,69.0112
1764,3,843.095,3,861.168,4,2,68.9974
1765,3,843.095,3,860.852,4,2,68.9836
1766,3,843.095,3,860.852,1,0,68.9698
1767,3,843.095,3,860.852,1,2,68.956
1768,3,843.095,3,860.852,4,3,68.9422
1769,3,843.095,3,863.484,3,3,68.9284
1770,3,843.095,3,860.852,3,2,68.9146
1771,3,843.095,3,854.843,0,3,68.9008
1772,3,843.095,3,854.843,1,0,68.8871
1773,3,843.095,3,852.58,3,1,68.8733
1774,3,843.095,3,852.58,1,3,68.8595
1775,3,843.095,3,852.222,0,1,68.8457
1776,3,843.095,3,852.222,1,0,68.832
1777,3,843.095,3,852.222,0,2,68.8182
1778,3,843.095,3,852.222,4,2,68.8044
1779,3,843.095,3,852.222,1,1,68.7907
1780,3,843.095,3,852.222,0,2,68.7769
1781,3,843.095,3,852.222,3,2,68.7632
1782,3,843.095,3,852.222,1,1,68.7494
1783,3,843.095,3,855.477,3,3,68.7357
1784,3,843.095,3,858.212,2,2,68.7219
1785,3,843.095,3,858.212,0,1,68.7082
1786,3,843.095,3,858.212,0,3,68.6944
1787,3,843.095,3,858.212,1,3,68.6807
1788,3,843.095,3,858.212,4,2,68.667
1789,3,843.095,3,858.212,1,2,68.6532
1790,3,843.095,3,853.289,0,3,68.6395
1791,3,843.095,3,847.3,2,2,68.6258
1792,3,843.095,3,847.3,3,1,68.612
1793,3,843.095,3,847.3,3,1,68.5983
1794,3,843.095,3,847.3,4,1,68.5846
1795,3,843.095,3,847.3,3,1,68.5709
1796,3,843.095,3,847.3,0,0,68.5572
1797,3,843.095,3,847.3,1,1,68.5434
1798,3,843.095,3,847.3,2,0,68.5297
1799,3,843.095,3,847.3,3,0,68.516
1800,3,843.095,3,847.3,0,3,68.5023
1801,3,843.095,3,847.3,2,2,68.4886
1802,3,843.095,3,847.3,1,0,68.4749
1803,3,843.095,3,847.3,4,2,68.4612
1804,3,843.095,3,847.3,0,2,68.4475
1805,3,843.095,3,847.3,2,0,68.4339
1806,3,843.095,3,847.3,4,1,68.4202
1807,3,843.095,3,847.3,0,0,68.4065
1808,3,843.095,3,847.3,3,3,68.3928
1809,3,843.095,3,847.3,0,1,68.3791
1810,3,843.095,3,847.3,2,3,68.3655
1811,3,843.095,3,854.341,2,3,68.3518
1812,3,843.095,3,854.341,2,1,68.3381
1813,3,843.095,3,854.341,1,0,68.3244
1814,3,843.095,3,854.341,0,1,68.3108
1815,3,843.095,3,854.341,2,3,68.2971
1816,3,843.095,3,854.341,3,2,68.2835
1817,3,843.095,3,854.341,2,0,68.2698
1818,3,843.095,3,854.341,1,3,68.2561
1819,3,843.095,3,854.341,1,1,68.2425
1820,3,843.095,3,854.341,3,2,68.2288
1821,3,843.095,3,854.341,0,2,68.2152
1822,3,843.095,3,847.3,0,3,68.2016
1823,3,843.095,3,847.3,2,0,68.1879
1824,3,843.095,3,847.3,3,2,68.1743
1825,3,843.095,3,847.3,4,1,68.1606
1826,3,843.095,3,847.3,0,0,68.147
1827,3,843.095,3,855.911,3,3,68.1334
1828,3,843.095,3,855.911,2,3,68.1198
1829,3,843.095,3,856.148,4,3,68.1061
1830,3,843.095,3,868.359,3,2,68.0925
1831,3,843.095,3,869.439,3,1,68.0789
1832,3,843.095,3,866.623,4,3,68.0653
1833,3,843.095,3,866.623,4,0,68.0517
1834,3,843.095,3,858.909,3,0,68.038
1835,3,843.095,3,851.452,3,1,68.0244
1836,3,843.095,3,851.452,0,1,68.0108
1837,3,843.095,3,850.856,4,3,67.9972
1838,3,843.095,3,850.856,1,2,67.9836
1839,3,843.095,3,850.942,4,0,67.97
1840,3,843.095,3,850.942,2,1,67.9564
1841,3,843.095,3,850.942,2,2,67.9429
1842,3,843.095,3,850.942,1,3,67.9293
1843,3,843.095,3,850.942,2,2,67.9157
1844,3,843.095,3,864.922,3,0,67.9021
1845,3,843.095,3,864.922,4,0,67.8885
1846,3,843.095,3,864.787,2,1,67.8749
1847,3,843.095,3,864.787,4,2,67.8614
1848,3,843.095,3,864.787,1,0,67.8478
1849,3,843.095,3,864.787,2,1,67.8342
1850,3,843.095,3,864.787,1,2,67.8207
1851,3,843.095,3,865.104,3,2,67.8071
1852,3,843.095,3,865.104,4,0,67.7935
1853,3,843.095,3,864.787,0,3,67.78
1854,3,843.095,3,864.787,1,1,67.7664
1855,3,843.095,3,858.087,4,0,67.7529
1856,3,843.095,3,861.918,4,3,67.7393
1857,3,843.095,3,861.918,0,3,67.7258
1858,3,843.095,3,861.918,1,2,67.7122
1859,3,843.095,3,878.839,3,2,67.6987
1860,3,843.095,3,878.839,3,3,67.6851
1861,3,843.095,3,880.122,4,1,67.6716
1862,3,843.095,3,875.258,4,0,67.6581
1863,3,843.095,3,874.829,0,2,67.6445
1864,3,843.095,3,874.829,2,0,67.631
1865,3,843.095,3,868.187,4,3,67.6175
1866,3,843.095,3,857.428,2,1,67.604
1867,3,843.095,3,860.582,0,3,67.5904
1868,3,843.095,3,860.582,2,3,67.5769
1869,3,843.095,3,857.428,4,2,67.5634
1870,3,843.095,3,857.428,2,1,67.5499
1871,3,843.095,3,862.296,2,0,67.5364
1872,3,843.095,3,864.632,2,3,67.5229
1873,3,843.095,3,859.764,4,2,67.5094
1874,3,843.095,3,859.764,4,0,67.4959
1875,3,843.095,3,859.764,1,0,67.4824
1876,3,843.095,3,859.764,2,0,67.4689
1877,3,843.095,3,859.764,4,1,67.4554
1878,3,843.095,3,859.764,1,3,67.4419
1879,3,843.095,3,859.764,4,1,67.4284
1880,3,843.095,3,859.764,2,1,67.4149
1881,3,843.095,3,859.764,3,2,67.4014
1882,3,843.095,3,871.387,4,1,67.3879
1883,3,843.095,3,871.387,4,1,67.3745
1884,3,843.095,3,863.024,2,3,67.361
1885,3,843.095,3,863.024,2,1,67.3475
1886,3,843.095,3,863.024,4,0,67.3341
1887,3,843.095,3,862.933,4,2,67.3206
1888,3,843.095,3,861.078,0,0,67.3071
1889,3,843.095,3,860.099,2,1,67.2937
1890,3,843.095,3,860.099,1,2,67.2802
1891,3,843.095,3,982.174,1,3,67.2667
1892,3,843.095,3,982.174,1,1,67.2533
1893,3,843.095,3,981.03,4,2,67.2398
1894,3,843.095,3,972.243,0,2,67.2264
1895,3,843.095,3,1011.67,0,1,67.2129
1896,3,843.095,3,998.311,3,0,67.1995
1897,3,843.095,3,998.311,3,3,67.1861
1898,3,843.095,3,995.835,0,0,67.1726
1899,3,843.095,3,914.673,2,3,67.1592
1900,3,843.095,3,914.764,3,3,67.1458
1901,3,843.095,3,903.853,0,0,67.1323
1902,3,843.095,3,895.711,4,1,67.1189
1903,3,843.095,3,895.711,3,3,67.1055
1904,3,843.095,3,904.967,0,3,67.0921
1905,3,843.095,3,903.284,4,3,67.0786
1906,3,843.095,3,903.284,4,3,67.0652
1907,3,843.095,3,902.967,3,0,67.0518
1908,3,843.095,3,906.601,4,2,67.0384
1909,3,843.095,3,906.601,0,3,67.025
1910,3,843.095,3,919.224,2,2,67.0116
1911,3,843.095,3,903.591,0,2,66.9982
1912,3,843.095,3,903.591,1,1,66.9848
1913,3,843.095,3,893.632,0,3,66.9714
1914,3,843.095,3,893.632,1,3,66.958
1915,3,843.095,3,893.632,1,2,66.9446
1916,3,843.095,3,893.632,2,2,66.9312
1917,3,843.095,3,891.619,0,1,66.9178
1918,3,843.095,3,891.619,2,3,66.9044
1919,3,843.095,3,891.619,0,2,66.8911
1920,3,843.095,3,891.619,1,1,66.8777
1921,3,843.095,3,891.619,1,3,66.8643
1922,3,843.095,3,889.445,3,0,66.8509
1923,3,843.095,3,889.445,1,3,66.8376
1924,3,843.095,3,888.104,2,2,66.8242
1925,3,843.095,3,881.139,3,0,66.8108
1926,3,843.095,3,881.139,3,2,66.7975
1927,3,843.095,3,881.139,3,0,66.7841
1928,3,843.095,3,881.139,4,2,66.7708
1929,3,843.095,3,881.139,4,0,66.7574
1930,3,843.095,3,880.456,3,0,66.7441
1931,3,843.095,3,874.463,2,1,66.7307
1932,3,843.095,3,881.835,3,0,66.7174
1933,3,843.095,3,881.835,0,1,66.704
1934,3,843.095,3,877.89,0,0,66.6907
1935,3,843.095,3,872.248,2,1,66.6773
1936,3,843.095,3,878.025,3,2,66.664
1937,3,843.095,3,879.003,3,3,66.6507
1938,3,843.095,3,876.666,3,1,66.6373
1939,3,843.095,3,876.666,1,2,66.624
1940,3,843.095,3,875.688,4,3,66.6107
1941,3,843.095,3,876.67,4,3,66.5974
1942,3,843.095,3,876.67,1,1,66.584
1943,3,843.095,3,876.62,3,2,66.5707
1944,3,843.095,3,876.62,0,2,66.5574
1945,3,843.095,3,876.62,3,3,66.5441
1946,3,843.095,3,876.62,1,1,66.5308
1947,3,843.095,3,876.62,2,3,66.5175
1948,3,843.095,3,880.565,2,0,66.5042
1949,3,843.095,3,878.389,3,1,66.4909
1950,3,843.095,3,882.253,2,3,66.4776
1951,3,843.095,3,889.862,3,2,66.4643
1952,3,843.095,3,889.862,1,2,66.451
1953,3,843.095,3,889.862,1,3,66.4377
1954,3,843.095,3,889.862,1,3,66.4244
1955,3,843.095,3,889.862,2,3,66.4111
1956,3,843.095,3,1025.81,1,0,66.3978
1957,3,843.095,3,1008.5,0,0,66.3846
1958,3,843.095,3,1008.5,1,0,66.3713
1959,3,843.095,3,970.556,2,3,66.358
1960,3,843.095,3,957.602,4,2,66.3447
1961,3,843.095,3,976.863,0,2,66.3315
1962,3,843.095,3,946.208,4,0,66.3182
1963,3,843.095,3,941.356,3,1,66.3049
1964,3,843.095,3,926.672,3,2,66.2917
1965,3,843.095,3,922.01,4,2,66.2784
1966,3,843.095,3,922.01,4,3,66.2652
1967,3,843.095,3,927.9,4,2,66.2519
1968,3,843.095,3,924.036,2,0,66.2387
1969,3,843.095,3,959.532,1,0,66.2254
1970,3,843.095,3,959.532,1,0,66.2122
1971,3,843.095,3,959.532,4,0,66.1989
1972,3,843.095,3,959.532,0,2,66.1857
1973,3,843.095,3,949.648,3,2,66.1725
1974,3,843.095,3,949.648,1,2,66.1592
1975,3,843.095,3,917.933,4,3,66.146
1976,3,843.095,3,915.974,0,3,66.1328
1977,3,843.095,3,915.974,4,0,66.1195
1978,3,843.095,3,893.05,4,1,66.1063
1979,3,843.095,3,893.05,4,0,66.0931
1980,3,843.095,3,890.012,0,1,66.0799
1981,3,843.095,3,890.012,4,1,66.0667
1982,3,843.095,3,890.012,3,1,66.0534
1983,3,843.095,3,892.987,0,0,66.0402
1984,3,843.095,3,888.465,4,1,66.027
1985,3,843.095,3,870.112,2,0,66.0138
1986,3,843.095,3,866.332,2,1,66.0006
1987,3,843.095,3,864.294,0,1,65.9874
1988,3,843.095,3,864.294,0,3,65.9742
1989,3,843.095,3,864.294,4,1,65.961
1990,3,843.095,3,866.202,4,3,65.9478
1991,3,843.095,3,889.555,0,2,65.9346
1992,3,843.095,3,889.555,0,1,65.9215
1993,3,843.095,3,890.869,0,3,65.9083
1994,3,843.095,3,890.869,1,2,65.8951
1995,3,843.095,3,890.869,3,3,65.8819
1996,3,843.095,3,889.555,0,3,65.8687
1997,3,843.095,3,889.555,1,2,65.8556
1998,3,843.095,3,909.949,0,3,65.8424
1999,3,843.095,3,912.44,4,0,65.8292
2000,3,843.095,3,876.006,2,1,65.8161
2001,3,843.095,3,876.006,4,1,65.8029
2002,3,843.095,3,876.006,1,2,65.7897
2003,3,843.095,3,876.006,0,2,65.7766
2004,3,843.095,3,876.006,0,3,65.7634
2005,3,843.095,3,874.744,0,1,65.7503
2006,3,843.095,3,874.744,1,1,65.7371
2007,3,843.095,3,866.413,4,1,65.724
2008,3,843.095,3,866.413,0,3,65.7108
2009,3,843.095,3,866.413,1,3,65.6977
2010,3,843.095,3,866.413,2,2,65.6845
2011,3,843.095,3,865.763,2,2,65.6714
2012,3,843.095,3,868.976,4,2,65.6583
2013,3,843.095,3,868.976,2,1,65.6451
2014,3,843.095,3,868.976,1,3,65.632
2015,3,843.095,3,871.454,2,1,65.6189
2016,3,843.095,3,874.006,4,2,65.6058
2017,3,843.095,3,930.692,1,0,65.5926
2018,3,843.095,3,930.692,2,0,65.5795
2019,3,843.095,3,928.139,2,2,65.5664
2020,3,843.095,3,908.136,2,3,65.5533
2021,3,843.095,3,906.2,3,3,65.5402
2022,3,843.095,3,904.837,2,2,65.5271
2023,3,843.095,3,904.837,3,3,65.514
2024,3,843.095,3,925.885,1,0,65.5009
2025,3,843.095,3,925.885,2,0,65.4878
2026,3,843.095,3,923.639,3,2,65.4747
2027,3,843.095,3,923.639,4,2,65.4616
2028,3,843.095,3,923.639,2,3,65.4485
2029,3,843.095,3,903.345,4,1,65.4354
2030,3,843.095,3,893.719,3,2,65.4223
2031,3,843.095,3,893.719,0,1,65.4092
2032,3,843.095,3,893.719,4,2,65.3961
2033,3,843.095,3,894.396,3,0,65.3831
2034,3,843.095,3,906.084,0,0,65.37
2035,3,843.095,3,906.084,1,0,65.3569
2036,3,843.095,3,906.084,2,0,65.3438
2037,3,843.095,3,901.628,2,1,65.3308
2038,3,843.095,3,901.945,4,0,65.3177
2039,3,843.095,3,900.817,3,2,65.3046
2040,3,843.095,3,900.817,1,2,65.2916
2041,3,843.095,3,900.817,1,3,65.2785
2042,3,843.095,3,902.834,0,2,65.2655
2043,3,843.095,3,893.015,2,1,65.2524
2044,3,843.095,3,904.549,4,3,65.2394
2045,3,843.095,3,921.415,3,0,65.2263
2046,3,843.095,3,921.415,0,3,65.2133
2047,3,843.095,3,921.415,1,3,65.2002
2048,3,843.095,3,921.415,4,2,65.1872
2049,3,843.095,3,908.262,3,2,65.1741
2050,3,843.095,3,900.443,3,0,65.1611
2051,3,843.095,3,900.443,1,1,65.1481
2052,3,843.095,3,900.28,2,1,65.135
2053,3,843.095,3,900.28,1,1,65.122
2054,3,843.095,3,902.229,2,0,65.109
2055,3,843.095,3,902.398,4,2,65.096
2056,3,843.095,3,892.345,4,3,65.083
2057,3,843.095,3,882.754,4,1,65.0699
2058,3,843.095,3,882.754,1,1,65.0569
2059,3,843.095,3,885,2,3,65.0439
2060,3,843.095,3,884.536,3,2,65.0309
2061,3,843.095,3,884.219,3,3,65.0179
2062,3,843.095,3,884.219,2,3,65.0049
2063,3,843.095,3,888.041,0,0,64.9919
2064,3,843.095,3,888.041,4,3,64.9789
2065,3,843.095,3,888.041,4,0,64.9659
2066,3,843.095,3,888.041,1,3,64.9529
2067,3,843.095,3,885.492,0,0,64.9399
2068,3,843.095,3,885.492,3,2,64.9269
2069,3,843.095,3,898.224,4,0,64.9139
2070,3,843.095,3,893.815,2,0,64.901
2071,3,843.095,3,893.815,2,3,64.888
2072,3,843.095,3,893.815,2,0,64.875
2073,3,843.095,3,893.815,2,0,64.862
2074,3,843.095,3,888.617,2,1,64.8491
2075,3,843.095,3,888.617,4,2,64.8361
2076,3,843.095,3,888.617,0,3,64.8231
2077,3,843.095,3,888.617,2,0,64.8102
2078,3,843.095,3,885.002,0,3,64.7972
2079,3,843.095,3,885.002,2,1,64.7842
2080,3,843.095,3,883.26,3,3,64.7713
2081,3,843.095,3,883.26,0,0,64.7583
2082,3,843.095,3,882.163,3,2,64.7454
2083,3,843.095,3,869.751,4,1,64.7324
2084,3,843.095,3,870.712,3,2,64.7195
2085,3,843.095,3,870.712,4,0,64.7065
2086,3,843.095,3,868.804,0,2,64.6936
2087,3,843.095,3,868.804,1,0,64.6806
2088,3,843.095,3,872.806,3,2,64.6677
2089,3,843.095,3,872.405,4,1,64.6548
2090,3,843.095,3,872.405,2,0,64.6418
2091,3,843.095,3,872.405,3,0,64.6289
2092,3,843.095,3,871.583,0,2,64.616
2093,3,843.095,3,884.399,0,2,64.6031
2094,3,843.095,3,884.399,1,2,64.5901
2095,3,843.095,3,888.39,0,0,64.5772
2096,3,843.095,3,888.39,4,1,64.5643
2097,3,843.095,3,888.39,0,1,64.5514
2098,3,843.095,3,888.39,3,2,64.5385
2099,3,843.095,3,888.39,3,1,64.5256
2100,3,843.095,3,889.871,3,2,64.5127
2101,3,843.095,3,888.559,2,1,64.4998
2102,3,843.095,3,888.559,2,0,64.4869
2103,3,843.095,3,888.559,1,0,64.474
2104,3,843.095,3,888.559,1,0,64.4611
2105,3,843.095,3,888.39,0,1,64.4482
2106,3,843.095,3,889.249,0,0,64.4353
2107,3,843.095,3,883.974,2,1,64.4224
2108,3,843.095,3,892.734,2,0,64.4095
2109,3,843.095,3,888.204,4,1,64.3966
2110,3,843.095,3,888.204,1,0,64.3838
2111,3,843.095,3,888.204,3,2,64.3709
2112,3,843.095,3,888.521,0,2,64.358
2113,3,843.095,3,876.511,2,3,64.3451
2114,3,843.095,3,876.511,4,2,64.3323
2115,3,843.095,3,876.511,1,0,64.3194
2116,3,843.095,3,881.905,2,3,64.3065
2117,3,843.095,3,884.331,3,0,64.2937
2118,3,843.095,3,878.194,0,2,64.2808
2119,3,843.095,3,874.58,3,1,64.268
2120,3,843.095,3,874.58,4,0,64.2551
2121,3,843.095,3,874.58,1,2,64.2423
2122,3,843.095,3,874.58,1,0,64.2294
2123,3,843.095,3,870.631,2,1,64.2166
2124,3,843.095,3,869.943,2,2,64.2037
2125,3,843.095,3,869.943,2,1,64.1909
2126,3,843.095,3,869.943,4,1,64.1781
2127,3,843.095,3,869.943,3,1,64.1652
2128,3,843.095,3,869.943,1,2,64.1524
2129,3,843.095,3,869.943,1,1,64.1396
2130,3,843.095,3,869.943,1,1,64.1267
2131,3,843.095,3,869.943,3,3,64.1139
2132,3,843.095,3,869.943,3,0,64.1011
2133,3,843.095,3,864.721,3,2,64.0883
2134,3,843.095,3,868.613,3,1,64.0754
2135,3,843.095,3,864.378,4,0,64.0626
2136,3,843.095,3,864.378,3,3,64.0498
2137,3,843.095,3,862.289,4,0,64.037
2138,3,843.095,3,862.289,2,0,64.0242
2139,3,843.095,3,874.903,3,0,64.0114
2140,3,843.095,3,872.597,4,1,63.9986
2141,3,843.095,3,872.597,1,2,63.9858
2142,3,843.095,3,872.597,4,2,63.973
2143,3,843.095,3,872.597,2,3,63.9602
2144,3,843.095,3,872.597,2,3,63.9474
2145,3,843.095,3,872.597,0,1,63.9346
2146,3,843.095,3,872.597,2,0,63.9218
2147,3,843.095,3,861.249,2,1,63.909
2148,3,843.095,3,861.158,0,0,63.8963
2149,3,843.095,3,861.158,1,0,63.8835
2150,3,843.095,3,861.158,2,1,63.8707
2151,3,843.095,3,856.129,2,2,63.8579
2152,3,843.095,3,856.129,0,3,63.8452
2153,3,843.095,3,852.476,3,3,63.8324
2154,3,843.095,3,852.476,1,2,63.8196
2155,3,843.095,3,852.476,0,2,63.8069
2156,3,843.095,3,852.476,2,0,63.7941
2157,3,843.095,3,852.476,1,1,63.7813
2158,3,843.095,3,983.776,1,1,63.7686
2159,3,843.095,3,983.776,2,2,63.7558
2160,3,843.095,3,983.776,2,3,63.7431
2161,3,843.095,3,981.727,4,3,63.7303
2162,3,843.095,3,963.101,2,3,63.7176
2163,3,843.095,3,959.535,4,2,63.7048
2164,3,843.095,3,964.63,4,2,63.6921
2165,3,843.095,3,938.389,3,2,63.6794
2166,3,843.095,3,941.06,2,0,63.6666
2167,3,843.095,3,933.41,3,0,63.6539
2168,3,843.095,3,914.045,2,1,63.6412
2169,3,843.095,3,914.045,1,1,63.6284
2170,3,843.095,3,912.186,3,2,63.6157
2171,3,843.095,3,912.186,2,1,63.603
2172,3,843.095,3,896.439,2,1,63.5903
2173,3,843.095,3,893.878,4,3,63.5775
2174,3,843.095,3,893.878,1,3,63.5648
2175,3,843.095,3,893.878,1,3,63.5521
2176,3,843.095,3,891.926,0,2,63.5394
2177,3,843.095,3,891.926,4,3,63.5267
2178,3,843.095,3,896.605,4,0,63.514
2179,3,843.095,3,895.205,0,2,63.5013
2180,3,843.095,3,895.205,0,0,63.4886
2181,3,843.095,3,895.205,1,3,63.4759
2182,3,843.095,3,892.912,4,2,63.4632
2183,3,843.095,3,892.912,2,0,63.4505
2184,3,843.095,3,892.912,3,3,63.4378
2185,3,843.095,3,893.137,4,3,63.4251
2186,3,843.095,3,893.137,4,3,63.4124
2187,3,843.095,3,892.417,4,0,63.3998
2188,3,843.095,3,892.417,4,1,63.3871
2189,3,843.095,3,892.417,2,1,63.3744
2190,3,843.095,3,891.469,0,1,63.3617
2191,3,843.095,3,891.469,1,1,63.3491
2192,3,843.095,3,919.62,2,1,63.3364
2193,3,843.095,3,919.62,1,2,63.3237
2194,3,843.095,3,918.506,3,1,63.3111
2195,3,843.095,3,918.506,0,3,63.2984
2196,3,843.095,3,922.361,3,1,63.2857
2197,3,843.095,3,922.361,3,1,63.2731
2198,3,843.095,3,924.586,3,2,63.2604
2199,3,843.095,3,927.536,4,2,63.2478
2200,3,843.095,3,927.536,4,1,63.2351
2201,3,843.095,3,927.536,1,2,63.2225
2202,3,843.095,3,1037.39,1,0,63.2098
2203,3,843.095,3,1039.56,4,3,63.1972
2204,3,843.095,3,992.492,4,3,63.1845
2205,3,843.095,3,992.492,1,2,63.1719
2206,3,843.095,3,983.681,2,2,63.1593
2207,3,843.095,3,969.286,4,2,63.1466
2208,3,843.095,3,969.286,3,3,63.134
2209,3,843.095,3,971.518,0,0,63.1214
2210,3,843.095,3,966.591,4,0,63.1088
2211,3,843.095,3,966.591,1,2,63.0961
2212,3,843.095,3,968.631,3,0,63.0835
2213,3,843.095,3,964.042,0,2,63.0709
2214,3,843.095,3,948.717,0,0,63.0583
2215,3,843.095,3,948.717,1,3,63.0457
2216,3,843.095,3,931.061,0,3,63.0331
2217,3,843.095,3,929.343,3,2,63.0205
2218,3,843.095,3,919.19,0,3,63.0079
2219,3,843.095,3,914.458,4,0,62.9953
2220,3,843.095,3,914.458,3,1,62.9827
2221,3,843.095,3,907.063,3,3,62.9701
2222,3,843.095,3,904.507,0,3,62.9575
2223,3,843.095,3,904.507,4,0,62.9449
2224,3,843.095,3,904.507,1,1,62.9323
2225,3,843.095,3,906.694,4,3,62.9197
2226,3,843.095,3,885.679,4,1,62.9071
2227,3,843.095,3,885.679,1,0,62.8945
2228,3,843.095,3,883.707,3,2,62.882
2229,3,843.095,3,881.52,4,2,62.8694
2230,3,843.095,3,881.52,4,0,62.8568
2231,3,843.095,3,894.233,4,3,62.8442
2232,3,843.095,3,894.233,0,2,62.8317
2233,3,843.095,3,892.421,3,1,62.8191
2234,3,843.095,3,892.034,4,3,62.8065
2235,3,843.095,3,878.969,0,0,62.794
2236,3,843.095,3,878.969,1,3,62.7814
2237,3,843.095,3,875.249,2,1,62.7689
2238,3,843.095,3,872.843,3,3,62.7563
2239,3,843.095,3,871.444,0,0,62.7438
2240,3,843.095,3,871.444,3,2,62.7312
2241,3,843.095,3,865.43,4,3,62.7187
2242,3,843.095,3,865.114,0,3,62.7061
2243,3,843.095,3,865.114,4,2,62.6936
2244,3,843.095,3,871.137,0,3,62.681
2245,3,843.095,3,872.08,0,3,62.6685
2246,3,843.095,3,871.032,2,1,62.656
2247,3,843.095,3,871.032,0,3,62.6434
2248,3,843.095,3,871.032,2,2,62.6309
2249,3,843.095,3,871.032,0,0,62.6184
2250,3,843.095,3,871.032,0,0,62.6059
2251,3,843.095,3,871.032,2,2,62.5933
2252,3,843.095,3,871.032,3,3,62.5808
2253,3,843.095,3,871.032,4,2,62.5683
2254,3,843.095,3,871.032,2,1,62.5558
2255,3,843.095,3,871.032,0,0,62.5433
2256,3,843.095,3,871.032,2,0,62.5308
2257,3,843.095,3,871.032,1,3,62.5183
2258,3,843.095,3,871.032,4,0,62.5058
2259,3,843.095,3,871.032,1,1,62.4933
2260,3,843.095,3,871.032,2,0,62.4808
2261,3,843.095,3,871.032,0,3,62.4683
2262,3,843.095,3,871.032,2,3,62.4558
2263,3,843.095,3,870.319,2,3,62.4433
2264,3,843.095,3,870.319,1,3,62.4308
2265,3,843.095,3,870.432,0,2,62.4183
2266,3,843.095,3,869.326,4,1,62.4058
2267,3,843.095,3,869.326,1,2,62.3933
2268,3,843.095,3,867.569,3,3,62.3809
2269,3,843.095,3,865.66,3,1,62.3684
2270,3,843.095,3,865.66,1,0,62.3559
2271,3,843.095,3,865.66,3,1,62.3434
2272,3,843.095,3,865.66,3,0,62.331
2273,3,843.095,3,865.66,2,0,62.3185
2274,3,843.095,3,865.66,1,0,62.306
2275,3,843.095,3,873.965,4,3,62.2936
2276,3,843.095,3,887.451,2,2,62.2811
2277,3,843.095,3,887.451,0,2,62.2687
2278,3,843.095,3,887.451,2,1,62.2562
2279,3,843.095,3,887.451,2,0,62.2438
2280,3,843.095,3,883.217,4,1,62.2313
2281,3,843.095,3,883.217,3,2,62.2189
2282,3,843.095,3,883.217,4,2,62.2064
2283,3,843.095,3,882.136,3,0,62.194
2284,3,843.095,3,882.136,4,2,62.1815
2285,3,843.095,3,882.136,0,1,62.1691
2286,3,843.095,3,882.136,0,2,62.1567
2287,3,843.095,3,882.136,1,1,62.1442
2288,3,843.095,3,883.602,3,3,62.1318
2289,3,843.095,3,883.602,1,0,62.1194
2290,3,843.095,3,881.308,2,3,62.107
2291,3,843.095,3,881.308,2,3,62.0945
2292,3,843.095,3,872.548,4,1,62.0821
2293,3,843.095,3,872.548,1,3,62.0697
2294,3,843.095,3,872.457,2,0,62.0573
2295,3,843.095,3,872.457,1,2,62.0449
2296,3,843.095,3,873.537,3,3,62.0325
2297,3,843.095,3,873.537,0,0,62.0201
2298,3,843.095,3,1004.73,1,2,62.0077
2299,3,843.095,3,1004.73,1,3,61.9953
2300,3,843.095,3,1002.87,4,1,61.9829
2301,3,843.095,3,987.471,2,3,61.9705
2302,3,843.095,3,973.092,3,0,61.9581
2303,3,843.095,3,972.644,4,2,61.9457
2304,3,843.095,3,972.644,1,1,61.9333
2305,3,843.095,3,979.534,0,2,61.9209
2306,3,843.095,3,979.534,1,2,61.9085
2307,3,843.095,3,973.511,4,1,61.8961
2308,3,843.095,3,939.623,2,0,61.8837
2309,3,843.095,3,939.623,4,3,61.8714
2310,3,843.095,3,937.97,0,3,61.859
2311,3,843.095,3,933.755,3,1,61.8466
2312,3,843.095,3,927.082,2,3,61.8343
2313,3,843.095,3,927.082,3,1,61.8219
2314,3,843.095,3,917.564,2,2,61.8095
2315,3,843.095,3,916.019,0,1,61.7972
2316,3,843.095,3,916.019,3,0,61.7848
2317,3,843.095,3,916.019,1,2,61.7724
2318,3,843.095,3,901.117,4,2,61.7601
2319,3,843.095,3,899.166,4,1,61.7477
2320,3,843.095,3,898.724,0,0,61.7354
2321,3,843.095,3,898.724,1,1,61.723
2322,3,843.095,3,898.724,2,3,61.7107
2323,3,843.095,3,898.724,1,1,61.6984
2324,3,843.095,3,896.729,0,2,61.686
2325,3,843.095,3,897.162,2,0,61.6737
2326,3,843.095,3,897.162,0,0,61.6613
2327,3,843.095,3,898.562,4,0,61.649
2328,3,843.095,3,904.282,2,3,61.6367
2329,3,843.095,3,902.037,3,1,61.6244
2330,3,843.095,3,903.988,0,0,61.612
2331,3,843.095,3,900.822,0,1,61.5997
2332,3,843.095,3,900.079,3,2,61.5874
2333,3,843.095,3,900.079,1,0,61.5751
2334,3,843.095,3,900.079,1,1,61.5628
2335,3,843.095,3,900.913,0,3,61.5504
2336,3,843.095,3,900.913,1,2,61.5381
2337,3,843.095,3,900.913,2,0,61.5258
2338,3,843.095,3,900.913,3,3,61.5135
2339,3,843.095,3,972.977,1,3,61.5012
2340,3,843.095,3,972.977,1,1,61.4889
2341,3,843.095,3,972.367,3,1,61.4766
2342,3,843.095,3,966.517,0,2,61.4643
2343,3,843.095,3,926.734,0,1,61.452
2344,3,843.095,3,909.773,2,3,61.4397
2345,3,843.095,3,908.561,3,1,61.4275
2346,3,843.095,3,907.925,3,1,61.4152
2347,3,843.095,3,907.925,3,3,61.4029
2348,3,843.095,3,907.925,4,0,61.3906
2349,3,843.095,3,907.796,3,0,61.3783
2350,3,843.095,3,907.705,3,2,61.3661
2351,3,843.095,3,909.032,2,1,61.3538
2352,3,843.095,3,909.254,0,3,61.3415
2353,3,843.095,3,909.254,1,2,61.3292
2354,3,843.095,3,925.286,0,3,61.317
2355,3,843.095,3,924.853,4,3,61.3047
2356,3,843.095,3,924.853,3,3,61.2924
2357,3,843.095,3,920.613,0,1,61.2802
2358,3,843.095,3,920.705,4,3,61.2679
2359,3,843.095,3,920.705,4,2,61.2557
2360,3,843.095,3,920.4,3,0,61.2434
2361,3,843.095,3,891.349,2,1,61.2312
2362,3,843.095,3,891.349,3,0,61.2189
2363,3,843.095,3,891.349,1,3,61.2067
2364,3,843.095,3,891.349,2,3,61.1944
2365,3,843.095,3,891.349,1,2,61.1822
2366,3,843.095,3,891.258,4,0,61.17
2367,3,843.095,3,891.258,3,2,61.1577
2368,3,843.095,3,891.258,4,1,61.1455
2369,3,843.095,3,888.337,3,0,61.1333
2370,3,843.095,3,888.337,0,3,61.1211
2371,3,843.095,3,888.337,4,1,61.1088
2372,3,843.095,3,907.986,3,2,61.0966
2373,3,843.095,3,907.986,2,3,61.0844
2374,3,843.095,3,912.213,2,0,61.0722
2375,3,843.095,3,912.213,4,3,61.06
2376,3,843.095,3,907.714,2,2,61.0477
2377,3,843.095,3,906.082,3,2,61.0355
2378,3,843.095,3,910.343,3,0,61.0233
2379,3,843.095,3,908.196,0,1,61.0111
2380,3,843.095,3,905.91,3,2,60.9989
2381,3,843.095,3,903.491,4,1,60.9867
2382,3,843.095,3,903.552,2,0,60.9745
2383,3,843.095,3,903.761,3,0,60.9623
2384,3,843.095,3,901.209,2,3,60.9501
2385,3,843.095,3,906.33,2,3,60.9379
2386,3,843.095,3,906.33,4,3,60.9258
2387,3,843.095,3,906.33,1,2,60.9136
2388,3,843.095,3,906.33,3,0,60.9014
2389,3,843.095,3,906.33,1,0,60.8892
2390,3,843.095,3,899.675,0,2,60.877
2391,3,843.095,3,898.511,4,2,60.8649
2392,3,843.095,3,898.511,3,2,60.8527
2393,3,843.095,3,888.329,2,1,60.8405
2394,3,843.095,3,888.329,3,3,60.8283
2395,3,843.095,3,886.45,4,1,60.8162
2396,3,843.095,3,886.45,2,0,60.804
2397,3,843.095,3,886.45,1,3,60.7919
2398,3,843.095,3,886.45,0,2,60.7797
2399,3,843.095,3,886.45,2,0,60.7675
2400,3,843.095,3,886.45,1,3,60.7554
2401,3,843.095,3,886.45,1,2,60.7432
2402,3,843.095,3,886.45,4,1,60.7311
2403,3,843.095,3,886.45,2,0,60.7189
2404,3,843.095,3,886.45,1,1,60.7068
2405,3,843.095,3,880.911,2,3,60.6947
2406,3,843.095,3,880.911,2,3,60.6825
2407,3,843.095,3,881.023,0,3,60.6704
2408,3,843.095,3,881.023,3,0,60.6582
2409,3,843.095,3,881.023,4,1,60.6461
2410,3,843.095,3,881.023,3,0,60.634
2411,3,843.095,3,880.911,2,2,60.6219
2412,3,843.095,3,880.911,3,3,60.6097
2413,3,843.095,3,880.911,1,3,60.5976
2414,3,843.095,3,881.002,2,3,60.5855
2415,3,843.095,3,881.002,4,1,60.5734
2416,3,843.095,3,881.002,1,0,60.5613
2417,3,843.095,3,881.002,4,2,60.5492
2418,3,843.095,3,876.014,0,3,60.537
2419,3,843.095,3,877.226,3,3,60.5249
2420,3,843.095,3,877.226,4,1,60.5128
2421,3,843.095,3,877.226,1,2,60.5007
2422,3,843.095,3,877.226,4,3,60.4886
2423,3,843.095,3,876.223,2,1,60.4765
2424,3,843.095,3,876.223,4,2,60.4644
2425,3,843.095,3,877.163,4,3,60.4523
2426,3,843.095,3,877.163,1,0,60.4402
2427,3,843.095,3,877.163,0,3,60.4282
2428,3,843.095,3,877.163,3,2,60.4161
2429,3,843.095,3,877.163,3,2,60.404
2430,3,843.095,3,876.373,3,2,60.3919
2431,3,843.095,3,876.373,4,2,60.3798
2432,3,843.095,3,876.373,2,0,60.3678
2433,3,843.095,3,876.373,1,2,60.3557
2434,3,843.095,3,876.373,2,0,60.3436
2435,3,843.095,3,876.373,2,0,60.3315
2436,3,843.095,3,876.373,3,3,60.3195
2437,3,843.095,3,876.373,2,0,60.3074
2438,3,843.095,3,876.262,4,0,60.2954
2439,3,843.095,3,876.262,2,3,60.2833
2440,3,843.095,3,876.262,3,1,60.2712
2441,3,843.095,3,876.262,1,0,60.2592
2442,3,843.095,3,876.262,2,0,60.2471
2443,3,843.095,3,876.262,1,2,60.2351
2444,3,843.095,3,876.262,3,1,60.223
2445,3,843.095,3,876.262,1,1,60.211
2446,3,843.095,3,876.262,1,2,60.1989
2447,3,843.095,3,876.262,0,0,60.1869
2448,3,843.095,3,876.354,4,3,60.1749
2449,3,843.095,3,876.354,0,1,60.1628
2450,3,843.095,3,876.354,2,1,60.1508
2451,3,843.095,3,876.354,0,2,60.1388
2452,3,843.095,3,876.354,2,0,60.1267
2453,3,843.095,3,876.354,0,3,60.1147
2454,3,843.095,3,876.354,0,0,60.1027
2455,3,843.095,3,876.354,4,3,60.0907
2456,3,843.095,3,876.354,0,1,60.0787
2457,3,843.095,3,876.262,4,1,60.0666
2458,3,843.095,3,876.262,1,2,60.0546
2459,3,843.095,3,875.593,4,1,60.0426
2460,3,843.095,3,875.593,2,2,60.0306
2461,3,843.095,3,875.593,0,3,60.0186
2462,3,843.095,3,875.593,4,1,60.0066
2463,3,843.095,3,875.593,0,3,59.9946
2464,3,843.095,3,878.669,3,2,59.9826
2465,3,843.095,3,878.669,3,0,59.9706
2466,3,843.095,3,878.669,4,2,59.9586
2467,3,843.095,3,878.669,3,2,59.9466
2468,3,843.095,3,878.669,1,3,59.9346
2469,3,843.095,3,878.669,2,2,59.9226
2470,3,843.095,3,878.669,2,0,59.9107
2471,3,843.095,3,878.669,0,3,59.8987
2472,3,843.095,3,878.669,1,3,59.8867
2473,3,843.095,3,878.669,3,1,59.8747
2474,3,843.095,3,878.669,4,1,59.8627
2475,3,843.095,3,885.803,0,1,59.8508
2476,3,843.095,3,883.989,3,2,59.8388
2477,3,843.095,3,883.989,0,3,59.8268
2478,3,843.095,3,909.545,2,3,59.8149
2479,3,843.095,3,909.545,1,3,59.8029
2480,3,843.095,3,950.722,1,0,59.7909
2481,3,843.095,3,950.722,3,0,59.779
2482,3,843.095,3,947.537,0,1,59.767
2483,3,843.095,3,942.996,3,0,59.7551
2484,3,843.095,3,940.722,2,3,59.7431
2485,3,843.095,3,940.722,0,3,59.7312
2486,3,843.095,3,949.7,4,3,59.7192
2487,3,843.095,3,949.553,4,0,59.7073
2488,3,843.095,3,938.873,4,3,59.6953
2489,3,843.095,3,928.85,3,2,59.6834
2490,3,843.095,3,928.85,1,2,59.6715
2491,3,843.095,3,928.85,1,1,59.6595
2492,3,843.095,3,928.85,1,0,59.6476
2493,3,843.095,3,928.85,1,0,59.6357
2494,3,843.095,3,928.111,4,2,59.6237
2495,3,843.095,3,928.111,1,2,59.6118
2496,3,843.095,3,917.114,3,2,59.5999
2497,3,843.095,3,917.114,2,3,59.588
2498,3,843.095,3,917.114,0,2,59.5761
2499,3,843.095,3,917.114,2,1,59.5641
2500,3,843.095,3,917.114,0,1,59.5522
2501,3,843.095,3,914.522,4,3,59.5403
2502,3,843.095,3,911.188,2,2,59.5284
2503,3,843.095,3,911.188,3,3,59.5165
2504,3,843.095,3,925.833,4,0,59.5046
2505,3,843.095,3,925.833,1,2,59.4927
2506,3,843.095,3,899.355,2,2,59.4808
2507,3,843.095,3,891.765,4,2,59.4689
2508,3,843.095,3,891.765,1,0,59.457
2509,3,843.095,3,924.407,1,0,59.4451
2510,3,843.095,3,920.39,2,2,59.4332
2511,3,843.095,3,920.39,1,3,59.4213
2512,3,843.095,3,920.39,4,3,59.4095
2513,3,843.095,3,920.39,3,3,59.3976
2514,3,843.095,3,918.062,0,0,59.3857
2515,3,843.095,3,916.802,0,2,59.3738
2516,3,843.095,3,916.802,1,1,59.362
2517,3,843.095,3,915.911,4,3,59.3501
2518,3,843.095,3,914.779,0,2,59.3382
2519,3,843.095,3,914.779,3,1,59.3263
2520,3,843.095,3,893.684,2,0,59.3145
2521,3,843.095,3,880.036,3,0,59.3026
2522,3,843.095,3,879.603,4,1,59.2908
2523,3,843.095,3,879.603,0,2,59.2789
2524,3,843.095,3,879.603,3,1,59.267
2525,3,843.095,3,876.143,0,1,59.2552
2526,3,843.095,3,876.143,4,0,59.2433
2527,3,843.095,3,876.143,1,2,59.2315
2528,3,843.095,3,876.143,3,1,59.2196
2529,3,843.095,3,879.032,0,3,59.2078
2530,3,843.095,3,879.032,2,1,59.196
2531,3,843.095,3,878.879,3,3,59.1841
2532,3,843.095,3,876.203,2,2,59.1723
2533,3,843.095,3,881.903,2,2,59.1604
2534,3,843.095,3,887.281,2,3,59.1486
2535,3,843.095,3,885.881,0,3,59.1368
2536,3,843.095,3,884.001,3,1,59.125
2537,3,843.095,3,884.823,0,2,59.1131
2538,3,843.095,3,879.223,4,3,59.1013
2539,3,843.095,3,993.975,1,0,59.0895
2540,3,843.095,3,940.975,2,0,59.0777
2541,3,843.095,3,945.499,4,0,59.0659
2542,3,843.095,3,945.662,3,3,59.054
2543,3,843.095,3,944.769,3,2,59.0422
2544,3,843.095,3,944.769,1,2,59.0304
2545,3,843.095,3,939.112,3,1,59.0186
2546,3,843.095,3,922.234,2,0,59.0068
2547,3,843.095,3,922.234,0,3,58.995
2548,3,843.095,3,922.234,0,0,58.9832
2549,3,843.095,3,917.266,4,1,58.9714
2550,3,843.095,3,909.485,3,0,58.9596
2551,3,843.095,3,916.43,4,1,58.9478
2552,3,843.095,3,916.204,4,1,58.936
2553,3,843.095,3,903.672,2,1,58.9242
2554,3,843.095,3,889.43,4,1,58.9125
2555,3,843.095,3,888.677,0,1,58.9007
2556,3,843.095,3,888.677,0,1,58.8889
2557,3,843.095,3,888.677,0,1,58.8771
2558,3,843.095,3,888.677,1,1,58.8653
2559,3,843.095,3,888.677,4,1,58.8536
2560,3,843.095,3,888.677,0,2,58.8418
2561,3,843.095,3,888.677,0,1,58.83
2562,3,843.095,3,888.677,3,1,58.8183
2563,3,843.095,3,888.677,4,3,58.8065
2564,3,843.095,3,883.739,0,2,58.7947
2565,3,843.095,3,865.848,2,1,58.783
2566,3,843.095,3,868.576,4,3,58.7712
2567,3,843.095,3,868.686,3,0,58.7595
2568,3,843.095,3,868.686,1,1,58.7477
2569,3,843.095,3,865.959,3,3,58.736
2570,3,843.095,3,862.662,4,0,58.7242
2571,3,843.095,3,863.254,2,0,58.7125
2572,3,843.095,3,863.254,1,1,58.7007
2573,3,843.095,3,862.662,2,1,58.689
2574,3,843.095,3,862.662,2,2,58.6773
2575,3,843.095,3,862.662,1,0,58.6655
2576,3,843.095,3,862.662,1,1,58.6538
2577,3,843.095,3,862.662,1,2,58.6421
2578,3,843.095,3,862.662,3,0,58.6303
2579,3,843.095,3,862.662,1,1,58.6186
2580,3,843.095,3,862.662,1,0,58.6069
2581,3,843.095,3,865.95,2,3,58.5952
2582,3,843.095,3,865.95,1,1,58.5834
2583,3,843.095,3,865.95,2,0,58.5717
2584,3,843.095,3,865.95,1,2,58.56
2585,3,843.095,3,865.626,4,1,58.5483
2586,3,843.095,3,863.718,0,3,58.5366
2587,3,843.095,3,863.607,4,2,58.5249
2588,3,843.095,3,873.823,2,0,58.5132
2589,3,843.095,3,873.823,1,3,58.5015
2590,3,843.095,3,863.399,4,3,58.4898
2591,3,843.095,3,864.611,4,0,58.4781
2592,3,843.095,3,864.611,1,2,58.4664
2593,3,843.095,3,864.611,0,3,58.4547
2594,3,843.095,3,864.611,0,0,58.443
2595,3,843.095,3,856.741,0,1,58.4313
2596,3,843.095,3,855.737,0,0,58.4196
2597,3,843.095,3,856.204,2,3,58.4079
2598,3,843.095,3,856.204,2,0,58.3963
2599,3,843.095,3,857.052,4,2,58.3846
2600,3,843.095,3,857.052,4,1,58.3729
2601,3,843.095,3,857.052,2,1,58.3612
2602,3,843.095,3,866.638,4,2,58.3496
2603,3,843.095,3,861.043,2,0,58.3379
2604,3,843.095,3,861.043,0,1,58.3262
2605,3,843.095,3,861.999,4,3,58.3146
2606,3,843.095,3,863.031,3,0,58.3029
2607,3,843.095,3,863.031,4,2,58.2912
2608,3,843.095,3,863.031,2,2,58.2796
2609,3,843.095,3,868.431,4,0,58.2679
2610,3,843.095,3,868.431,1,0,58.2563
2611,3,843.095,3,868.431,1,1,58.2446
2612,3,843.095,3,868.035,0,1,58.233
2613,3,843.095,3,868.035,3,2,58.2213
2614,3,843.095,3,868.035,1,1,58.2097
2615,3,843.095,3,869.633,2,0,58.198
2616,3,843.095,3,871.102,4,3,58.1864
2617,3,843.095,3,869.779,3,2,58.1748
2618,3,843.095,3,872.248,3,2,58.1631
2619,3,843.095,3,872.411,3,3,58.1515
2620,3,843.095,3,869.968,3,1,58.1399
2621,3,843.095,3,869.968,0,0,58.1282
2622,3,843.095,3,869.968,3,1,58.1166
2623,3,843.095,3,866.153,2,1,58.105
2624,3,843.095,3,866.153,0,1,58.0934
2625,3,843.095,3,866.153,1,2,58.0817
2626,3,843.095,3,866.153,2,2,58.0701
2627,3,843.095,3,862.402,0,3,58.0585
2628,3,843.095,3,862.402,0,2,58.0469
2629,3,843.095,3,862.402,1,2,58.0353
2630,3,843.095,3,861.936,2,1,58.0237
2631,3,843.095,3,860.628,4,3,58.0121
2632,3,843.095,3,860.628,1,1,58.0005
2633,3,843.095,3,860.628,3,0,57.9889
2634,3,843.095,3,860.944,4,3,57.9773
2635,3,843.095,3,860.944,4,1,57.9657
2636,3,843.095,3,860.944,1,2,57.9541
2637,3,843.095,3,860.944,0,2,57.9425
2638,3,843.095,3,859.268,4,1,57.9309
2639,3,843.095,3,859.177,4,2,57.9193
2640,3,843.095,3,859.177,3,3,57.9077
2641,3,843.095,3,859.177,4,3,57.8962
2642,3,843.095,3,859.177,1,0,57.8846
2643,3,843.095,3,859.177,4,3,57.873
2644,3,843.095,3,859.177,4,3,57.8614
2645,3,843.095,3,859.177,2,3,57.8499
2646,3,843.095,3,861.043,3,3,57.8383
2647,3,843.095,3,861.043,1,2,57.8267
2648,3,843.095,3,861.043,4,0,57.8151
2649,3,843.095,3,861.043,0,0,57.8036
2650,3,843.095,3,864.874,4,3,57.792
2651,3,843.095,3,864.874,3,0,57.7805
2652,3,843.095,3,864.874,0,0,57.7689
2653,3,843.095,3,857.052,2,2,57.7574
2654,3,843.095,3,857.052,3,2,57.7458
2655,3,843.095,3,857.052,4,0,57.7343
2656,3,843.095,3,856.735,2,2,57.7227
2657,3,843.095,3,856.735,3,3,57.7112
2658,3,843.095,3,865.39,4,0,57.6996
2659,3,843.095,3,865.906,2,0,57.6881
2660,3,843.095,3,865.906,3,2,57.6765
2661,3,843.095,3,865.906,2,2,57.665
2662,3,843.095,3,866.448,3,3,57.6535
2663,3,843.095,3,866.448,4,0,57.6419
2664,3,843.095,3,866.448,3,0,57.6304
2665,3,843.095,3,866.448,2,3,57.6189
2666,3,843.095,3,866.448,3,0,57.6074
2667,3,843.095,3,866.448,1,3,57.5958
2668,3,843.095,3,866.448,2,0,57.5843
2669,3,843.095,3,871.887,2,1,57.5728
2670,3,843.095,3,872.056,3,2,57.5613
2671,3,843.095,3,866.075,2,2,57.5498
2672,3,843.095,3,865.642,0,2,57.5383
2673,3,843.095,3,865.642,1,2,57.5268
2674,3,843.095,3,865.71,4,3,57.5153
2675,3,843.095,3,865.71,1,1,57.5038
2676,3,843.095,3,865.71,4,3,57.4923
2677,3,843.095,3,865.71,0,3,57.4808
2678,3,843.095,3,856.735,2,0,57.4693
2679,3,843.095,3,856.735,2,0,57.4578
2680,3,843.095,3,856.735,0,1,57.4463
2681,3,843.095,3,856.735,4,1,57.4348
2682,3,843.095,3,856.735,1,1,57.4233
2683,3,843.095,3,857.052,0,0,57.4118
2684,3,843.095,3,856.735,0,0,57.4003
2685,3,843.095,3,856.735,0,2,57.3889
2686,3,843.095,3,856.585,3,3,57.3774
2687,3,843.095,3,856.585,0,2,57.3659
2688,3,843.095,3,856.585,1,0,57.3544
2689,3,843.095,3,861.043,2,0,57.343
2690,3,843.095,3,858.601,3,2,57.3315
2691,3,843.095,3,859.219,3,0,57.32
2692,3,843.095,3,859.219,1,2,57.3086
2693,3,843.095,3,859.219,0,3,57.2971
2694,3,843.095,3,859.219,1,3,57.2856
2695,3,843.095,3,863.063,3,0,57.2742
2696,3,843.095,3,863.063,1,1,57.2627
2697,3,843.095,3,861.664,0,0,57.2513
2698,3,843.095,3,861.664,4,1,57.2398
2699,3,843.095,3,864.289,2,3,57.2284
2700,3,843.095,3,864.289,0,1,57.2169
2701,3,843.095,3,864.289,0,2,57.2055
2702,3,843.095,3,864.289,4,3,57.194
2703,3,843.095,3,864.289,0,1,57.1826
2704,3,843.095,3,861.664,0,2,57.1712
2705,3,843.095,3,861.664,3,0,57.1597
2706,3,843.095,3,864.216,0,3,57.1483
2707,3,843.095,3,872.967,3,3,57.1369
2708,3,843.095,3,876.828,2,3,57.1254
2709,3,843.095,3,873.941,4,1,57.114
2710,3,843.095,3,871.316,3,2,57.1026
2711,3,843.095,3,871.316,0,3,57.0912
2712,3,843.095,3,871.316,2,1,57.0798
2713,3,843.095,3,871.316,0,0,57.0683
2714,3,843.095,3,869.853,2,2,57.0569
2715,3,843.095,3,868.976,4,3,57.0455
2716,3,843.095,3,869.958,3,1,57.0341
2717,3,843.095,3,869.958,1,1,57.0227
2718,3,843.095,3,869.958,3,1,57.0113
2719,3,843.095,3,869.958,3,1,56.9999
2720,3,843.095,3,868.36,0,2,56.9885
2721,3,843.095,3,866.355,3,0,56.9771
2722,3,843.095,3,866.355,4,0,56.9657
2723,3,843.095,3,866.355,0,1,56.9543
2724,3,843.095,3,866.355,1,1,56.9429
2725,3,843.095,3,866.355,1,0,56.9315
2726,3,843.095,3,866.355,1,1,56.9201
2727,3,843.095,3,866.355,0,0,56.9088
2728,3,843.095,3,866.355,1,3,56.8974
2729,3,843.095,3,866.355,4,0,56.886
2730,3,843.095,3,872.144,4,3,56.8746
2731,3,843.095,3,870.795,2,0,56.8632
2732,3,843.095,3,871.181,0,3,56.8519
2733,3,843.095,3,871.181,1,1,56.8405
2734,3,843.095,3,865.783,3,1,56.8291
2735,3,843.095,3,865.783,2,3,56.8178
2736,3,843.095,3,873.781,2,0,56.8064
2737,3,843.095,3,873.395,3,3,56.795
2738,3,843.095,3,873.395,0,0,56.7837
2739,3,843.095,3,873.395,0,1,56.7723
2740,3,843.095,3,873.395,4,1,56.761
2741,3,843.095,3,878.698,3,3,56.7496
2742,3,843.095,3,873.666,3,1,56.7383
2743,3,843.095,3,878.335,2,1,56.7269
2744,3,843.095,3,862.395,2,2,56.7156
2745,3,843.095,3,862.395,0,1,56.7042
2746,3,843.095,3,861.183,3,0,56.6929
2747,3,843.095,3,859.744,3,0,56.6816
2748,3,843.095,3,859.744,3,0,56.6702
2749,3,843.095,3,859.744,4,3,56.6589
2750,3,843.095,3,859.744,1,3,56.6476
2751,3,843.095,3,859.744,1,1,56.6362
2752,3,843.095,3,859.744,0,0,56.6249
2753,3,843.095,3,859.744,4,2,56.6136
2754,3,843.095,3,863.204,0,0,56.6022
2755,3,843.095,3,860.177,3,0,56.5909
2756,3,843.095,3,860.177,3,3,56.5796
2757,3,843.095,3,860.177,3,3,56.5683
2758,3,843.095,3,860.177,0,1,56.557
2759,3,843.095,3,869.709,2,0,56.5457
2760,3,843.095,3,869.709,1,2,56.5344
2761,3,843.095,3,869.709,1,0,56.5231
2762,3,843.095,3,869.471,3,2,56.5117
2763,3,843.095,3,869.155,0,0,56.5004
2764,3,843.095,3,869.155,0,0,56.4891
2765,3,843.095,3,869.155,1,3,56.4778
2766,3,843.095,3,869.155,1,3,56.4666
2767,3,843.095,3,869.155,2,3,56.4553
2768,3,843.095,3,869.155,1,0,56.444
2769,3,843.095,3,869.155,1,2,56.4327
2770,3,843.095,3,869.155,3,2,56.4214
2771,3,843.095,3,869.155,2,3,56.4101
2772,3,843.095,3,869.155,0,1,56.3988
2773,3,843.095,3,869.155,4,2,56.3875
2774,3,843.095,3,869.523,4,3,56.3763
2775,3,843.095,3,869.523,4,2,56.365
2776,3,843.095,3,869.839,4,2,56.3537
2777,3,843.095,3,869.839,2,2,56.3424
2778,3,843.095,3,864.747,0,3,56.3312
2779,3,843.095,3,864.747,0,2,56.3199
2780,3,843.095,3,864.431,3,1,56.3087
2781,3,843.095,3,864.431,1,2,56.2974
2782,3,843.095,3,864.747,4,0,56.2861
2783,3,843.095,3,864.747,2,0,56.2749
2784,3,843.095,3,864.314,3,1,56.2636
2785,3,843.095,3,863.634,2,2,56.2524
2786,3,843.095,3,863.266,0,2,56.2411
2787,3,843.095,3,858.234,0,1,56.2299
2788,3,843.095,3,858.234,2,0,56.2186
2789,3,843.095,3,864.585,2,3,56.2074
2790,3,843.095,3,864.585,1,0,56.1961
2791,3,843.095,3,864.585,4,2,56.1849
2792,3,843.095,3,864.585,0,1,56.1737
2793,3,843.095,3,864.585,1,1,56.1624
2794,3,843.095,3,864.585,1,1,56.1512
2795,3,843.095,3,864.585,3,2,56.14
2796,3,843.095,3,864.585,1,3,56.1287
2797,3,843.095,3,867.991,4,2,56.1175
2798,3,843.095,3,867.991,1,1,56.1063
2799,3,843.095,3,867.991,4,1,56.0951
2800,3,843.095,3,873.006,2,2,56.0838
2801,3,843.095,3,872.49,3,3,56.0726
2802,3,843.095,3,872.49,4,2,56.0614
2803,3,843.095,3,872.49,3,1,56.0502
2804,3,843.095,3,873.006,2,3,56.039
2805,3,843.095,3,868.099,4,1,56.0278
2806,3,843.095,3,868.099,0,1,56.0166
2807,3,843.095,3,868.099,0,0,56.0054
2808,3,843.095,3,868.099,3,2,55.9942
2809,3,843.095,3,868.099,2,0,55.983
2810,3,843.095,3,868.099,0,0,55.9718
2811,3,843.095,3,868.099,3,2,55.9606
2812,3,843.095,3,868.099,4,1,55.9494
2813,3,843.095,3,864.268,0,2,55.9382
2814,3,843.095,3,864.268,3,3,55.927
2815,3,843.095,3,864.268,1,1,55.9158
2816,3,843.095,3,858.351,3,2,55.9046
2817,3,843.095,3,857.503,0,0,55.8935
2818,3,843.095,3,857.503,4,1,55.8823
2819,3,843.095,3,857.503,4,2,55.8711
2820,3,843.095,3,857.503,0,1,55.8599
2821,3,843.095,3,857.503,2,3,55.8488
2822,3,843.095,3,857.503,0,2,55.8376
2823,3,843.095,3,857.503,1,3,55.8264
2824,3,843.095,3,857.503,0,1,55.8153
2825,3,843.095,3,861.943,4,2,55.8041
2826,3,843.095,3,861.528,3,2,55.7929
2827,3,843.095,3,865.49,2,0,55.7818
2828,3,843.095,3,865.49,1,0,55.7706
2829,3,843.095,3,865.49,3,2,55.7595
2830,3,843.095,3,865.49,1,2,55.7483
2831,3,843.095,3,867.273,3,3,55.7372
2832,3,843.095,3,867.273,1,1,55.726
2833,3,843.095,3,867.273,0,1,55.7149
2834,3,843.095,3,867.273,1,1,55.7037
2835,3,843.095,3,867.273,4,2,55.6926
2836,3,843.095,3,866.84,0,1,55.6814
2837,3,843.095,3,867.273,0,3,55.6703
2838,3,843.095,3,867.273,1,1,55.6592
2839,3,843.095,3,867.273,3,2,55.648
2840,3,843.095,3,867.273,0,2,55.6369
2841,3,843.095,3,866.807,4,2,55.6258
2842,3,843.095,3,866.807,1,2,55.6147
2843,3,843.095,3,873.318,2,3,55.6035
2844,3,843.095,3,863.905,2,3,55.5924
2845,3,843.095,3,863.905,1,1,55.5813
2846,3,843.095,3,866.374,2,2,55.5702
2847,3,843.095,3,866.374,0,1,55.5591
2848,3,843.095,3,866.374,1,2,55.548
2849,3,843.095,3,866.374,2,1,55.5369
2850,3,843.095,3,866.374,3,1,55.5257
2851,3,843.095,3,872.185,2,2,55.5146
2852,3,843.095,3,872.185,4,1,55.5035
2853,3,843.095,3,872.185,4,1,55.4924
2854,3,843.095,3,871.677,3,2,55.4813
2855,3,843.095,3,871.677,0,0,55.4702
2856,3,843.095,3,874.09,3,3,55.4591
2857,3,843.095,3,866.374,2,2,55.4481
2858,3,843.095,3,866.809,3,3,55.437
2859,3,843.095,3,866.809,3,1,55.4259
2860,3,843.095,3,866.809,0,2,55.4148
2861,3,843.095,3,865.492,0,2,55.4037
2862,3,843.095,3,865.492,3,0,55.3926
2863,3,843.095,3,865.492,3,0,55.3816
2864,3,843.095,3,865.492,0,3,55.3705
2865,3,843.095,3,862.638,0,0,55.3594
2866,3,843.095,3,862.204,3,0,55.3483
2867,3,843.095,3,873.823,2,3,55.3373
2868,3,843.095,3,873.823,2,2,55.3262
2869,3,843.095,3,871.755,2,0,55.3151
2870,3,843.095,3,871.32,0,2,55.3041
2871,3,843.095,3,862.361,2,0,55.293
2872,3,843.095,3,874.332,2,3,55.2819
2873,3,843.095,3,866.828,2,0,55.2709
2874,3,843.095,3,866.77,3,0,55.2598
2875,3,843.095,3,865.788,3,2,55.2488
2876,3,843.095,3,865.788,2,3,55.2377
2877,3,843.095,3,868.201,4,3,55.2267
2878,3,843.095,3,863.702,0,1,55.2156
2879,3,843.095,3,863.316,4,3,55.2046
2880,3,843.095,3,863.316,1,3,55.1936
2881,3,843.095,3,863.316,0,2,55.1825
2882,3,843.095,3,861.963,0,3,55.1715
2883,3,843.095,3,861.963,1,3,55.1604
2884,3,843.095,3,859.276,3,1,55.1494
2885,3,843.095,3,859.276,2,2,55.1384
2886,3,843.095,3,856.972,4,2,55.1274
2887,3,843.095,3,856.972,4,0,55.1163
2888,3,843.095,3,856.972,2,1,55.1053
2889,3,843.095,3,856.972,3,0,55.0943
2890,3,843.095,3,860.802,3,2,55.0833
2891,3,843.095,3,860.802,2,2,55.0722
2892,3,843.095,3,856.972,4,1,55.0612
2893,3,843.095,3,856.972,4,2,55.0502
2894,3,843.095,3,856.972,0,1,55.0392
2895,3,843.095,3,856.972,0,3,55.0282
2896,3,843.095,3,856.972,3,3,55.0172
2897,3,843.095,3,856.972,3,3,55.0062
2898,3,843.095,3,856.972,0,1,54.9952
2899,3,843.095,3,856.972,0,1,54.9842
2900,3,843.095,3,856.972,1,1,54.9732
2901,3,843.095,3,856.972,2,2,54.9622
2902,3,843.095,3,856.972,0,2,54.9512
2903,3,843.095,3,856.655,3,1,54.9402
2904,3,843.095,3,856.655,1,2,54.9292
2905,3,843.095,3,856.655,4,0,54.9182
2906,3,843.095,3,856.655,0,0,54.9073
2907,3,843.095,3,863.964,0,3,54.8963
2908,3,843.095,3,863.964,1,1,54.8853
2909,3,843.095,3,863.964,0,2,54.8743
2910,3,843.095,3,863.964,2,0,54.8634
2911,3,843.095,3,863.964,0,1,54.8524
2912,3,843.095,3,867.706,2,3,54.8414
2913,3,843.095,3,867.706,1,2,54.8304
2914,3,843.095,3,867.706,4,2,54.8195
2915,3,843.095,3,879.773,2,3,54.8085
2916,3,843.095,3,879.773,0,1,54.7975
2917,3,843.095,3,869.178,2,2,54.7866
2918,3,843.095,3,857.088,2,0,54.7756
2919,3,843.095,3,857.088,1,2,54.7647
2920,3,843.095,3,861.528,3,2,54.7537
2921,3,843.095,3,862.12,2,0,54.7428
2922,3,843.095,3,862.489,4,0,54.7318
2923,3,843.095,3,862.489,3,1,54.7209
2924,3,843.095,3,862.489,0,1,54.7099
2925,3,843.095,3,862.489,2,1,54.699
2926,3,843.095,3,862.489,3,1,54.6881
2927,3,843.095,3,862.056,3,2,54.6771
2928,3,843.095,3,862.056,4,1,54.6662
2929,3,843.095,3,862.056,2,0,54.6552
2930,3,843.095,3,862.056,1,2,54.6443
2931,3,843.095,3,862.056,3,1,54.6334
2932,3,843.095,3,862.056,4,2,54.6225
2933,3,843.095,3,862.056,0,3,54.6115
2934,3,843.095,3,863.688,3,3,54.6006
2935,3,843.095,3,863.688,1,2,54.5897
2936,3,843.095,3,861.095,3,1,54.5788
2937,3,843.095,3,863.67,4,3,54.5679
2938,3,843.095,3,862.321,2,2,54.5569
2939,3,843.095,3,862.321,4,2,54.546
2940,3,843.095,3,862.321,1,3,54.5351
2941,3,843.095,3,862.321,0,0,54.5242
2942,3,843.095,3,862.321,2,2,54.5133
2943,3,843.095,3,862.321,2,0,54.5024
2944,3,843.095,3,862.756,2,2,54.4915
2945,3,843.095,3,862.756,1,0,54.4806
2946,3,843.095,3,862.756,4,1,54.4697
2947,3,843.095,3,952.96,1,3,54.4588
2948,3,843.095,3,939.44,2,3,54.4479
2949,3,843.095,3,939.44,1,1,54.437
2950,3,843.095,3,939.44,1,2,54.4262
2951,3,843.095,3,939.44,1,3,54.4153
2952,3,843.095,3,934.897,3,1,54.4044
2953,3,843.095,3,901.533,2,0,54.3935
2954,3,843.095,3,901.533,1,2,54.3826
2955,3,843.095,3,901.533,1,1,54.3717
2956,3,843.095,3,901.533,1,2,54.3609
2957,3,843.095,3,901.533,1,3,54.35
2958,3,843.095,3,901.533,0,1,54.3391
2959,3,843.095,3,896.502,0,0,54.3283
2960,3,843.095,3,896.502,3,2,54.3174
2961,3,843.095,3,896.502,4,3,54.3065
2962,3,843.095,3,891.227,2,2,54.2957
2963,3,843.095,3,891.227,1,1,54.2848
2964,3,843.095,3,891.227,2,1,54.274
2965,3,843.095,3,891.227,1,1,54.2631
2966,3,843.095,3,891.227,4,0,54.2522
2967,3,843.095,3,891.227,3,1,54.2414
2968,3,843.095,3,889.102,2,1,54.2306
2969,3,843.095,3,889.102,3,2,54.2197
2970,3,843.095,3,889.102,3,2,54.2089
2971,3,843.095,3,885.999,4,3,54.198
2972,3,843.095,3,886.208,4,0,54.1872
2973,3,843.095,3,886.208,3,3,54.1763
2974,3,843.095,3,884.808,3,2,54.1655
2975,3,843.095,3,884.58,0,0,54.1547
2976,3,843.095,3,884.58,2,0,54.1438
2977,3,843.095,3,884.58,0,1,54.133
2978,3,843.095,3,880.967,4,1,54.1222
2979,3,843.095,3,878.649,2,2,54.1114
2980,3,843.095,3,885.811,3,0,54.1005
2981,3,843.095,3,884.835,3,2,54.0897
2982,3,843.095,3,884.835,4,0,54.0789
2983,3,843.095,3,884.835,1,1,54.0681
2984,3,843.095,3,885.151,3,2,54.0573
2985,3,843.095,3,885.151,0,0,54.0465
2986,3,843.095,3,883.198,0,1,54.0357
2987,3,843.095,3,883.198,2,0,54.0248
2988,3,843.095,3,883.198,4,2,54.014
2989,3,843.095,3,883.198,0,2,54.0032
2990,3,843.095,3,872.037,4,2,53.9924
2991,3,843.095,3,866.392,2,2,53.9816
2992,3,843.095,3,866.392,3,1,53.9708
2993,3,843.095,3,866.392,2,3,53.96
2994,3,843.095,3,866.392,4,0,53.9493
2995,3,843.095,3,866.392,3,1,53.9385
2996,3,843.095,3,867.526,2,3,53.9277
2997,3,843.095,3,867.526,3,0,53.9169
2998,3,843.095,3,869.403,4,1,53.9061
2999,3,843.095,3,877.156,0,3,53.8953
3000,3,843.095,3,877.156,1,0,53.8845
3001,3,843.095,3,863.709,0,0,53.8738
3002,3,843.095,3,863.709,2,0,53.863
3003,3,843.095,3,863.709,2,0,53.8522
3004,3,843.095,3,866.182,4,0,53.8415
3005,3,843.095,3,866.182,1,0,53.8307
3006,3,843.095,3,866.182,4,0,53.8199
3007,3,843.095,3,866.182,0,1,53.8092
3008,3,843.095,3,866.11,4,0,53.7984
3009,3,843.095,3,866.11,0,1,53.7876
3010,3,843.095,3,866.11,1,3,53.7769
3011,3,843.095,3,865.344,4,3,53.7661
3012,3,843.095,3,1010.27,1,2,53.7554
3013,3,843.095,3,1010.27,1,3,53.7446
3014,3,843.095,3,1010.27,4,1,53.7339
3015,3,843.095,3,1010.27,1,0,53.7231
3016,3,843.095,3,1010.27,1,2,53.7124
3017,3,843.095,3,1010.27,1,2,53.7016
3018,3,843.095,3,992.061,4,0,53.6909
3019,3,843.095,3,1009.26,0,3,53.6802
3020,3,843.095,3,973.436,4,1,53.6694
3021,3,843.095,3,973.927,0,0,53.6587
3022,3,843.095,3,943.1,3,1,53.648
3023,3,843.095,3,940.436,2,2,53.6372
3024,3,843.095,3,936.641,4,2,53.6265
3025,3,843.095,3,936.641,1,3,53.6158
3026,3,843.095,3,936.641,1,1,53.605
3027,3,843.095,3,931.856,2,0,53.5943
3028,3,843.095,3,928.907,4,2,53.5836
3029,3,843.095,3,927.141,2,1,53.5729
3030,3,843.095,3,914.646,2,1,53.5622
3031,3,843.095,3,914.646,4,0,53.5515
3032,3,843.095,3,937.055,1,3,53.5408
3033,3,843.095,3,938.819,0,2,53.53
3034,3,843.095,3,935.033,3,2,53.5193
3035,3,843.095,3,934.155,3,1,53.5086
3036,3,843.095,3,934.155,3,0,53.4979
3037,3,843.095,3,952.937,4,3,53.4872
3038,3,843.095,3,952.937,4,0,53.4765
3039,3,843.095,3,950.691,0,1,53.4658
3040,3,843.095,3,950.691,4,1,53.4551
3041,3,843.095,3,939.258,3,0,53.4445
3042,3,843.095,3,939.258,4,1,53.4338
3043,3,843.095,3,939.258,1,2,53.4231
3044,3,843.095,3,940.389,0,0,53.4124
3045,3,843.095,3,940.389,1,0,53.4017
3046,3,843.095,3,940.389,0,0,53.391
3047,3,843.095,3,940.389,4,1,53.3804
3048,3,843.095,3,940.389,2,3,53.3697
3049,3,843.095,3,940.389,0,1,53.359
3050,3,843.095,3,940.389,1,1,53.3483
3051,3,843.095,3,940.389,1,0,53.3377
3052,3,843.095,3,981.981,1,0,53.327
3053,3,843.095,3,981.981,3,0,53.3163
3054,3,843.095,3,949.172,2,3,53.3057
3055,3,843.095,3,953.405,4,3,53.295
3056,3,843.095,3,952.528,0,2,53.2843
3057,3,843.095,3,943.335,4,1,53.2737
3058,3,843.095,3,943.335,4,3,53.263
3059,3,843.095,3,944.667,0,2,53.2524
3060,3,843.095,3,944.667,0,2,53.2417
3061,3,843.095,3,938.504,0,2,53.2311
3062,3,843.095,3,937.566,4,3,53.2204
3063,3,843.095,3,926.659,2,2,53.2098
3064,3,843.095,3,926.659,1,1,53.1992
3065,3,843.095,3,921.362,2,2,53.1885
3066,3,843.095,3,926.23,3,0,53.1779
3067,3,843.095,3,928.691,0,3,53.1672
3068,3,843.095,3,922.194,2,3,53.1566
3069,3,843.095,3,904.012,3,2,53.146
3070,3,843.095,3,899.03,0,2,53.1353
3071,3,843.095,3,896.478,0,1,53.1247
3072,3,843.095,3,895.165,0,2,53.1141
3073,3,843.095,3,899.249,2,3,53.1035
3074,3,843.095,3,899.249,1,3,53.0929
3075,3,843.095,3,900.55,0,3,53.0822
3076,3,843.095,3,900.55,4,1,53.0716
3077,3,843.095,3,896.466,2,0,53.061
3078,3,843.095,3,895.619,3,3,53.0504
3079,3,843.095,3,899.18,0,3,53.0398
3080,3,843.095,3,896.351,3,1,53.0292
3081,3,843.095,3,896.351,4,2,53.0186
3082,3,843.095,3,896.351,4,1,53.008
3083,3,843.095,3,894.316,4,2,52.9974
3084,3,843.095,3,894.043,3,3,52.9868
3085,3,843.095,3,891.49,0,1,52.9762
3086,3,843.095,3,891.49,0,3,52.9656
3087,3,843.095,3,891.49,1,1,52.955
3088,3,843.095,3,892.285,2,0,52.9444
3089,3,843.095,3,892.285,2,2,52.9338
3090,3,843.095,3,891.189,3,2,52.9232
3091,3,843.095,3,891.189,0,0,52.9126
3092,3,843.095,3,891.189,3,1,52.902
3093,3,843.095,3,893.917,3,3,52.8915
3094,3,843.095,3,893.917,1,3,52.8809
3095,3,843.095,3,891.189,2,1,52.8703
3096,3,843.095,3,891.189,3,1,52.8597
3097,3,843.095,3,891.189,4,0,52.8492
3098,3,843.095,3,890.312,3,3,52.8386
3099,3,843.095,3,890.312,2,2,52.828
3100,3,843.095,3,889.642,4,2,52.8175
3101,3,843.095,3,891.042,3,3,52.8069
3102,3,843.095,3,890.822,0,1,52.7963
3103,3,843.095,3,890.822,4,1,52.7858
3104,3,843.095,3,890.822,1,0,52.7752
3105,3,843.095,3,890.822,0,1,52.7647
3106,3,843.095,3,886.887,2,1,52.7541
3107,3,843.095,3,886.887,0,2,52.7436
3108,3,843.095,3,889.3,4,3,52.733
3109,3,843.095,3,889.3,0,3,52.7225
3110,3,843.095,3,889.3,4,1,52.7119
3111,3,843.095,3,890.731,0,3,52.7014
3112,3,843.095,3,890.731,4,2,52.6908
3113,3,843.095,3,891.198,2,0,52.6803
3114,3,843.095,3,889.332,2,1,52.6698
3115,3,843.095,3,892.185,4,1,52.6592
3116,3,843.095,3,890.485,0,3,52.6487
3117,3,843.095,3,1031.35,1,1,52.6382
3118,3,843.095,3,1031.35,3,1,52.6276
3119,3,843.095,3,1026.14,0,2,52.6171
3120,3,843.095,3,1026.14,0,2,52.6066
3121,3,843.095,3,992.974,2,3,52.5961
3122,3,843.095,3,992.974,4,1,52.5855
3123,3,843.095,3,991.816,4,1,52.575
3124,3,843.095,3,991.816,4,1,52.5645
3125,3,843.095,3,991.769,0,0,52.554
3126,3,843.095,3,988.508,3,0,52.5435
3127,3,843.095,3,958.278,4,2,52.533
3128,3,843.095,3,958.278,0,1,52.5225
3129,3,843.095,3,958.278,0,1,52.512
3130,3,843.095,3,956.398,0,2,52.5015
3131,3,843.095,3,952.945,4,1,52.491
3132,3,843.095,3,952.945,0,3,52.4805
3133,3,843.095,3,952.945,4,2,52.47
3134,3,843.095,3,952.945,4,1,52.4595
3135,3,843.095,3,952.945,4,2,52.449
3136,3,843.095,3,881.416,2,0,52.4385
3137,3,843.095,3,881.416,0,2,52.428
3138,3,843.095,3,881.416,1,2,52.4175
3139,3,843.095,3,869.78,2,0,52.407
3140,3,843.095,3,869.78,3,1,52.3966
3141,3,843.095,3,869.78,1,2,52.3861
3142,3,843.095,3,869.78,4,0,52.3756
3143,3,843.095,3,871.179,3,3,52.3651
3144,3,843.095,3,871.179,0,0,52.3547
3145,3,843.095,3,881.42,2,3,52.3442
3146,3,843.095,3,878.437,0,0,52.3337
3147,3,843.095,3,890.505,2,1,52.3233
3148,3,843.095,3,890.505,2,0,52.3128
3149,3,843.095,3,892.155,4,3,52.3023
3150,3,843.095,3,891.123,0,3,52.2919
3151,3,843.095,3,892.014,4,0,52.2814
3152,3,843.095,3,890.161,3,0,52.2709
3153,3,843.095,3,885.795,3,1,52.2605
3154,3,843.095,3,887.699,4,0,52.25
3155,3,843.095,3,887.699,4,2,52.2396
3156,3,843.095,3,887.699,3,0,52.2291
3157,3,843.095,3,879.952,0,1,52.2187
3158,3,843.095,3,879.952,1,2,52.2083
3159,3,843.095,3,877.639,0,1,52.1978
3160,3,843.095,3,877.639,1,3,52.1874
3161,3,843.095,3,877.639,1,2,52.1769
3162,3,843.095,3,877.639,4,2,52.1665
3163,3,843.095,3,873.705,0,3,52.1561
3164,3,843.095,3,873.035,0,2,52.1456
3165,3,843.095,3,873.035,0,1,52.1352
3166,3,843.095,3,877.026,4,0,52.1248
3167,3,843.095,3,877.026,4,1,52.1144
3168,3,843.095,3,877.696,3,3,52.1039
3169,3,843.095,3,877.696,3,1,52.0935
3170,3,843.095,3,877.696,1,3,52.0831
3171,3,843.095,3,877.696,4,0,52.0727
3172,3,843.095,3,877.696,3,1,52.0623
3173,3,843.095,3,877.696,1,1,52.0518
3174,3,843.095,3,877.696,2,1,52.0414
3175,3,843.095,3,877.696,3,1,52.031
3176,3,843.095,3,880.008,3,0,52.0206
3177,3,843.095,3,1068.86,1,2,52.0102
3178,3,843.095,3,993.868,2,0,51.9998
3179,3,843.095,3,1013.51,4,0,51.9894
3180,3,843.095,3,1003.85,2,2,51.979
3181,3,843.095,3,986.532,2,0,51.9686
3182,3,843.095,3,986.532,1,2,51.9582
3183,3,843.095,3,982.656,4,0,51.9478
3184,3,843.095,3,981.901,2,3,51.9374
3185,3,843.095,3,977.148,4,3,51.9271
3186,3,843.095,3,973.761,4,0,51.9167
3187,3,843.095,3,955.052,0,1,51.9063
3188,3,843.095,3,954.903,0,2,51.8959
3189,3,843.095,3,965.843,3,2,51.8855
3190,3,843.095,3,965.843,1,1,51.8752
3191,3,843.095,3,979.364,2,3,51.8648
3192,3,843.095,3,979.21,1,0,51.8544
3193,3,843.095,3,979.21,1,3,51.844
3194,3,843.095,3,979.21,1,0,51.8337
3195,3,843.095,3,953.872,0,2,51.8233
3196,3,843.095,3,953.872,1,0,51.8129
3197,3,843.095,3,944.067,2,1,51.8026
3198,3,843.095,3,944.067,1,1,51.7922
3199,3,843.095,3,938.233,3,2,51.7819
3200,3,843.095,3,924.444,3,2,51.7715
3201,3,843.095,3,925.305,3,0,51.7611
3202,3,843.095,3,910.53,3,3,51.7508
3203,3,843.095,3,915.635,2,0,51.7404
3204,3,843.095,3,903.538,4,1,51.7301
3205,3,843.095,3,903.519,0,0,51.7197
3206,3,843.095,3,890.559,4,2,51.7094
3207,3,843.095,3,890.559,4,0,51.6991
3208,3,843.095,3,890.559,1,3,51.6887
3209,3,843.095,3,887.26,0,3,51.6784
3210,3,843.095,3,879.104,2,3,51.668
3211,3,843.095,3,879.104,1,0,51.6577
3212,3,843.095,3,879.104,1,3,51.6474
3213,3,843.095,3,874.223,2,0,51.6371
3214,3,843.095,3,874.223,2,0,51.6267
3215,3,843.095,3,874.223,3,0,51.6164
3216,3,843.095,3,874.223,1,3,51.6061
3217,3,843.095,3,874.223,1,0,51.5958
3218,3,843.095,3,874.223,1,3,51.5854
3219,3,843.095,3,874.223,1,0,51.5751
3220,3,843.095,3,873.661,4,3,51.5648
3221,3,843.095,3,875.57,0,0,51.5545
3222,3,843.095,3,875.57,3,0,51.5442
3223,3,843.095,3,867.346,3,2,51.5339
3224,3,843.095,3,867.414,4,3,51.5236
3225,3,843.095,3,867.414,4,2,51.5133
3226,3,843.095,3,868.207,2,2,51.503
3227,3,843.095,3,868.207,3,1,51.4927
3228,3,843.095,3,867.89,4,2,51.4824
3229,3,843.095,3,867.89,4,3,51.4721
3230,3,843.095,3,888.019,1,3,51.4618
3231,3,843.095,3,888.019,2,0,51.4515
3232,3,843.095,3,890.343,2,3,51.4412
3233,3,843.095,3,890.343,1,2,51.4309
3234,3,843.095,3,887.791,2,1,51.4206
3235,3,843.095,3,887.791,2,0,51.4103
3236,3,843.095,3,891.516,3,1,51.4
3237,3,843.095,3,891.516,2,2,51.3898
3238,3,843.095,3,891.584,2,3,51.3795
3239,3,843.095,3,890.138,3,1,51.3692
3240,3,843.095,3,890.138,4,1,51.3589
3241,3,843.095,3,890.138,0,2,51.3487
3242,3,843.095,3,890.138,0,0,51.3384
3243,3,843.095,3,885.711,2,1,51.3281
3244,3,843.095,3,881.986,2,3,51.3179
3245,3,843.095,3,881.986,0,0,51.3076
3246,3,843.095,3,881.986,0,1,51.2973
3247,3,843.095,3,892.456,2,3,51.2871
3248,3,843.095,3,893.404,3,3,51.2768
3249,3,843.095,3,893.404,0,2,51.2666
3250,3,843.095,3,893.404,4,3,51.2563
3251,3,843.095,3,893.404,1,2,51.2461
3252,3,843.095,3,895.284,0,3,51.2358
3253,3,843.095,3,886.375,4,2,51.2256
3254,3,843.095,3,884.711,0,1,51.2153
3255,3,843.095,3,884.711,4,3,51.2051
3256,3,843.095,3,886.306,3,2,51.1948
3257,3,843.095,3,886.306,4,2,51.1846
3258,3,843.095,3,886.306,1,2,51.1744
3259,3,843.095,3,880.093,2,2,51.1641
3260,3,843.095,3,876.229,2,1,51.1539
3261,3,843.095,3,876.229,1,2,51.1437
3262,3,843.095,3,882.064,2,0,51.1334
3263,3,843.095,3,881.71,0,3,51.1232
3264,3,843.095,3,881.71,3,0,51.113
3265,3,843.095,3,877.776,2,2,51.1028
3266,3,843.095,3,886.514,3,2,51.0925
3267,3,843.095,3,884.919,0,1,51.0823
3268,3,843.095,3,884.919,1,2,51.0721
3269,3,843.095,3,884.919,3,1,51.0619
3270,3,843.095,3,888.74,2,3,51.0517
3271,3,843.095,3,888.74,0,1,51.0415
3272,3,843.095,3,880.396,2,0,51.0313
3273,3,843.095,3,880.396,0,0,51.0211
3274,3,843.095,3,880.396,0,0,51.0108
3275,3,843.095,3,880.396,1,1,51.0006
3276,3,843.095,3,880.396,2,2,50.9904
3277,3,843.095,3,880.328,3,0,50.9802
3278,3,843.095,3,880.328,2,1,50.9701
3279,3,843.095,3,879.653,4,2,50.9599
3280,3,843.095,3,863.945,2,0,50.9497
3281,3,843.095,3,863.945,4,0,50.9395
3282,3,843.095,3,863.945,1,0,50.9293
3283,3,843.095,3,864.055,3,3,50.9191
3284,3,843.095,3,859.556,3,0,50.9089
3285,3,843.095,3,859.556,1,0,50.8987
3286,3,843.095,3,859.556,4,3,50.8886
3287,3,843.095,3,859.556,3,2,50.8784
3288,3,843.095,3,859.556,1,2,50.8682
3289,3,843.095,3,864.681,0,3,50.858
3290,3,843.095,3,864.681,4,1,50.8479
3291,3,843.095,3,869.518,0,2,50.8377
3292,3,843.095,3,869.518,2,0,50.8275
3293,3,843.095,3,868.136,2,0,50.8174
3294,3,843.095,3,867.525,3,2,50.8072
3295,3,843.095,3,862.688,0,1,50.797
3296,3,843.095,3,867.525,2,2,50.7869
3297,3,843.095,3,867.525,1,2,50.7767
3298,3,843.095,3,864.282,4,0,50.7666
3299,3,843.095,3,864.598,3,3,50.7564
3300,3,843.095,3,864.598,4,1,50.7463
3301,3,843.095,3,865.747,0,3,50.7361
3302,3,843.095,3,865.747,3,0,50.726
3303,3,843.095,3,865.747,1,2,50.7158
3304,3,843.095,3,865.747,0,0,50.7057
3305,3,843.095,3,865.747,1,0,50.6955
3306,3,843.095,3,865.747,4,1,50.6854
3307,3,843.095,3,865.747,1,1,50.6753
3308,3,843.095,3,863.698,3,0,50.6651
3309,3,843.095,3,863.698,1,3,50.655
3310,3,843.095,3,862.564,0,1,50.6449
3311,3,843.095,3,862.564,3,1,50.6347
3312,3,843.095,3,857.583,2,1,50.6246
3313,3,843.095,3,857.583,1,0,50.6145
3314,3,843.095,3,857.583,2,0,50.6043
3315,3,843.095,3,857.583,4,1,50.5942
3316,3,843.095,3,857.583,3,3,50.5841
3317,3,843.095,3,865.31,3,2,50.574
3318,3,843.095,3,860.135,2,2,50.5639
3319,3,843.095,3,860.135,0,3,50.5538
3320,3,843.095,3,864.634,4,1,50.5437
3321,3,843.095,3,860.42,4,1,50.5335
3322,3,843.095,3,873.545,3,0,50.5234
3323,3,843.095,3,877.787,4,0,50.5133
3324,3,843.095,3,878.303,2,2,50.5032
3325,3,843.095,3,878.303,0,2,50.4931
3326,3,843.095,3,882.171,0,3,50.483
3327,3,843.095,3,856.198,2,1,50.4729
3328,3,843.095,3,860.671,0,2,50.4628
3329,3,843.095,3,860.671,3,2,50.4527
3330,3,843.095,3,860.671,0,2,50.4427
3331,3,843.095,3,860.671,2,2,50.4326
3332,3,843.095,3,860.438,4,2,50.4225
3333,3,843.095,3,860.438,2,2,50.4124
3334,3,843.095,3,860.438,2,0,50.4023
3335,3,843.095,3,860.438,1,0,50.3922
3336,3,843.095,3,860.438,2,0,50.3822
3337,3,843.095,3,860.438,4,1,50.3721
3338,3,843.095,3,860.438,0,1,50.362
3339,3,843.095,3,860.529,4,3,50.3519
3340,3,843.095,3,860.529,4,3,50.3419
3341,3,843.095,3,866.246,0,3,50.3318
3342,3,843.095,3,866.246,1,0,50.3217
3343,3,843.095,3,866.246,1,2,50.3117
3344,3,843.095,3,862.665,3,1,50.3016
3345,3,843.095,3,864.347,4,3,50.2915
3346,3,843.095,3,857.775,2,2,50.2815
3347,3,843.095,3,857.664,3,2,50.2714
3348,3,843.095,3,857.664,0,1,50.2614
3349,3,843.095,3,857.524,4,2,50.2513
3350,3,843.095,3,857.524,1,3,50.2413
3351,3,843.095,3,857.524,1,0,50.2312
3352,3,843.095,3,857.524,0,1,50.2212
3353,3,843.095,3,857.524,2,3,50.2111
3354,3,843.095,3,857.524,2,2,50.2011
3355,3,843.095,3,857.524,1,0,50.191
3356,3,843.095,3,857.524,4,3,50.181
3357,3,843.095,3,853.283,3,1,50.171
3358,3,843.095,3,853.283,1,0,50.1609
3359,3,843.095,3,855.661,2,3,50.1509
3360,3,843.095,3,853.636,4,2,50.1409
3361,3,843.095,3,853.636,2,1,50.1308
3362,3,843.095,3,853.636,4,1,50.1208
3363,3,843.095,3,853.636,0,1,50.1108
3364,3,843.095,3,853.283,4,1,50.1008
3365,3,843.095,3,853.6,3,0,50.0908
3366,3,843.095,3,853.6,1,0,50.0807
3367,3,843.095,3,853.6,1,0,50.0707
3368,3,843.095,3,853.283,3,1,50.0607
3369,3,843.095,3,853.283,3,2,50.0507
3370,3,843.095,3,853.283,4,0,50.0407
3371,3,843.095,3,853.283,3,1,50.0307
3372,3,843.095,3,853.283,2,0,50.0207
3373,3,843.095,3,853.283,1,1,50.0107
3374,3,843.095,3,853.283,4,3,50.0007
3375,3,843.095,3,853.519,3,2,49.9907
3376,3,843.095,3,853.283,4,0,49.9807
3377,3,843.095,3,853.283,2,0,49.9707
3378,3,843.095,3,861.531,4,0,49.9607
3379,3,843.095,3,861.531,2,2,49.9507
3380,3,843.095,3,861.531,1,2,49.9407
3381,3,843.095,3,861.531,1,0,49.9307
3382,3,843.095,3,861.989,2,3,49.9207
3383,3,843.095,3,861.989,4,3,49.9107
3384,3,843.095,3,863.443,4,1,49.9008
3385,3,843.095,3,863.443,3,2,49.8908
3386,3,843.095,3,863.443,3,0,49.8808
3387,3,843.095,3,862.984,4,3,49.8708
3388,3,843.095,3,862.984,2,2,49.8608
3389,3,843.095,3,863.09,4,3,49.8509
3390,3,843.095,3,863.09,3,3,49.8409
3391,3,843.095,3,863.09,1,0,49.8309
3392,3,843.095,3,863.09,3,2,49.821
3393,3,843.095,3,863.09,4,2,49.811
3394,3,843.095,3,863.09,3,1,49.801
3395,3,843.095,3,863.09,1,1,49.7911
3396,3,843.095,3,900.082,2,1,49.7811
3397,3,843.095,3,901.504,3,0,49.7712
3398,3,843.095,3,901.504,4,1,49.7612
3399,3,843.095,3,894.034,3,3,49.7513
3400,3,843.095,3,894.034,1,1,49.7413
3401,3,843.095,3,893.717,0,2,49.7314
3402,3,843.095,3,893.717,0,1,49.7214
3403,3,843.095,3,893.717,3,3,49.7115
3404,3,843.095,3,895.023,3,3,49.7015
3405,3,843.095,3,895.797,0,3,49.6916
3406,3,843.095,3,888.305,0,3,49.6817
3407,3,843.095,3,870.898,2,2,49.6717
3408,3,843.095,3,872.507,4,3,49.6618
3409,3,843.095,3,872.507,1,3,49.6518
3410,3,843.095,3,874.522,3,0,49.6419
3411,3,843.095,3,878.559,0,0,49.632
3412,3,843.095,3,878.559,0,2,49.6221
3413,3,843.095,3,878.559,0,3,49.6121
3414,3,843.095,3,878.559,1,0,49.6022
3415,3,843.095,3,878.559,1,1,49.5923
3416,3,843.095,3,878.559,1,2,49.5824
3417,3,843.095,3,875.781,2,1,49.5725
3418,3,843.095,3,875.781,2,3,49.5625
3419,3,843.095,3,875.394,0,2,49.5526
3420,3,843.095,3,875.394,1,1,49.5427
3421,3,843.095,3,910.661,1,0,49.5328
3422,3,843.095,3,910.661,2,2,49.5229
3423,3,843.095,3,911.894,4,3,49.513
3424,3,843.095,3,893.784,0,1,49.5031
3425,3,843.095,3,896.011,4,0,49.4932
3426,3,843.095,3,905.161,2,3,49.4833
3427,3,843.095,3,905.161,4,1,49.4734
3428,3,843.095,3,905.161,4,3,49.4635
3429,3,843.095,3,905.161,1,1,49.4536
3430,3,843.095,3,905.161,4,2,49.4437
3431,3,843.095,3,905.161,1,1,49.4338
3432,3,843.095,3,909.735,1,3,49.424
3433,3,843.095,3,909.735,3,1,49.4141
3434,3,843.095,3,901.345,4,2,49.4042
3435,3,843.095,3,901.345,1,0,49.3943
3436,3,843.095,3,889.342,4,0,49.3844
3437,3,843.095,3,891.675,3,3,49.3745
3438,3,843.095,3,891.675,1,1,49.3647
3439,3,843.095,3,891.675,3,2,49.3548
3440,3,843.095,3,899.31,2,3,49.3449
3441,3,843.095,3,899.93,4,2,49.3351
3442,3,843.095,3,899.93,4,2,49.3252
3443,3,843.095,3,899.93,4,0,49.3153
3444,3,843.095,3,889.593,2,1,49.3055
3445,3,843.095,3,889.593,0,2,49.2956
3446,3,843.095,3,888.974,2,2,49.2857
3447,3,843.095,3,888.974,0,0,49.2759
3448,3,843.095,3,892.432,0,3,49.266
3449,3,843.095,3,892.432,1,2,49.2562
3450,3,843.095,3,892.203,4,1,49.2463
3451,3,843.095,3,930.75,4,1,49.2365
3452,3,843.095,3,930.75,3,2,49.2266
3453,3,843.095,3,956.05,4,1,49.2168
3454,3,843.095,3,954.685,0,3,49.2069
3455,3,843.095,3,923.544,2,3,49.1971
3456,3,843.095,3,922.879,4,0,49.1873
3457,3,843.095,3,917.085,0,1,49.1774
3458,3,843.095,3,917.085,0,0,49.1676
3459,3,843.095,3,917.085,3,0,49.1578
3460,3,843.095,3,917.085,1,0,49.1479
3461,3,843.095,3,916.677,4,1,49.1381
3462,3,843.095,3,916.677,1,0,49.1283
3463,3,843.095,3,916.677,4,0,49.1184
3464,3,843.095,3,893.937,2,1,49.1086
3465,3,843.095,3,889.906,4,1,49.0988
3466,3,843.095,3,889.906,2,0,49.089
3467,3,843.095,3,889.906,1,0,49.0792
3468,3,843.095,3,893.272,0,0,49.0693
3469,3,843.095,3,893.272,1,2,49.0595
3470,3,843.095,3,880.801,2,2,49.0497
3471,3,843.095,3,879.819,3,0,49.0399
3472,3,843.095,3,879.819,1,1,49.0301
3473,3,843.095,3,879.819,1,0,49.0203
3474,3,843.095,3,913.075,2,3,49.0105
3475,3,843.095,3,913.085,3,3,49.0007
3476,3,843.095,3,916.175,3,2,48.9909
3477,3,843.095,3,881.49,2,0,48.9811
3478,3,843.095,3,881.49,1,0,48.9713
3479,3,843.095,3,881.49,1,0,48.9615
3480,3,843.095,3,892.339,2,1,48.9517
3481,3,843.095,3,892.339,1,0,48.9419
3482,3,843.095,3,900.162,3,3,48.9321
3483,3,843.095,3,900.162,0,0,48.9223
3484,3,843.095,3,900.162,4,0,48.9126
3485,3,843.095,3,900.162,1,3,48.9028
3486,3,843.095,3,900.162,4,1,48.893
3487,3,843.095,3,879.262,2,1,48.8832
3488,3,843.095,3,879.262,0,1,48.8734
3489,3,843.095,3,879.669,0,3,48.8637
3490,3,843.095,3,881.125,4,3,48.8539
3491,3,843.095,3,881.125,3,1,48.8441
3492,3,843.095,3,879.832,3,0,48.8343
3493,3,843.095,3,879.262,2,0,48.8246
3494,3,843.095,3,876.222,3,2,48.8148
3495,3,843.095,3,876.222,3,0,48.8051
3496,3,843.095,3,876.222,0,2,48.7953
3497,3,843.095,3,876.222,2,2,48.7855
3498,3,843.095,3,876.154,4,2,48.7758
3499,3,843.095,3,882.827,2,3,48.766
3500,3,843.095,3,882.847,4,0,48.7563
3501,3,843.095,3,881.232,0,1,48.7465
3502,3,843.095,3,876.159,3,2,48.7368
3503,3,843.095,3,888.421,0,3,48.727
3504,3,843.095,3,886.368,3,1,48.7173
3505,3,843.095,3,882.761,4,3,48.7075
3506,3,843.095,3,891.533,4,0,48.6978
3507,3,843.095,3,891.533,1,0,48.6881
3508,3,843.095,3,891.533,4,2,48.6783
3509,3,843.095,3,888.486,3,0,48.6686
3510,3,843.095,3,889.406,2,3,48.6588
3511,3,843.095,3,885.304,0,0,48.6491
3512,3,843.095,3,885.304,4,3,48.6394
3513,3,843.095,3,885.304,4,1,48.6297
3514,3,843.095,3,952.335,1,3,48.6199
3515,3,843.095,3,945.989,4,1,48.6102
3516,3,843.095,3,948.138,2,2,48.6005
3517,3,843.095,3,932.47,2,0,48.5908
3518,3,843.095,3,932.47,1,0,48.581
3519,3,843.095,3,937.521,3,3,48.5713
3520,3,843.095,3,937.521,4,0,48.5616
3521,3,843.095,3,929.309,2,3,48.5519
3522,3,843.095,3,931.862,4,0,48.5422
3523,3,843.095,3,923.072,2,3,48.5325
3524,3,843.095,3,923.072,1,3,48.5228
3525,3,843.095,3,923.072,0,0,48.5131
3526,3,843.095,3,923.072,2,1,48.5034
3527,3,843.095,3,922.536,2,0,48.4937
3528,3,843.095,3,922.536,2,3,48.484
3529,3,843.095,3,922.446,3,2,48.4743
3530,3,843.095,3,922.446,0,0,48.4646
3531,3,843.095,3,922.446,0,1,48.4549
3532,3,843.095,3,916.939,2,1,48.4452
3533,3,843.095,3,916.939,1,2,48.4355
3534,3,843.095,3,916.939,1,2,48.4258
3535,3,843.095,3,916.939,1,1,48.4161
3536,3,843.095,3,916.939,0,0,48.4064
3537,3,843.095,3,916.939,4,0,48.3968
3538,3,843.095,3,910.068,3,2,48.3871
3539,3,843.095,3,910.068,2,0,48.3774
3540,3,843.095,3,916.845,3,1,48.3677
3541,3,843.095,3,909.507,3,3,48.3581
3542,3,843.095,3,909.507,1,1,48.3484
3543,3,843.095,3,909.507,1,0,48.3387
3544,3,843.095,3,901.937,2,1,48.3291
3545,3,843.095,3,886.106,0,3,48.3194
3546,3,843.095,3,886.106,2,2,48.3097
3547,3,843.095,3,882.425,3,0,48.3001
3548,3,843.095,3,882.425,2,1,48.2904
3549,3,843.095,3,882.319,4,0,48.2807
3550,3,843.095,3,882.319,0,2,48.2711
3551,3,843.095,3,882.319,3,0,48.2614
3552,3,843.095,3,882.319,1,2,48.2518
3553,3,843.095,3,882.319,1,3,48.2421
3554,3,843.095,3,879.846,2,1,48.2325
3555,3,843.095,3,879.846,2,3,48.2228
3556,3,843.095,3,879.846,4,2,48.2132
3557,3,843.095,3,879.846,0,1,48.2035
3558,3,843.095,3,879.846,1,0,48.1939
3559,3,843.095,3,879.846,1,2,48.1843
3560,3,843.095,3,879.846,4,0,48.1746
3561,3,843.095,3,879.846,2,2,48.165
3562,3,843.095,3,879.846,3,0,48.1554
3563,3,843.095,3,879.706,2,2,48.1457
3564,3,843.095,3,879.706,0,3,48.1361
3565,3,843.095,3,880.247,0,3,48.1265
3566,3,843.095,3,880.247,1,2,48.1169
3567,3,843.095,3,880.358,2,3,48.1072
3568,3,843.095,3,880.358,0,0,48.0976
3569,3,843.095,3,880.005,4,1,48.088
3570,3,843.095,3,880.005,2,0,48.0784
3571,3,843.095,3,900.206,4,3,48.0688
3572,3,843.095,3,900.206,1,0,48.0591
3573,3,843.095,3,896.075,2,2,48.0495
3574,3,843.095,3,900.108,4,2,48.0399
3575,3,843.095,3,890.389,2,3,48.0303
3576,3,843.095,3,890.389,4,3,48.0207
3577,3,843.095,3,890.742,3,3,48.0111
3578,3,843.095,3,890.742,3,3,48.0015
3579,3,843.095,3,890.742,0,3,47.9919
3580,3,843.095,3,890.742,2,3,47.9823
3581,3,843.095,3,890.742,1,1,47.9727
3582,3,843.095,3,890.742,3,1,47.9631
3583,3,843.095,3,890.742,2,3,47.9535
3584,3,843.095,3,890.742,1,0,47.9439
3585,3,843.095,3,890.632,3,2,47.9343
3586,3,843.095,3,899.02,4,3,47.9247
3587,3,843.095,3,895.336,4,1,47.9152
3588,3,843.095,3,895.336,0,1,47.9056
3589,3,843.095,3,895.336,1,0,47.896
3590,3,843.095,3,895.014,4,3,47.8864
3591,3,843.095,3,887.314,3,2,47.8768
3592,3,843.095,3,887.314,1,1,47.8673
3593,3,843.095,3,881.708,0,1,47.8577
3594,3,843.095,3,877.449,4,2,47.8481
3595,3,843.095,3,875.396,4,3,47.8386
3596,3,843.095,3,875.396,1,2,47.829
3597,3,843.095,3,875.396,0,3,47.8194
3598,3,843.095,3,875.396,1,1,47.8099
3599,3,843.095,3,888.533,3,0,47.8003
3600,3,843.095,3,888.533,3,1,47.7907
3601,3,843.095,3,882.334,0,0,47.7812
3602,3,843.095,3,877.597,2,0,47.7716
3603,3,843.095,3,879.467,2,3,47.7621
3604,3,843.095,3,879.467,0,3,47.7525
3605,3,843.095,3,882.293,3,0,47.743
3606,3,843.095,3,880.423,2,1,47.7334
3607,3,843.095,3,880.423,0,1,47.7239
3608,3,843.095,3,880.423,0,0,47.7143
3609,3,843.095,3,880.423,1,2,47.7048
3610,3,843.095,3,886.737,0,3,47.6952
3611,3,843.095,3,886.737,1,1,47.6857
3612,3,843.095,3,888.898,0,3,47.6762
3613,3,843.095,3,888.898,1,3,47.6666
3614,3,843.095,3,882.583,3,2,47.6571
3615,3,843.095,3,889.575,3,2,47.6476
3616,3,843.095,3,885.076,3,0,47.638
3617,3,843.095,3,885.076,1,0,47.6285
3618,3,843.095,3,882.916,4,3,47.619
3619,3,843.095,3,882.916,1,3,47.6095
3620,3,843.095,3,887.415,0,0,47.5999
3621,3,843.095,3,887.415,3,0,47.5904
3622,3,843.095,3,886.85,0,3,47.5809
3623,3,843.095,3,887.01,4,2,47.5714
3624,3,843.095,3,887.01,1,2,47.5619
3625,3,843.095,3,894.228,4,1,47.5524
3626,3,843.095,3,894.228,3,3,47.5428
3627,3,843.095,3,884.774,2,2,47.5333
3628,3,843.095,3,884.774,1,3,47.5238
3629,3,843.095,3,884.086,4,1,47.5143
3630,3,843.095,3,884.086,1,2,47.5048
3631,3,843.095,3,880.151,4,2,47.4953
3632,3,843.095,3,880.151,4,2,47.4858
3633,3,843.095,3,880.151,0,2,47.4763
3634,3,843.095,3,878.094,3,2,47.4668
3635,3,843.095,3,878.094,0,1,47.4573
3636,3,843.095,3,892.981,3,3,47.4478
3637,3,843.095,3,892.925,0,2,47.4384
3638,3,843.095,3,892.815,2,0,47.4289
3639,3,843.095,3,892.815,4,1,47.4194
3640,3,843.095,3,893.201,3,0,47.4099
3641,3,843.095,3,893.201,3,0,47.4004
3642,3,843.095,3,876.786,0,0,47.3909
3643,3,843.095,3,876.786,2,3,47.3815
3644,3,843.095,3,876.786,1,1,47.372
3645,3,843.095,3,888.102,3,0,47.3625
3646,3,843.095,3,884.706,2,3,47.353
3647,3,843.095,3,880.362,2,2,47.3436
3648,3,843.095,3,880.362,1,1,47.3341
3649,3,843.095,3,880.362,1,3,47.3246
3650,3,843.095,3,880.362,2,0,47.3152
3651,3,843.095,3,879.895,4,2,47.3057
3652,3,843.095,3,879.042,3,1,47.2962
3653,3,843.095,3,879.042,4,0,47.2868
3654,3,843.095,3,879.509,2,0,47.2773
3655,3,843.095,3,879.509,4,0,47.2679
3656,3,843.095,3,879.509,1,3,47.2584
3657,3,843.095,3,879.509,1,0,47.249
3658,3,843.095,3,936.054,1,0,47.2395
3659,3,843.095,3,936.054,1,2,47.2301
3660,3,843.095,3,921.744,2,2,47.2206
3661,3,843.095,3,921.744,1,3,47.2112
3662,3,843.095,3,925.41,0,0,47.2017
3663,3,843.095,3,925.41,4,2,47.1923
3664,3,843.095,3,925.41,1,0,47.1829
3665,3,843.095,3,894.427,2,3,47.1734
3666,3,843.095,3,894.427,1,3,47.164
3667,3,843.095,3,893.332,0,2,47.1545
3668,3,843.095,3,890.503,2,1,47.1451
3669,3,843.095,3,890.503,3,0,47.1357
3670,3,843.095,3,890.503,4,2,47.1263
3671,3,843.095,3,880.622,4,3,47.1168
3672,3,843.095,3,880.622,1,3,47.1074
3673,3,843.095,3,880.622,0,0,47.098
3674,3,843.095,3,871.909,2,3,47.0886
3675,3,843.095,3,871.909,2,1,47.0792
3676,3,843.095,3,871.909,3,2,47.0697
3677,3,843.095,3,871.501,2,1,47.0603
3678,3,843.095,3,877.313,2,3,47.0509
3679,3,843.095,3,865.856,0,0,47.0415
3680,3,843.095,3,865.856,0,1,47.0321
3681,3,843.095,3,857.744,2,3,47.0227
3682,3,843.095,3,857.744,0,3,47.0133
3683,3,843.095,3,857.744,1,3,47.0039
3684,3,843.095,3,857.744,3,3,46.9945
3685,3,843.095,3,857.744,0,0,46.9851
3686,3,843.095,3,857.744,0,2,46.9757
3687,3,843.095,3,857.744,4,2,46.9663
3688,3,843.095,3,857.744,1,3,46.9569
3689,3,843.095,3,857.744,0,3,46.9475
3690,3,843.095,3,857.744,1,2,46.9381
3691,3,843.095,3,873.609,3,0,46.9287
3692,3,843.095,3,873.609,1,2,46.9193
3693,3,843.095,3,873.609,0,0,46.91
3694,3,843.095,3,873.609,4,1,46.9006
3695,3,843.095,3,873.609,1,3,46.8912
3696,3,843.095,3,873.609,2,1,46.8818
3697,3,843.095,3,865.459,2,2,46.8724
3698,3,843.095,3,984.785,1,0,46.8631
3699,3,843.095,3,984.785,1,1,46.8537
3700,3,843.095,3,984.785,3,0,46.8443
3701,3,843.095,3,940.615,0,3,46.835
3702,3,843.095,3,940.615,3,2,46.8256
3703,3,843.095,3,947.516,0,0,46.8162
3704,3,843.095,3,945.629,0,2,46.8069
3705,3,843.095,3,945.629,1,1,46.7975
3706,3,843.095,3,945.629,1,2,46.7881
3707,3,843.095,3,945.629,0,0,46.7788
3708,3,843.095,3,935.66,3,3,46.7694
3709,3,843.095,3,935.66,0,2,46.7601
3710,3,843.095,3,935.66,1,2,46.7507
3711,3,843.095,3,935.66,1,0,46.7414
3712,3,843.095,3,934.359,4,3,46.732
3713,3,843.095,3,931.41,0,2,46.7227
3714,3,843.095,3,931.41,1,0,46.7133
3715,3,843.095,3,927.257,3,1,46.704
3716,3,843.095,3,927.257,1,1,46.6946
3717,3,843.095,3,927.257,0,1,46.6853
3718,3,843.095,3,927.257,3,3,46.676
3719,3,843.095,3,927.185,3,2,46.6666
3720,3,843.095,3,927.185,3,0,46.6573
3721,3,843.095,3,906.739,4,2,46.648
3722,3,843.095,3,906.739,3,2,46.6386
3723,3,843.095,3,908.673,2,3,46.6293
3724,3,843.095,3,908.673,4,1,46.62
3725,3,843.095,3,907.608,2,0,46.6107
3726,3,843.095,3,907.608,0,3,46.6013
3727,3,843.095,3,907.961,0,0,46.592
3728,3,843.095,3,905.102,0,1,46.5827
3729,3,843.095,3,905.102,1,2,46.5734
3730,3,843.095,3,905.102,1,2,46.5641
3731,3,843.095,3,904.333,4,2,46.5548
3732,3,843.095,3,904.849,2,0,46.5454
3733,3,843.095,3,904.849,4,0,46.5361
3734,3,843.095,3,903.096,4,0,46.5268
3735,3,843.095,3,903.096,3,2,46.5175
3736,3,843.095,3,905.569,2,0,46.5082
3737,3,843.095,3,903.501,0,0,46.4989
3738,3,843.095,3,905.139,2,3,46.4896
3739,3,843.095,3,905.139,0,2,46.4803
3740,3,843.095,3,905.139,0,3,46.471
3741,3,843.095,3,896.072,0,2,46.4617
3742,3,843.095,3,896.072,1,0,46.4524
3743,3,843.095,3,896.072,1,0,46.4431
3744,3,843.095,3,896.072,0,0,46.4339
3745,3,843.095,3,896.072,0,1,46.4246
3746,3,843.095,3,896.072,0,2,46.4153
3747,3,843.095,3,896.072,1,1,46.406
3748,3,843.095,3,896.286,4,0,46.3967
3749,3,843.095,3,893.981,0,1,46.3874
3750,3,843.095,3,893.981,4,0,46.3782
3751,3,843.095,3,895.142,3,0,46.3689
3752,3,843.095,3,879.433,4,3,46.3596
3753,3,843.095,3,875.82,2,0,46.3503
3754,3,843.095,3,874.66,0,2,46.3411
3755,3,843.095,3,874.66,0,0,46.3318
3756,3,843.095,3,856.728,3,3,46.3225
3757,3,843.095,3,856.728,0,1,46.3133
3758,3,843.095,3,857.576,4,2,46.304
3759,3,843.095,3,857.576,1,3,46.2948
3760,3,843.095,3,856.698,2,3,46.2855
3761,3,843.095,3,856.698,3,2,46.2762
3762,3,843.095,3,856.698,1,0,46.267
3763,3,843.095,3,856.698,2,2,46.2577
3764,3,843.095,3,856.698,3,2,46.2485
3765,3,843.095,3,856.698,1,3,46.2392
3766,3,843.095,3,856.698,1,2,46.23
3767,3,843.095,3,856.698,0,1,46.2207
3768,3,843.095,3,857.576,4,0,46.2115
3769,3,843.095,3,857.576,0,2,46.2022
3770,3,843.095,3,857.26,0,0,46.193
3771,3,843.095,3,857.26,4,1,46.1838
3772,3,843.095,3,857.26,0,1,46.1745
3773,3,843.095,3,859.168,0,0,46.1653
3774,3,843.095,3,859.168,0,2,46.1561
3775,3,843.095,3,857.26,0,3,46.1468
3776,3,843.095,3,857.26,4,0,46.1376
3777,3,843.095,3,857.26,0,0,46.1284
3778,3,843.095,3,856.381,3,0,46.1191
3779,3,843.095,3,864.603,4,2,46.1099
3780,3,843.095,3,864.603,3,0,46.1007
3781,3,843.095,3,864.603,3,0,46.0915
3782,3,843.095,3,864.603,3,0,46.0823
3783,3,843.095,3,864.603,0,2,46.073
3784,3,843.095,3,859.256,4,1,46.0638
3785,3,843.095,3,859.256,4,1,46.0546
3786,3,843.095,3,875.438,3,3,46.0454
3787,3,843.095,3,875.438,1,1,46.0362
3788,3,843.095,3,875.438,3,3,46.027
3789,3,843.095,3,867.288,3,3,46.0178
3790,3,843.095,3,865.886,3,2,46.0086
3791,3,843.095,3,865.886,3,3,45.9994
3792,3,843.095,3,865.886,3,0,45.9902
3793,3,843.095,3,865.886,1,1,45.981
3794,3,843.095,3,865.886,3,2,45.9718
3795,3,843.095,3,854.448,2,1,45.9626
3796,3,843.095,3,854.448,0,0,45.9534
3797,3,843.095,3,854.448,0,0,45.9442
3798,3,843.095,3,854.448,0,2,45.935
3799,3,843.095,3,854.448,2,0,45.9258
3800,3,843.095,3,854.448,1,1,45.9166
3801,3,843.095,3,854.448,1,1,45.9075
3802,3,843.095,3,854.448,2,1,45.8983
3803,3,843.095,3,854.448,1,0,45.8891
3804,3,843.095,3,854.448,3,3,45.8799
3805,3,843.095,3,854.338,0,3,45.8708
3806,3,843.095,3,854.338,3,2,45.8616
3807,3,843.095,3,861.549,2,2,45.8524
3808,3,843.095,3,861.549,1,2,45.8432
3809,3,843.095,3,861.549,0,2,45.8341
3810,3,843.095,3,855.737,3,2,45.8249
3811,3,843.095,3,855.737,4,0,45.8157
3812,3,843.095,3,855.737,3,1,45.8066
3813,3,843.095,3,855.737,3,0,45.7974
3814,3,843.095,3,855.737,4,1,45.7882
3815,3,843.095,3,855.737,3,3,45.7791
3816,3,843.095,3,855.737,3,1,45.7699
3817,3,843.095,3,855.737,2,1,45.7608
3818,3,843.095,3,855.737,1,3,45.7516
3819,3,843.095,3,855.421,0,1,45.7425
3820,3,843.095,3,854.021,4,2,45.7333
3821,3,843.095,3,854.021,2,3,45.7242
3822,3,843.095,3,855.421,0,3,45.715
3823,3,843.095,3,855.421,4,2,45.7059
3824,3,843.095,3,855.421,2,1,45.6968
3825,3,843.095,3,864.475,0,0,45.6876
3826,3,843.095,3,864.475,1,2,45.6785
3827,3,843.095,3,864.475,3,2,45.6693
3828,3,843.095,3,864.567,3,3,45.6602
3829,3,843.095,3,865.466,4,3,45.6511
3830,3,843.095,3,865.466,1,0,45.6419
3831,3,843.095,3,865.033,0,2,45.6328
3832,3,843.095,3,865.033,2,1,45.6237
3833,3,843.095,3,865.033,2,2,45.6146
3834,3,843.095,3,865.033,0,1,45.6054
3835,3,843.095,3,865.033,3,3,45.5963
3836,3,843.095,3,865.033,1,1,45.5872
3837,3,843.095,3,865.033,1,1,45.5781
3838,3,843.095,3,860.126,3,1,45.569
3839,3,843.095,3,860.126,2,0,45.5599
3840,3,843.095,3,860.035,0,1,45.5507
3841,3,843.095,3,860.071,4,3,45.5416
3842,3,843.095,3,863.709,4,3,45.5325
3843,3,843.095,3,863.709,1,0,45.5234
3844,3,843.095,3,868.616,0,2,45.5143
3845,3,843.095,3,868.707,3,3,45.5052
3846,3,843.095,3,891.654,2,3,45.4961
3847,3,843.095,3,886.706,3,2,45.487
3848,3,843.095,3,875.129,2,1,45.4779
3849,3,843.095,3,874.504,4,0,45.4688
3850,3,843.095,3,874.504,1,0,45.4597
3851,3,843.095,3,874.504,0,0,45.4506
3852,3,843.095,3,874.504,1,1,45.4415
3853,3,843.095,3,874.504,1,0,45.4325
3854,3,843.095,3,865.005,2,3,45.4234
3855,3,843.095,3,865.005,4,0,45.4143
3856,3,843.095,3,865.005,1,0,45.4052
3857,3,843.095,3,865.005,1,1,45.3961
3858,3,843.095,3,864.539,4,0,45.387
3859,3,843.095,3,864.539,0,0,45.378
3860,3,843.095,3,864.539,3,2,45.3689
3861,3,843.095,3,859.143,3,2,45.3598
3862,3,843.095,3,859.143,0,0,45.3507
3863,3,843.095,3,859.143,3,0,45.3417
3864,3,843.095,3,859.143,1,1,45.3326
3865,3,843.095,3,857.744,3,1,45.3235
3866,3,843.095,3,857.744,1,1,45.3145
3867,3,843.095,3,857.744,1,2,45.3054
3868,3,843.095,3,857.744,1,3,45.2963
3869,3,843.095,3,857.744,0,0,45.2873
3870,3,843.095,3,869.359,2,0,45.2782
3871,3,843.095,3,863.669,3,0,45.2692
3872,3,843.095,3,863.669,0,1,45.2601
3873,3,843.095,3,866.215,4,3,45.2511
3874,3,843.095,3,872.196,0,1,45.242
3875,3,843.095,3,872.196,2,3,45.233
3876,3,843.095,3,872.196,1,0,45.2239
3877,3,843.095,3,875.154,3,0,45.2149
3878,3,843.095,3,880.03,3,3,45.2058
3879,3,843.095,3,872.411,2,0,45.1968
3880,3,843.095,3,872.411,0,3,45.1878
3881,3,843.095,3,872.411,1,1,45.1787
3882,3,843.095,3,872.411,2,0,45.1697
3883,3,843.095,3,872.411,1,3,45.1606
3884,3,843.095,3,872.411,1,0,45.1516
3885,3,843.095,3,873.623,4,3,45.1426
3886,3,843.095,3,873.623,2,1,45.1336
3887,3,843.095,3,873.623,2,3,45.1245
3888,3,843.095,3,873.623,1,1,45.1155
3889,3,843.095,3,872.097,4,0,45.1065
3890,3,843.095,3,870.885,0,1,45.0975
3891,3,843.095,3,870.885,3,0,45.0884
3892,3,843.095,3,870.885,0,0,45.0794
3893,3,843.095,3,870.885,0,1,45.0704
3894,3,843.095,3,870.885,2,0,45.0614
3895,3,843.095,3,872.073,0,0,45.0524
3896,3,843.095,3,872.073,1,3,45.0434
3897,3,843.095,3,868.613,3,2,45.0344
3898,3,843.095,3,868.613,0,1,45.0254
3899,3,843.095,3,868.613,3,1,45.0164
3900,3,843.095,3,868.613,1,0,45.0073
3901,3,843.095,3,867.425,2,2,44.9983
3902,3,843.095,3,867.425,3,1,44.9893
3903,3,843.095,3,862.926,3,0,44.9803
3904,3,843.095,3,862.926,2,0,44.9714
3905,3,843.095,3,862.926,3,0,44.9624
3906,3,843.095,3,862.926,3,2,44.9534
3907,3,843.095,3,862.926,3,1,44.9444
3908,3,843.095,3,862.926,3,1,44.9354
3909,3,843.095,3,862.926,1,2,44.9264
3910,3,843.095,3,862.926,3,2,44.9174
3911,3,843.095,3,862.926,1,3,44.9084
3912,3,843.095,3,862.926,3,1,44.8994
3913,3,843.095,3,893.08,3,2,44.8905
3914,3,843.095,3,902.406,4,2,44.8815
3915,3,843.095,3,895.132,0,3,44.8725
3916,3,843.095,3,872.32,2,1,44.8635
3917,3,843.095,3,872.32,1,2,44.8546
3918,3,843.095,3,877.116,2,3,44.8456
3919,3,843.095,3,872.414,3,3,44.8366
3920,3,843.095,3,872.414,4,0,44.8277
3921,3,843.095,3,870.994,0,2,44.8187
3922,3,843.095,3,870.994,0,3,44.8097
3923,3,843.095,3,866.199,4,0,44.8008
3924,3,843.095,3,862.746,4,2,44.7918
3925,3,843.095,3,858.756,2,1,44.7829
3926,3,843.095,3,858.756,2,3,44.7739
3927,3,843.095,3,858.756,3,0,44.7649
3928,3,843.095,3,854.757,2,3,44.756
3929,3,843.095,3,854.757,0,0,44.747
3930,3,843.095,3,871.292,0,3,44.7381
3931,3,843.095,3,871.136,0,3,44.7291
3932,3,843.095,3,871.136,2,0,44.7202
3933,3,843.095,3,870.219,3,3,44.7112
3934,3,843.095,3,870.219,2,1,44.7023
3935,3,843.095,3,870.219,4,3,44.6934
3936,3,843.095,3,870.219,1,2,44.6844
3937,3,843.095,3,870.219,0,0,44.6755
3938,3,843.095,3,870.219,1,2,44.6666
3939,3,843.095,3,876.569,3,3,44.6576
3940,3,843.095,3,877.776,2,3,44.6487
3941,3,843.095,3,877.776,0,0,44.6398
3942,3,843.095,3,873.624,4,3,44.6308
3943,3,843.095,3,872.85,4,2,44.6219
3944,3,843.095,3,871.974,4,1,44.613
3945,3,843.095,3,872.143,3,3,44.6041
3946,3,843.095,3,871.657,2,3,44.5951
3947,3,843.095,3,871.224,0,0,44.5862
3948,3,843.095,3,871.224,2,3,44.5773
3949,3,843.095,3,871.114,3,2,44.5684
3950,3,843.095,3,871.114,0,0,44.5595
3951,3,843.095,3,871.114,1,3,44.5506
3952,3,843.095,3,871.43,0,0,44.5417
3953,3,843.095,3,871.43,1,2,44.5327
3954,3,843.095,3,886.87,4,1,44.5238
3955,3,843.095,3,886.87,2,0,44.5149
3956,3,843.095,3,886.87,2,2,44.506
3957,3,843.095,3,889.885,0,2,44.4971
3958,3,843.095,3,873.922,0,1,44.4882
3959,3,843.095,3,876.597,3,3,44.4793
3960,3,843.095,3,880.068,0,3,44.4704
3961,3,843.095,3,880.068,3,3,44.4615
3962,3,843.095,3,860.747,4,2,44.4526
3963,3,843.095,3,860.747,1,2,44.4438
3964,3,843.095,3,861.265,3,0,44.4349
3965,3,843.095,3,860.805,4,2,44.426
3966,3,843.095,3,860.805,2,3,44.4171
3967,3,843.095,3,860.805,1,3,44.4082
3968,3,843.095,3,856.566,2,0,44.3993
3969,3,843.095,3,856.566,0,1,44.3905
3970,3,843.095,3,850.392,3,1,44.3816
3971,3,843.095,3,850.392,1,1,44.3727
3972,3,843.095,3,850.392,1,3,44.3638
3973,3,843.095,3,853.697,4,0,44.3549
3974,3,843.095,3,853.697,0,1,44.3461
3975,3,843.095,3,853.697,0,0,44.3372
3976,3,843.095,3,853.697,1,0,44.3283
3977,3,843.095,3,853.697,4,0,44.3195
3978,3,843.095,3,853.697,2,3,44.3106
3979,3,843.095,3,855.365,3,0,44.3018
3980,3,843.095,3,963.677,1,0,44.2929
3981,3,843.095,3,932.457,0,2,44.284
3982,3,843.095,3,933.669,3,0,44.2752
3983,3,843.095,3,929.859,4,3,44.2663
3984,3,843.095,3,929.859,2,1,44.2575
3985,3,843.095,3,929.859,3,3,44.2486
3986,3,843.095,3,922.524,0,1,44.2398
3987,3,843.095,3,922.524,1,0,44.2309
3988,3,843.095,3,922.524,1,1,44.2221
3989,3,843.095,3,915.957,3,2,44.2132
3990,3,843.095,3,915.957,0,1,44.2044
3991,3,843.095,3,915.957,1,0,44.1955
3992,3,843.095,3,915.957,4,0,44.1867
3993,3,843.095,3,914.608,3,3,44.1779
3994,3,843.095,3,914.608,2,3,44.169
3995,3,843.095,3,914.608,3,2,44.1602
3996,3,843.095,3,911.125,4,3,44.1514
3997,3,843.095,3,939.539,1,3,44.1425
3998,3,843.095,3,911.581,2,3,44.1337
3999,3,843.095,3,911.581,3,1,44.1249
4000,3,843.095,3,903.768,0,1,44.1161
4001,3,843.095,3,894.647,2,0,44.1072
4002,3,843.095,3,885.741,2,2,44.0984
4003,3,843.095,3,867.293,2,0,44.0896
4004,3,843.095,3,867.293,0,2,44.0808
4005,3,843.095,3,867.293,3,0,44.072
4006,3,843.095,3,867.293,4,0,44.0631
4007,3,843.095,3,867.293,1,2,44.0543
4008,3,843.095,3,867.293,1,0,44.0455
4009,3,843.095,3,863.838,4,2,44.0367
4010,3,843.095,3,861.622,4,3,44.0279
4011,3,843.095,3,861.622,4,3,44.0191
4012,3,843.095,3,861.343,2,2,44.0103
4013,3,843.095,3,861.343,0,3,44.0015
4014,3,843.095,3,861.343,4,2,43.9927
4015,3,843.095,3,861.343,3,0,43.9839
4016,3,843.095,3,872.779,0,2,43.9751
4017,3,843.095,3,872.779,3,3,43.9663
4018,3,843.095,3,872.779,1,3,43.9575
4019,3,843.095,3,869.588,3,0,43.9487
4020,3,843.095,3,863.943,4,2,43.9399
4021,3,843.095,3,863.943,3,2,43.9311
4022,3,843.095,3,862.543,2,0,43.9224
4023,3,843.095,3,858.945,4,2,43.9136
4024,3,843.095,3,859.056,0,0,43.9048
4025,3,843.095,3,859.056,2,2,43.896
4026,3,843.095,3,856.72,3,1,43.8872
4027,3,843.095,3,856.72,1,3,43.8784
4028,3,843.095,3,857.907,4,3,43.8697
4029,3,843.095,3,857.907,1,2,43.8609
4030,3,843.095,3,854.118,2,2,43.8521
4031,3,843.095,3,854.118,1,1,43.8434
4032,3,843.095,3,854.118,1,2,43.8346
4033,3,843.095,3,855.517,2,2,43.8258
4034,3,843.095,3,855.517,4,1,43.8171
4035,3,843.095,3,853.234,2,1,43.8083
4036,3,843.095,3,856.868,3,0,43.7995
4037,3,843.095,3,856.868,4,0,43.7908
4038,3,843.095,3,856.868,0,3,43.782
4039,3,843.095,3,857.302,2,1,43.7733
4040,3,843.095,3,857.302,0,2,43.7645
4041,3,843.095,3,857.302,1,0,43.7557
4042,3,843.095,3,857.191,4,1,43.747
4043,3,843.095,3,856.974,0,3,43.7382
4044,3,843.095,3,963.886,1,0,43.7295
4045,3,843.095,3,934.702,2,2,43.7208
4046,3,843.095,3,934.702,1,1,43.712
4047,3,843.095,3,923.862,3,0,43.7033
4048,3,843.095,3,923.862,4,3,43.6945
4049,3,843.095,3,948.383,1,0,43.6858
4050,3,843.095,3,937.504,0,2,43.677
4051,3,843.095,3,937.504,1,3,43.6683
4052,3,843.095,3,937.504,3,0,43.6596
4053,3,843.095,3,923.614,4,0,43.6508
4054,3,843.095,3,908.511,2,1,43.6421
4055,3,843.095,3,908.524,3,2,43.6334
4056,3,843.095,3,888.045,2,2,43.6247
4057,3,843.095,3,886.555,0,2,43.6159
4058,3,843.095,3,883.197,0,0,43.6072
4059,3,843.095,3,882.392,0,3,43.5985
4060,3,843.095,3,882.392,3,3,43.5898
4061,3,843.095,3,881.854,4,2,43.5811
4062,3,843.095,3,881.28,2,1,43.5723
4063,3,843.095,3,876.269,4,2,43.5636
4064,3,843.095,3,876.269,1,0,43.5549
4065,3,843.095,3,876.269,1,1,43.5462
4066,3,843.095,3,876.269,1,3,43.5375
4067,3,843.095,3,875.058,4,0,43.5288
4068,3,843.095,3,879.049,2,0,43.5201
4069,3,843.095,3,895.964,2,0,43.5114
4070,3,843.095,3,895.964,3,0,43.5027
4071,3,843.095,3,896.822,2,1,43.494
4072,3,843.095,3,895.422,4,1,43.4853
4073,3,843.095,3,895.422,1,2,43.4766
4074,3,843.095,3,895.422,0,3,43.4679
4075,3,843.095,3,894.197,4,1,43.4592
4076,3,843.095,3,888.321,2,3,43.4505
4077,3,843.095,3,890.225,2,0,43.4418
4078,3,843.095,3,890.225,2,2,43.4331
4079,3,843.095,3,904.433,4,3,43.4244
4080,3,843.095,3,904.099,4,1,43.4157
4081,3,843.095,3,904.099,3,1,43.4071
4082,3,843.095,3,904.976,0,3,43.3984
4083,3,843.095,3,902.703,3,2,43.3897
4084,3,843.095,3,893.956,3,0,43.381
4085,3,843.095,3,893.956,3,0,43.3723
4086,3,843.095,3,883.487,2,3,43.3637
4087,3,843.095,3,883.487,1,1,43.355
4088,3,843.095,3,883.498,4,0,43.3463
4089,3,843.095,3,883.446,0,1,43.3377
4090,3,843.095,3,884.019,3,2,43.329
4091,3,843.095,3,878.091,4,2,43.3203
4092,3,843.095,3,875.701,2,0,43.3117
4093,3,843.095,3,875.701,3,1,43.303
4094,3,843.095,3,873.288,4,2,43.2943
4095,3,843.095,3,873.288,2,3,43.2857
4096,3,843.095,3,874.032,0,3,43.277
4097,3,843.095,3,874.032,0,0,43.2684
4098,3,843.095,3,874.032,0,3,43.2597
4099,3,843.095,3,886.901,1,3,43.2511
4100,3,843.095,3,886.901,1,2,43.2424
4101,3,843.095,3,886.901,1,3,43.2338
4102,3,843.095,3,888.841,2,0,43.2251
4103,3,843.095,3,888.379,0,1,43.2165
4104,3,843.095,3,888.695,3,0,43.2078
4105,3,843.095,3,886.708,2,1,43.1992
4106,3,843.095,3,888.695,2,3,43.1905
4107,3,843.095,3,889.598,2,2,43.1819
4108,3,843.095,3,889.564,3,1,43.1733
4109,3,843.095,3,879.231,3,1,43.1646
4110,3,843.095,3,880.631,2,1,43.156
4111,3,843.095,3,879.999,3,1,43.1474
4112,3,843.095,3,879.999,2,3,43.1387
4113,3,843.095,3,879.682,0,1,43.1301
4114,3,843.095,3,879.682,2,2,43.1215
4115,3,843.095,3,879.682,2,2,43.1129
4116,3,843.095,3,882.97,3,1,43.1042
4117,3,843.095,3,882.97,2,2,43.0956
4118,3,843.095,3,882.97,3,3,43.087
4119,3,843.095,3,878.351,2,2,43.0784
4120,3,843.095,3,878.351,1,3,43.0698
4121,3,843.095,3,878.351,1,0,43.0612
4122,3,843.095,3,876.912,3,0,43.0525
4123,3,843.095,3,876.912,1,1,43.0439
4124,3,843.095,3,876.801,4,1,43.0353
4125,3,843.095,3,876.801,0,1,43.0267
4126,3,843.095,3,876.801,2,2,43.0181
4127,3,843.095,3,877.268,2,0,43.0095
4128,3,843.095,3,877.268,2,2,43.0009
4129,3,843.095,3,862.451,3,0,42.9923
4130,3,843.095,3,862.451,4,2,42.9837
4131,3,843.095,3,869.744,2,1,42.9751
4132,3,843.095,3,868.203,3,0,42.9665
4133,3,843.095,3,868.203,1,0,42.9579
4134,3,843.095,3,867.483,2,0,42.9493
4135,3,843.095,3,867.483,3,1,42.9407
4136,3,843.095,3,862.451,3,1,42.9322
4137,3,843.095,3,862.451,3,3,42.9236
4138,3,843.095,3,862.451,1,2,42.915
4139,3,843.095,3,864.783,4,3,42.9064
4140,3,843.095,3,864.783,0,0,42.8978
4141,3,843.095,3,864.783,0,3,42.8892
4142,3,843.095,3,864.783,0,2,42.8807
4143,3,843.095,3,864.783,1,0,42.8721
4144,3,843.095,3,864.783,3,3,42.8635
4145,3,843.095,3,863.044,4,0,42.8549
4146,3,843.095,3,863.044,3,1,42.8464
4147,3,843.095,3,864.253,2,2,42.8378
4148,3,843.095,3,864.253,4,1,42.8292
4149,3,843.095,3,864.253,4,3,42.8207
4150,3,843.095,3,863.786,4,1,42.8121
4151,3,843.095,3,863.786,0,3,42.8035
4152,3,843.095,3,861.593,0,3,42.795
4153,3,843.095,3,897.57,1,3,42.7864
4154,3,843.095,3,899.763,4,0,42.7779
4155,3,843.095,3,897.234,2,1,42.7693
4156,3,843.095,3,896.17,2,3,42.7608
4157,3,843.095,3,893.159,0,2,42.7522
4158,3,843.095,3,892.464,0,2,42.7436
4159,3,843.095,3,887.927,4,2,42.7351
4160,3,843.095,3,887.927,1,0,42.7266
4161,3,843.095,3,887.048,2,2,42.718
4162,3,843.095,3,887.437,3,0,42.7095
4163,3,843.095,3,887.12,3,1,42.7009
4164,3,843.095,3,887.12,1,1,42.6924
4165,3,843.095,3,891.702,3,2,42.6838
4166,3,843.095,3,891.702,1,3,42.6753
4167,3,843.095,3,891.591,3,2,42.6668
4168,3,843.095,3,891.591,1,2,42.6582
4169,3,843.095,3,909.614,3,0,42.6497
4170,3,843.095,3,909.297,0,2,42.6412
4171,3,843.095,3,904.805,3,3,42.6326
4172,3,843.095,3,904.805,1,0,42.6241
4173,3,843.095,3,891.4,2,0,42.6156
4174,3,843.095,3,884.16,3,2,42.6071
4175,3,843.095,3,871.632,4,2,42.5986
4176,3,843.095,3,868.558,4,2,42.59
4177,3,843.095,3,868.558,3,0,42.5815
4178,3,843.095,3,868.558,2,1,42.573
4179,3,843.095,3,868.558,0,2,42.5645
4180,3,843.095,3,968.226,1,3,42.556
4181,3,843.095,3,934.275,0,3,42.5475
4182,3,843.095,3,925.884,0,1,42.539
4183,3,843.095,3,893.586,2,0,42.5304
4184,3,843.095,3,893.586,1,0,42.5219
4185,3,843.095,3,892.811,0,3,42.5134
4186,3,843.095,3,892.811,1,3,42.5049
4187,3,843.095,3,892.811,1,3,42.4964
4188,3,843.095,3,892.811,0,0,42.4879
4189,3,843.095,3,892.811,1,0,42.4794
4190,3,843.095,3,899.332,3,3,42.4709
4191,3,843.095,3,906.817,1,3,42.4624
4192,3,843.095,3,906.956,3,1,42.4539
4193,3,843.095,3,906.651,0,3,42.4455
4194,3,843.095,3,906.651,0,0,42.437
4195,3,843.095,3,906.651,1,3,42.4285
4196,3,843.095,3,902.116,2,1,42.42
4197,3,843.095,3,888.988,3,0,42.4115
4198,3,843.095,3,885.375,3,1,42.403
4199,3,843.095,3,880.436,0,0,42.3945
4200,3,843.095,3,880.436,0,0,42.3861
4201,3,843.095,3,881.028,2,3,42.3776
4202,3,843.095,3,879.773,2,1,42.3691
4203,3,843.095,3,879.773,1,2,42.3606
4204,3,843.095,3,879.773,0,1,42.3522
4205,3,843.095,3,865.039,4,0,42.3437
4206,3,843.095,3,865.039,2,0,42.3352
4207,3,843.095,3,864.573,3,0,42.3268
4208,3,843.095,3,864.573,1,1,42.3183
4209,3,843.095,3,864.573,1,3,42.3098
4210,3,843.095,3,864.573,1,1,42.3014
4211,3,843.095,3,863.173,3,0,42.2929
4212,3,843.095,3,863.173,0,2,42.2845
4213,3,843.095,3,863.173,0,2,42.276
4214,3,843.095,3,863.173,3,1,42.2675
4215,3,843.095,3,863.173,1,2,42.2591
4216,3,843.095,3,863.173,1,1,42.2506
4217,3,843.095,3,863.173,1,1,42.2422
4218,3,843.095,3,863.173,2,1,42.2337
4219,3,843.095,3,863.434,3,3,42.2253
4220,3,843.095,3,864.573,2,1,42.2168
4221,3,843.095,3,859.541,4,0,42.2084
4222,3,843.095,3,859.541,4,1,42.2
4223,3,843.095,3,859.541,2,2,42.1915
4224,3,843.095,3,859.541,2,0,42.1831
4225,3,843.095,3,859.541,1,0,42.1746
4226,3,843.095,3,859.541,0,2,42.1662
4227,3,843.095,3,859.541,0,0,42.1578
4228,3,843.095,3,858.325,0,0,42.1493
4229,3,843.095,3,858.325,2,1,42.1409
4230,3,843.095,3,858.325,3,1,42.1325
4231,3,843.095,3,858.325,3,1,42.1241
4232,3,843.095,3,858.325,0,0,42.1156
4233,3,843.095,3,853.639,0,0,42.1072
4234,3,843.095,3,853.639,1,3,42.0988
4235,3,843.095,3,853.639,0,1,42.0904
4236,3,843.095,3,851.433,0,3,42.082
4237,3,843.095,3,853.082,2,0,42.0735
4238,3,843.095,3,857.356,4,0,42.0651
4239,3,843.095,3,856.603,3,1,42.0567
4240,3,843.095,3,855.706,4,2,42.0483
4241,3,843.095,3,855.706,0,2,42.0399
4242,3,843.095,3,855.706,4,0,42.0315
4243,3,843.095,3,855.706,1,3,42.0231
4244,3,843.095,3,861.829,4,3,42.0147
4245,3,843.095,3,861.829,0,3,42.0063
4246,3,843.095,3,861.829,1,3,41.9979
4247,3,843.095,3,857.134,4,0,41.9895
4248,3,843.095,3,850.595,2,2,41.9811
4249,3,843.095,3,850.595,1,3,41.9727
4250,3,843.095,3,850.595,1,2,41.9643
4251,3,843.095,3,850.595,1,2,41.9559
4252,3,843.095,3,850.595,2,3,41.9475
4253,3,843.095,3,850.595,4,0,41.9391
4254,3,843.095,3,850.595,2,2,41.9307
4255,3,843.095,3,851.401,3,0,41.9223
4256,3,843.095,3,851.401,2,2,41.9139
4257,3,843.095,3,851.401,1,1,41.9056
4258,3,843.095,3,851.401,1,2,41.8972
4259,3,843.095,3,851.57,4,2,41.8888
4260,3,843.095,3,851.401,0,2,41.8804
4261,3,843.095,3,851.401,4,1,41.8721
4262,3,843.095,3,851.401,1,0,41.8637
4263,3,843.095,3,851.401,3,0,41.8553
4264,3,843.095,3,851.401,1,2,41.8469
4265,3,843.095,3,851.512,2,0,41.8386
4266,3,843.095,3,851.512,0,1,41.8302
4267,3,843.095,3,851.512,2,1,41.8218
4268,3,843.095,3,856.137,4,0,41.8135
4269,3,843.095,3,856.137,2,0,41.8051
4270,3,843.095,3,856.137,1,1,41.7967
4271,3,843.095,3,856.137,1,3,41.7884
4272,3,843.095,3,856.137,1,0,41.78
4273,3,843.095,3,856.137,3,1,41.7717
4274,3,843.095,3,858.762,2,3,41.7633
4275,3,843.095,3,853.82,0,1,41.755
4276,3,843.095,3,853.82,1,0,41.7466
4277,3,843.095,3,851.195,3,0,41.7383
4278,3,843.095,3,851.195,1,0,41.7299
4279,3,843.095,3,866.441,0,3,41.7216
4280,3,843.095,3,866.441,1,0,41.7132
4281,3,843.095,3,866.61,4,2,41.7049
4282,3,843.095,3,864.906,0,1,41.6965
4283,3,843.095,3,864.906,4,1,41.6882
4284,3,843.095,3,879.817,3,3,41.6799
4285,3,843.095,3,862.758,2,3,41.6715
4286,3,843.095,3,862.758,1,2,41.6632
4287,3,843.095,3,862.589,0,1,41.6549
4288,3,843.095,3,862.589,1,3,41.6465
4289,3,843.095,3,862.478,4,1,41.6382
4290,3,843.095,3,862.478,4,0,41.6299
4291,3,843.095,3,862.478,1,3,41.6215
4292,3,843.095,3,862.478,1,1,41.6132
4293,3,843.095,3,851.746,2,2,41.6049
4294,3,843.095,3,851.746,0,0,41.5966
4295,3,843.095,3,851.746,1,0,41.5883
4296,3,843.095,3,851.746,2,0,41.5799
4297,3,843.095,3,852.391,2,3,41.5716
4298,3,843.095,3,852.391,3,2,41.5633
4299,3,843.095,3,852.391,1,1,41.555
4300,3,843.095,3,852.391,4,1,41.5467
4301,3,843.095,3,852.323,2,0,41.5384
4302,3,843.095,3,852.323,1,0,41.5301
4303,3,843.095,3,852.323,2,3,41.5218
4304,3,843.095,3,852.323,1,2,41.5135
4305,3,843.095,3,852.492,0,2,41.5052
4306,3,843.095,3,852.492,3,2,41.4969
4307,3,843.095,3,852.492,2,2,41.4886
4308,3,843.095,3,852.323,0,2,41.4803
4309,3,843.095,3,852.323,4,2,41.472
4310,3,843.095,3,852.323,2,0,41.4637
4311,3,843.095,3,852.323,1,3,41.4554
4312,3,843.095,3,852.323,1,2,41.4471
4313,3,843.095,3,852.323,0,3,41.4388
4314,3,843.095,3,852.323,3,0,41.4305
4315,3,843.095,3,852.323,2,0,41.4222
4316,3,843.095,3,852.323,3,3,41.4139
4317,3,843.095,3,851.857,3,1,41.4057
4318,3,843.095,3,851.857,1,3,41.3974
4319,3,843.095,3,852.323,4,3,41.3891
4320,3,843.095,3,852.323,2,1,41.3808
4321,3,843.095,3,852.323,3,0,41.3725
4322,3,843.095,3,852.323,4,3,41.3643
4323,3,843.095,3,857.34,0,0,41.356
4324,3,843.095,3,856.906,0,3,41.3477
4325,3,843.095,3,856.906,1,2,41.3395
4326,3,843.095,3,851.879,4,1,41.3312
4327,3,843.095,3,851.879,1,3,41.3229
4328,3,843.095,3,851.879,1,1,41.3147
4329,3,843.095,3,851.073,3,2,41.3064
4330,3,843.095,3,851.879,2,1,41.2981
4331,3,843.095,3,851.879,1,0,41.2899
4332,3,843.095,3,854.216,4,2,41.2816
4333,3,843.095,3,854.216,2,3,41.2734
4334,3,843.095,3,854.216,4,3,41.2651
4335,3,843.095,3,854.216,2,3,41.2568
4336,3,843.095,3,854.216,4,2,41.2486
4337,3,843.095,3,854.216,2,1,41.2403
4338,3,843.095,3,854.216,4,1,41.2321
4339,3,843.095,3,853.75,0,2,41.2239
4340,3,843.095,3,853.75,4,1,41.2156
4341,3,843.095,3,854.216,2,0,41.2074
4342,3,843.095,3,854.216,3,2,41.1991
4343,3,843.095,3,854.216,4,0,41.1909
4344,3,843.095,3,854.216,3,1,41.1826
4345,3,843.095,3,854.216,1,0,41.1744
4346,3,843.095,3,854.216,3,2,41.1662
4347,3,843.095,3,854.216,1,3,41.1579
4348,3,843.095,3,853.409,0,3,41.1497
4349,3,843.095,3,853.409,2,1,41.1415
4350,3,843.095,3,854.216,3,0,41.1332
4351,3,843.095,3,852.943,3,0,41.125
4352,3,843.095,3,852.943,0,1,41.1168
4353,3,843.095,3,852.943,1,0,41.1086
4354,3,843.095,3,852.943,1,0,41.1004
4355,3,843.095,3,852.943,4,3,41.0921
4356,3,843.095,3,862.738,0,2,41.0839
4357,3,843.095,3,862.738,3,2,41.0757
4358,3,843.095,3,862.843,4,2,41.0675
4359,3,843.095,3,862.843,0,3,41.0593
4360,3,843.095,3,862.843,3,1,41.0511
4361,3,843.095,3,862.843,2,3,41.0428
4362,3,843.095,3,866.358,4,0,41.0346
4363,3,843.095,3,870.816,2,0,41.0264
4364,3,843.095,3,876.217,3,0,41.0182
4365,3,843.095,3,876.217,3,0,41.01
4366,3,843.095,3,876.217,0,1,41.0018
4367,3,843.095,3,876.217,0,2,40.9936
4368,3,843.095,3,877.832,4,2,40.9854
4369,3,843.095,3,880.369,4,2,40.9772
4370,3,843.095,3,880.83,4,0,40.969
4371,3,843.095,3,881.46,2,1,40.9608
4372,3,843.095,3,882.749,3,3,40.9526
4373,3,843.095,3,882.749,0,2,40.9445
4374,3,843.095,3,882.749,1,3,40.9363
4375,3,843.095,3,882.749,3,3,40.9281
4376,3,843.095,3,879.101,0,2,40.9199
4377,3,843.095,3,877.34,2,2,40.9117
4378,3,843.095,3,877.431,4,3,40.9035
4379,3,843.095,3,877.431,1,1,40.8953
4380,3,843.095,3,875.741,4,0,40.8872
4381,3,843.095,3,875.52,3,0,40.879
4382,3,843.095,3,873.183,3,1,40.8708
4383,3,843.095,3,873.183,3,2,40.8626
4384,3,843.095,3,873.183,0,2,40.8545
4385,3,843.095,3,873.275,3,3,40.8463
4386,3,843.095,3,873.275,3,1,40.8381
4387,3,843.095,3,872.805,0,1,40.83
4388,3,843.095,3,872.714,4,1,40.8218
4389,3,843.095,3,871.275,2,2,40.8136
4390,3,843.095,3,867.987,2,1,40.8055
4391,3,843.095,3,867.987,0,2,40.7973
4392,3,843.095,3,867.987,4,1,40.7891
4393,3,843.095,3,867.987,1,3,40.781
4394,3,843.095,3,870.455,3,3,40.7728
4395,3,843.095,3,870.455,0,0,40.7647
4396,3,843.095,3,869.998,4,0,40.7565
4397,3,843.095,3,870.383,4,3,40.7484
4398,3,843.095,3,868.595,3,0,40.7402
4399,3,843.095,3,868.595,1,0,40.7321
4400,3,843.095,3,868.595,3,3,40.7239
4401,3,843.095,3,866.155,0,2,40.7158
4402,3,843.095,3,866.155,3,0,40.7076
4403,3,843.095,3,866.889,2,3,40.6995
4404,3,843.095,3,866.889,0,2,40.6914
4405,3,843.095,3,867.058,3,2,40.6832
4406,3,843.095,3,867.058,0,0,40.6751
4407,3,843.095,3,867.058,1,1,40.6669
4408,3,843.095,3,867.058,3,2,40.6588
4409,3,843.095,3,873.373,2,3,40.6507
4410,3,843.095,3,873.373,1,0,40.6426
4411,3,843.095,3,867.058,3,0,40.6344
4412,3,843.095,3,867.058,1,3,40.6263
4413,3,843.095,3,867.058,1,2,40.6182
4414,3,843.095,3,867.058,1,1,40.61
4415,3,843.095,3,867.058,4,1,40.6019
4416,3,843.095,3,866.324,2,1,40.5938
4417,3,843.095,3,866.324,1,0,40.5857
4418,3,843.095,3,866.103,3,1,40.5776
4419,3,843.095,3,869.39,4,2,40.5695
4420,3,843.095,3,869.39,0,0,40.5613
4421,3,843.095,3,869.39,1,3,40.5532
4422,3,843.095,3,864.471,2,2,40.5451
4423,3,843.095,3,864.471,1,3,40.537
4424,3,843.095,3,864.302,2,2,40.5289
4425,3,843.095,3,864.302,1,2,40.5208
4426,3,843.095,3,864.302,0,2,40.5127
4427,3,843.095,3,867.974,2,3,40.5046
4428,3,843.095,3,867.974,4,3,40.4965
4429,3,843.095,3,867.974,1,1,40.4884
4430,3,843.095,3,867.811,0,1,40.4803
4431,3,843.095,3,867.811,0,3,40.4722
4432,3,843.095,3,867.752,0,3,40.4641
4433,3,843.095,3,867.752,1,1,40.456
4434,3,843.095,3,873.905,4,3,40.4479
4435,3,843.095,3,873.905,1,2,40.4398
4436,3,843.095,3,874.127,0,0,40.4317
4437,3,843.095,3,874.127,3,3,40.4237
4438,3,843.095,3,869.746,2,3,40.4156
4439,3,843.095,3,869.746,4,1,40.4075
4440,3,843.095,3,861.987,4,0,40.3994
4441,3,843.095,3,861.987,1,0,40.3913
4442,3,843.095,3,861.987,4,3,40.3832
4443,3,843.095,3,861.987,2,3,40.3752
4444,3,843.095,3,861.987,1,0,40.3671
4445,3,843.095,3,861.987,4,2,40.359
4446,3,843.095,3,861.66,2,2,40.3509
4447,3,843.095,3,860.926,2,1,40.3429
4448,3,843.095,3,860.926,0,0,40.3348
4449,3,843.095,3,860.926,1,2,40.3267
4450,3,843.095,3,860.926,2,1,40.3187
4451,3,843.095,3,861.162,2,2,40.3106
4452,3,843.095,3,861.162,3,0,40.3025
4453,3,843.095,3,861.162,3,2,40.2945
4454,3,843.095,3,861.162,4,1,40.2864
4455,3,843.095,3,861.162,2,2,40.2784
4456,3,843.095,3,861.162,1,3,40.2703
4457,3,843.095,3,861.162,0,0,40.2623
4458,3,843.095,3,860.926,3,1,40.2542
4459,3,843.095,3,960.314,1,0,40.2462
4460,3,843.095,3,957.585,4,0,40.2381
4461,3,843.095,3,947.337,4,0,40.2301
4462,3,843.095,3,947.337,1,3,40.222
4463,3,843.095,3,948.293,0,0,40.214
4464,3,843.095,3,920.643,2,1,40.2059
4465,3,843.095,3,920.643,1,2,40.1979
4466,3,843.095,3,920.643,3,3,40.1898
4467,3,843.095,3,920.643,0,3,40.1818
4468,3,843.095,3,918.982,3,1,40.1738
4469,3,843.095,3,918.982,1,2,40.1657
4470,3,843.095,3,910.503,3,2,40.1577
4471,3,843.095,3,913.167,3,3,40.1497
4472,3,843.095,3,890.728,0,3,40.1416
4473,3,843.095,3,890.728,3,0,40.1336
4474,3,843.095,3,889.479,3,2,40.1256
4475,3,843.095,3,889.479,3,1,40.1176
4476,3,843.095,3,889.479,1,0,40.1095
4477,3,843.095,3,885.531,0,0,40.1015
4478,3,843.095,3,885.531,3,0,40.0935
4479,3,843.095,3,933.829,2,3,40.0855
4480,3,843.095,3,929.199,0,1,40.0775
4481,3,843.095,3,928.729,4,1,40.0694
4482,3,843.095,3,928.729,4,3,40.0614
4483,3,843.095,3,928.729,3,0,40.0534
4484,3,843.095,3,968.557,1,2,40.0454
4485,3,843.095,3,968.557,1,1,40.0374
4486,3,843.095,3,968.614,3,1,40.0294
4487,3,843.095,3,968.614,1,2,40.0214
4488,3,843.095,3,955.742,0,2,40.0134
4489,3,843.095,3,955.742,1,0,40.0054
4490,3,843.095,3,955.833,3,3,39.9974
4491,3,843.095,3,955.742,0,2,39.9894
4492,3,843.095,3,955.742,1,0,39.9814
4493,3,843.095,3,955.742,1,3,39.9734
4494,3,843.095,3,955.742,4,2,39.9654
4495,3,843.095,3,951.911,4,1,39.9574
4496,3,843.095,3,935.278,2,2,39.9494
4497,3,843.095,3,912.111,2,3,39.9414
4498,3,843.095,3,907.525,2,2,39.9334
4499,3,843.095,3,905.927,4,0,39.9254
4500,3,843.095,3,905.927,1,1,39.9175
4501,3,843.095,3,912.062,2,0,39.9095
4502,3,843.095,3,912.971,3,2,39.9015
4503,3,843.095,3,912.971,1,3,39.8935
4504,3,843.095,3,912.971,2,3,39.8855
4505,3,843.095,3,908.621,2,3,39.8776
4506,3,843.095,3,934.713,1,3,39.8696
4507,3,843.095,3,924.863,4,3,39.8616
4508,3,843.095,3,908.44,2,0,39.8536
4509,3,843.095,3,908.44,4,0,39.8457
4510,3,843.095,3,908.627,4,3,39.8377
4511,3,843.095,3,908.627,1,3,39.8297
4512,3,843.095,3,908.627,1,3,39.8218
4513,3,843.095,3,907.639,4,1,39.8138
4514,3,843.095,3,907.639,2,1,39.8058
4515,3,843.095,3,909.133,0,3,39.7979
4516,3,843.095,3,908.899,4,0,39.7899
4517,3,843.095,3,904.928,4,0,39.782
4518,3,843.095,3,902.814,2,1,39.774
4519,3,843.095,3,904.067,2,3,39.766
4520,3,843.095,3,904.067,3,3,39.7581
4521,3,843.095,3,907.617,4,2,39.7501
4522,3,843.095,3,900.25,3,2,39.7422
4523,3,843.095,3,900.25,1,2,39.7342
4524,3,843.095,3,898.46,4,3,39.7263
4525,3,843.095,3,895.186,3,1,39.7183
4526,3,843.095,3,895.186,0,2,39.7104
4527,3,843.095,3,895.186,0,1,39.7025
4528,3,843.095,3,894.099,0,2,39.6945
4529,3,843.095,3,890.594,4,2,39.6866
4530,3,843.095,3,890.763,4,2,39.6786
4531,3,843.095,3,890.763,4,1,39.6707
4532,3,843.095,3,889.328,4,1,39.6628
4533,3,843.095,3,889.328,2,3,39.6548
4534,3,843.095,3,875.914,2,1,39.6469
4535,3,843.095,3,887.999,0,2,39.639
4536,3,843.095,3,887.999,3,3,39.6311
4537,3,843.095,3,887.914,4,0,39.6231
4538,3,843.095,3,887.914,1,0,39.6152
4539,3,843.095,3,887.82,3,0,39.6073
4540,3,843.095,3,888.537,4,2,39.5994
4541,3,843.095,3,884.097,2,3,39.5914
4542,3,843.095,3,873.094,2,3,39.5835
4543,3,843.095,3,873.199,4,2,39.5756
4544,3,843.095,3,873.199,3,0,39.5677
4545,3,843.095,3,873.199,1,2,39.5598
4546,3,843.095,3,873.199,4,2,39.5519
4547,3,843.095,3,873.199,3,2,39.544
4548,3,843.095,3,872.377,4,0,39.536
4549,3,843.095,3,877.161,2,2,39.5281
4550,3,843.095,3,935.393,1,3,39.5202
4551,3,843.095,3,929.628,0,0,39.5123
4552,3,843.095,3,929.594,4,1,39.5044
4553,3,843.095,3,927.355,0,3,39.4965
4554,3,843.095,3,927.355,1,1,39.4886
4555,3,843.095,3,924.825,2,2,39.4807
4556,3,843.095,3,924.825,3,3,39.4728
4557,3,843.095,3,907.671,2,2,39.4649
4558,3,843.095,3,907.671,4,0,39.457
4559,3,843.095,3,907.671,2,2,39.4492
4560,3,843.095,3,906.139,4,2,39.4413
4561,3,843.095,3,906.139,3,1,39.4334
4562,3,843.095,3,906.422,0,2,39.4255
4563,3,843.095,3,906.8,4,3,39.4176
4564,3,843.095,3,904.074,4,0,39.4097
4565,3,843.095,3,903.63,1,0,39.4018
4566,3,843.095,3,903.63,1,0,39.394
4567,3,843.095,3,903.63,3,3,39.3861
4568,3,843.095,3,923.733,0,0,39.3782
4569,3,843.095,3,920.646,3,0,39.3703
4570,3,843.095,3,919.192,0,0,39.3625
4571,3,843.095,3,919.192,3,1,39.3546
4572,3,843.095,3,918.839,0,2,39.3467
4573,3,843.095,3,918.839,1,2,39.3388
4574,3,843.095,3,918.839,3,2,39.331
4575,3,843.095,3,914.767,4,0,39.3231
4576,3,843.095,3,913.222,3,1,39.3152
4577,3,843.095,3,913.222,3,2,39.3074
4578,3,843.095,3,913.222,1,2,39.2995
4579,3,843.095,3,912.108,4,1,39.2917
4580,3,843.095,3,889.184,2,1,39.2838
4581,3,843.095,3,884.706,0,3,39.2759
4582,3,843.095,3,884.706,1,2,39.2681
4583,3,843.095,3,873.07,2,3,39.2602
4584,3,843.095,3,873.07,0,1,39.2524
4585,3,843.095,3,877.061,2,3,39.2445
4586,3,843.095,3,877.061,1,2,39.2367
4587,3,843.095,3,877.061,1,1,39.2288
4588,3,843.095,3,874.397,4,0,39.221
4589,3,843.095,3,870.406,3,1,39.2131
4590,3,843.095,3,870.406,4,1,39.2053
4591,3,843.095,3,870.406,0,2,39.1975
4592,3,843.095,3,870.406,1,1,39.1896
4593,3,843.095,3,870.406,0,3,39.1818
4594,3,843.095,3,870.387,3,3,39.1739
4595,3,843.095,3,870.387,3,1,39.1661
4596,3,843.095,3,870.387,2,0,39.1583
4597,3,843.095,3,870.387,1,1,39.1504
4598,3,843.095,3,870.406,3,3,39.1426
4599,3,843.095,3,870.406,4,3,39.1348
4600,3,843.095,3,869.626,4,1,39.127
4601,3,843.095,3,869.626,3,3,39.1191
4602,3,843.095,3,869.626,1,2,39.1113
4603,3,843.095,3,870.059,4,2,39.1035
4604,3,843.095,3,870.059,4,0,39.0957
4605,3,843.095,3,870.059,4,0,39.0878
4606,3,843.095,3,870.059,3,0,39.08
4607,3,843.095,3,870.059,0,3,39.0722
4608,3,843.095,3,870.059,0,3,39.0644
4609,3,843.095,3,876.871,2,1,39.0566
4610,3,843.095,3,876.871,1,2,39.0488
4611,3,843.095,3,876.871,3,1,39.041
4612,3,843.095,3,877.081,2,2,39.0332
4613,3,843.095,3,877.081,0,2,39.0254
4614,3,843.095,3,872.744,4,2,39.0175
4615,3,843.095,3,872.744,3,0,39.0097
4616,3,843.095,3,872.744,1,0,39.0019
4617,3,843.095,3,872.744,3,1,38.9941
4618,3,843.095,3,872.744,2,1,38.9863
4619,3,843.095,3,873.188,3,1,38.9785
4620,3,843.095,3,873.188,2,1,38.9708
4621,3,843.095,3,878.507,0,0,38.963
4622,3,843.095,3,878.507,2,3,38.9552
4623,3,843.095,3,878.507,0,1,38.9474
4624,3,843.095,3,878.507,2,3,38.9396
4625,3,843.095,3,878.507,4,2,38.9318
4626,3,843.095,3,878.507,3,1,38.924
4627,3,843.095,3,878.507,0,0,38.9162
4628,3,843.095,3,878.507,0,0,38.9084
4629,3,843.095,3,878.507,1,2,38.9007
4630,3,843.095,3,878.507,1,1,38.8929
4631,3,843.095,3,879.004,4,0,38.8851
4632,3,843.095,3,879.004,0,0,38.8773
4633,3,843.095,3,905.52,3,3,38.8695
4634,3,843.095,3,905.52,1,1,38.8618
4635,3,843.095,3,905.52,0,3,38.854
4636,3,843.095,3,905.52,1,2,38.8462
4637,3,843.095,3,924.121,3,3,38.8385
4638,3,843.095,3,924.121,3,3,38.8307
4639,3,843.095,3,888.391,2,1,38.8229
4640,3,843.095,3,888.391,1,2,38.8152
4641,3,843.095,3,888.391,3,1,38.8074
4642,3,843.095,3,888.391,1,1,38.7996
4643,3,843.095,3,888.391,0,1,38.7919
4644,3,843.095,3,888.391,4,2,38.7841
4645,3,843.095,3,888.391,3,1,38.7764
4646,3,843.095,3,895.774,3,2,38.7686
4647,3,843.095,3,895.774,2,3,38.7609
4648,3,843.095,3,895.774,1,0,38.7531
4649,3,843.095,3,895.774,1,0,38.7454
4650,3,843.095,3,910.159,2,2,38.7376
4651,3,843.095,3,910.159,0,1,38.7299
4652,3,843.095,3,910.159,1,1,38.7221
4653,3,843.095,3,916.174,2,2,38.7144
4654,3,843.095,3,916.064,0,1,38.7066
4655,3,843.095,3,984.305,1,2,38.6989
4656,3,843.095,3,979.023,2,1,38.6911
4657,3,843.095,3,979.023,2,0,38.6834
4658,3,843.095,3,979.049,0,0,38.6757
4659,3,843.095,3,940.981,2,2,38.6679
4660,3,843.095,3,935.346,2,2,38.6602
4661,3,843.095,3,929.759,2,0,38.6525
4662,3,843.095,3,929.759,0,2,38.6447
4663,3,843.095,3,929.759,2,2,38.637
4664,3,843.095,3,929.805,0,0,38.6293
4665,3,843.095,3,929.805,0,2,38.6216
4666,3,843.095,3,923.825,2,3,38.6138
4667,3,843.095,3,933.422,0,0,38.6061
4668,3,843.095,3,933.422,2,1,38.5984
4669,3,843.095,3,931.682,3,1,38.5907
4670,3,843.095,3,925.128,2,3,38.5829
4671,3,843.095,3,916.543,2,1,38.5752
4672,3,843.095,3,910.45,0,2,38.5675
4673,3,843.095,3,910.45,1,0,38.5598
4674,3,843.095,3,905.939,0,0,38.5521
4675,3,843.095,3,905.696,2,0,38.5444
4676,3,843.095,3,904.088,2,3,38.5367
4677,3,843.095,3,904.088,2,2,38.529
4678,3,843.095,3,904.088,1,3,38.5213
4679,3,843.095,3,896.129,0,1,38.5136
4680,3,843.095,3,896.129,2,2,38.5058
4681,3,843.095,3,888.727,2,1,38.4981
4682,3,843.095,3,894.724,4,3,38.4904
4683,3,843.095,3,894.724,3,3,38.4828
4684,3,843.095,3,897.193,2,0,38.4751
4685,3,843.095,3,897.193,4,2,38.4674
4686,3,843.095,3,896.76,3,2,38.4597
4687,3,843.095,3,893.599,3,3,38.452
4688,3,843.095,3,904.32,1,3,38.4443
4689,3,843.095,3,904.32,1,0,38.4366
4690,3,843.095,3,904.32,4,1,38.4289
4691,3,843.095,3,904.091,0,1,38.4212
4692,3,843.095,3,904.091,3,1,38.4135
4693,3,843.095,3,904.091,1,2,38.4059
4694,3,843.095,3,899.852,3,1,38.3982
4695,3,843.095,3,899.318,3,1,38.3905
4696,3,843.095,3,907.615,4,3,38.3828
4697,3,843.095,3,906.986,4,3,38.3751
4698,3,843.095,3,898.312,0,2,38.3675
4699,3,843.095,3,905.538,3,0,38.3598
4700,3,843.095,3,904.785,0,1,38.3521
4701,3,843.095,3,904.785,3,3,38.3444
4702,3,843.095,3,917.486,0,0,38.3368
4703,3,843.095,3,911.284,4,3,38.3291
4704,3,843.095,3,911.284,1,1,38.3214
4705,3,843.095,3,911.284,3,1,38.3138
4706,3,843.095,3,904.439,0,3,38.3061
4707,3,843.095,3,904.439,1,3,38.2985
4708,3,843.095,3,906.651,4,3,38.2908
4709,3,843.095,3,906.651,3,3,38.2831
4710,3,843.095,3,906.651,1,2,38.2755
4711,3,843.095,3,906.651,0,2,38.2678
4712,3,843.095,3,903.53,0,2,38.2602
4713,3,843.095,3,903.75,3,3,38.2525
4714,3,843.095,3,903.75,2,2,38.2449
4715,3,843.095,3,900.4,0,2,38.2372
4716,3,843.095,3,900.4,1,1,38.2296
4717,3,843.095,3,900.4,1,1,38.2219
4718,3,843.095,3,900.4,0,3,38.2143
4719,3,843.095,3,901.799,4,3,38.2066
4720,3,843.095,3,900.833,4,3,38.199
4721,3,843.095,3,900.965,3,3,38.1914
4722,3,843.095,3,900.965,1,1,38.1837
4723,3,843.095,3,899.868,2,3,38.1761
4724,3,843.095,3,899.868,0,1,38.1685
4725,3,843.095,3,899.868,1,1,38.1608
4726,3,843.095,3,899.868,3,3,38.1532
4727,3,843.095,3,899.736,4,3,38.1456
4728,3,843.095,3,899.736,4,0,38.1379
4729,3,843.095,3,899.736,1,3,38.1303
4730,3,843.095,3,882.367,4,2,38.1227
4731,3,843.095,3,882.367,0,1,38.115
4732,3,843.095,3,882.367,3,2,38.1074
4733,3,843.095,3,882.367,0,0,38.0998
4734,3,843.095,3,884.319,4,3,38.0922
4735,3,843.095,3,884.319,3,0,38.0846
4736,3,843.095,3,872.712,4,2,38.0769
4737,3,843.095,3,876.012,0,0,38.0693
4738,3,843.095,3,876.012,1,2,38.0617
4739,3,843.095,3,876.012,1,1,38.0541
4740,3,843.095,3,876.012,1,1,38.0465
4741,3,843.095,3,880.952,2,0,38.0389
4742,3,843.095,3,880.952,1,0,38.0313
4743,3,843.095,3,880.952,3,0,38.0237
4744,3,843.095,3,880.952,2,1,38.0161
4745,3,843.095,3,880.952,4,1,38.0085
4746,3,843.095,3,879.092,4,3,38.0009
4747,3,843.095,3,879.092,4,2,37.9933
4748,3,843.095,3,879.092,2,3,37.9857
4749,3,843.095,3,879.092,0,1,37.9781
4750,3,843.095,3,878.161,3,3,37.9705
4751,3,843.095,3,875.701,0,2,37.9629
4752,3,843.095,3,882.872,0,3,37.9553
4753,3,843.095,3,882.872,1,1,37.9477
4754,3,843.095,3,882.872,4,2,37.9401
4755,3,843.095,3,875.833,2,0,37.9325
4756,3,843.095,3,875.833,1,2,37.9249
4757,3,843.095,3,875.833,1,3,37.9173
4758,3,843.095,3,875.833,2,2,37.9098
4759,3,843.095,3,875.924,4,3,37.9022
4760,3,843.095,3,875.792,3,2,37.8946
4761,3,843.095,3,875.701,4,1,37.887
4762,3,843.095,3,877.1,4,0,37.8794
4763,3,843.095,3,877.1,2,1,37.8719
4764,3,843.095,3,877.1,4,2,37.8643
4765,3,843.095,3,877.1,4,1,37.8567
4766,3,843.095,3,877.1,0,2,37.8491
4767,3,843.095,3,877.1,2,1,37.8416
4768,3,843.095,3,873.166,2,1,37.834
4769,3,843.095,3,873.166,0,3,37.8264
4770,3,843.095,3,871.766,3,0,37.8189
4771,3,843.095,3,871.766,3,2,37.8113
4772,3,843.095,3,874.078,3,0,37.8038
4773,3,843.095,3,874.078,1,2,37.7962
4774,3,843.095,3,874.078,1,2,37.7886
4775,3,843.095,3,874.078,3,0,37.7811
4776,3,843.095,3,874.078,4,0,37.7735
4777,3,843.095,3,874.078,2,3,37.766
4778,3,843.095,3,874.078,0,1,37.7584
4779,3,843.095,3,874.933,3,3,37.7509
4780,3,843.095,3,874.933,2,3,37.7433
4781,3,843.095,3,874.933,3,0,37.7358
4782,3,843.095,3,874.933,1,0,37.7282
4783,3,843.095,3,879.186,3,0,37.7207
4784,3,843.095,3,872.489,0,0,37.7131
4785,3,843.095,3,872.489,3,2,37.7056
4786,3,843.095,3,872.489,3,3,37.698
4787,3,843.095,3,871.089,3,2,37.6905
4788,3,843.095,3,871.089,0,3,37.683
4789,3,843.095,3,871.089,0,2,37.6754
4790,3,843.095,3,871.089,0,2,37.6679
4791,3,843.095,3,871.089,1,1,37.6604
4792,3,843.095,3,871.089,0,2,37.6528
4793,3,843.095,3,871.089,3,0,37.6453
4794,3,843.095,3,878.548,2,2,37.6378
4795,3,843.095,3,878.548,3,1,37.6302
4796,3,843.095,3,869.65,2,3,37.6227
4797,3,843.095,3,869.65,4,0,37.6152
4798,3,843.095,3,869.65,0,0,37.6077
4799,3,843.095,3,869.65,0,2,37.6001
4800,3,843.095,3,869.65,0,2,37.5926
4801,3,843.095,3,868.887,2,3,37.5851
4802,3,843.095,3,868.887,0,3,37.5776
4803,3,843.095,3,882.021,2,3,37.5701
4804,3,843.095,3,929.021,1,3,37.5626
4805,3,843.095,3,928.929,4,1,37.555
4806,3,843.095,3,933.978,4,0,37.5475
4807,3,843.095,3,920.252,4,2,37.54
4808,3,843.095,3,913.066,3,1,37.5325
4809,3,843.095,3,902.915,2,3,37.525
4810,3,843.095,3,903.042,0,3,37.5175
4811,3,843.095,3,903.929,4,0,37.51
4812,3,843.095,3,903.818,0,2,37.5025
4813,3,843.095,3,903.818,4,3,37.495
4814,3,843.095,3,903.276,2,0,37.4875
4815,3,843.095,3,896.383,2,1,37.48
4816,3,843.095,3,896.383,4,0,37.4725
4817,3,843.095,3,896.383,3,3,37.465
4818,3,843.095,3,896.494,0,2,37.4575
4819,3,843.095,3,901.031,2,0,37.45
4820,3,843.095,3,901.031,4,3,37.4425
4821,3,843.095,3,901.031,3,0,37.435
4822,3,843.095,3,886.918,2,2,37.4276
4823,3,843.095,3,886.918,3,2,37.4201
4824,3,843.095,3,888.318,0,2,37.4126
4825,3,843.095,3,885.768,3,2,37.4051
4826,3,843.095,3,885.768,1,1,37.3976
4827,3,843.095,3,885.768,0,1,37.3901
4828,3,843.095,3,883.568,3,1,37.3827
4829,3,843.095,3,874.661,0,1,37.3752
4830,3,843.095,3,874.661,2,0,37.3677
4831,3,843.095,3,874.661,0,3,37.3602
4832,3,843.095,3,874.661,3,2,37.3528
4833,3,843.095,3,876.629,4,3,37.3453
4834,3,843.095,3,876.629,3,0,37.3378
4835,3,843.095,3,876.629,2,0,37.3304
4836,3,843.095,3,875.416,3,2,37.3229
4837,3,843.095,3,879.281,2,3,37.3154
4838,3,843.095,3,879.281,3,2,37.308
4839,3,843.095,3,879.281,1,1,37.3005
4840,3,843.095,3,879.281,3,0,37.293
4841,3,843.095,3,879.281,1,2,37.2856
4842,3,843.095,3,875.416,2,3,37.2781
4843,3,843.095,3,875.416,0,1,37.2707
4844,3,843.095,3,875.416,4,2,37.2632
4845,3,843.095,3,875.416,0,1,37.2558
4846,3,843.095,3,875.416,1,0,37.2483
4847,3,843.095,3,875.416,1,1,37.2409
4848,3,843.095,3,875.416,2,3,37.2334
4849,3,843.095,3,871.482,3,3,37.226
4850,3,843.095,3,871.482,3,1,37.2185
4851,3,843.095,3,878.468,3,0,37.2111
4852,3,843.095,3,878.468,2,0,37.2036
4853,3,843.095,3,878.468,1,0,37.1962
4854,3,843.095,3,881.322,2,0,37.1888
4855,3,843.095,3,881.322,0,1,37.1813
4856,3,843.095,3,891.074,2,0,37.1739
4857,3,843.095,3,891.074,1,0,37.1665
4858,3,843.095,3,889.086,3,2,37.159
4859,3,843.095,3,891.357,4,3,37.1516
4860,3,843.095,3,898.484,2,3,37.1442
4861,3,843.095,3,897.148,3,1,37.1367
4862,3,843.095,3,897.148,2,2,37.1293
4863,3,843.095,3,891.723,4,3,37.1219
4864,3,843.095,3,894.643,4,2,37.1145
4865,3,843.095,3,894.643,1,0,37.107
4866,3,843.095,3,892.847,3,0,37.0996
4867,3,843.095,3,900.742,2,3,37.0922
4868,3,843.095,3,899.661,0,1,37.0848
4869,3,843.095,3,894.521,3,3,37.0774
4870,3,843.095,3,894.521,3,2,37.0699
4871,3,843.095,3,894.521,1,1,37.0625
4872,3,843.095,3,894.521,1,3,37.0551
4873,3,843.095,3,892.821,4,2,37.0477
4874,3,843.095,3,892.821,3,2,37.0403
4875,3,843.095,3,882.014,0,0,37.0329
4876,3,843.095,3,879.35,4,1,37.0255
4877,3,843.095,3,877.045,0,0,37.0181
4878,3,843.095,3,875.733,2,1,37.0107
4879,3,843.095,3,875.733,4,3,37.0033
4880,3,843.095,3,875.733,1,0,36.9959
4881,3,843.095,3,875.733,2,3,36.9885
4882,3,843.095,3,875.733,3,0,36.9811
4883,3,843.095,3,874.735,4,2,36.9737
4884,3,843.095,3,885.191,2,0,36.9663
4885,3,843.095,3,874.266,3,2,36.9589
4886,3,843.095,3,874.266,1,0,36.9515
4887,3,843.095,3,874.266,2,3,36.9441
4888,3,843.095,3,874.266,1,0,36.9367
4889,3,843.095,3,874.266,1,3,36.9293
4890,3,843.095,3,874.266,3,2,36.9219
4891,3,843.095,3,874.266,3,0,36.9146
4892,3,843.095,3,874.266,0,1,36.9072
4893,3,843.095,3,924.73,1,0,36.8998
4894,3,843.095,3,924.73,4,2,36.8924
4895,3,843.095,3,919.313,0,2,36.885
4896,3,843.095,3,916.191,2,1,36.8777
4897,3,843.095,3,916.191,2,3,36.8703
4898,3,843.095,3,896.653,2,1,36.8629
4899,3,843.095,3,896.653,1,2,36.8555
4900,3,843.095,3,894.979,3,0,36.8482
4901,3,843.095,3,890.124,2,2,36.8408
4902,3,843.095,3,890.124,0,1,36.8334
4903,3,843.095,3,887.025,4,2,36.8261
4904,3,843.095,3,887.025,1,3,36.8187
4905,3,843.095,3,887.135,2,0,36.8113
4906,3,843.095,3,889.989,2,3,36.804
4907,3,843.095,3,887.135,2,1,36.7966
4908,3,843.095,3,886.04,3,0,36.7892
4909,3,843.095,3,886.04,1,3,36.7819
4910,3,843.095,3,886.04,0,0,36.7745
4911,3,843.095,3,917.058,1,0,36.7672
4912,3,843.095,3,917.058,4,0,36.7598
4913,3,843.095,3,911.641,2,2,36.7525
4914,3,843.095,3,911.641,1,2,36.7451
4915,3,843.095,3,894.42,0,3,36.7378
4916,3,843.095,3,893.324,4,2,36.7304
4917,3,843.095,3,894.916,2,2,36.7231
4918,3,843.095,3,894.916,1,1,36.7157
4919,3,843.095,3,895.217,3,3,36.7084
4920,3,843.095,3,889.405,2,3,36.7011
4921,3,843.095,3,889.405,1,0,36.6937
4922,3,843.095,3,889.908,0,0,36.6864
4923,3,843.095,3,889.908,2,3,36.679
4924,3,843.095,3,889.908,1,2,36.6717
4925,3,843.095,3,889.908,2,1,36.6644
4926,3,843.095,3,889.851,4,1,36.657
4927,3,843.095,3,892.312,3,2,36.6497
4928,3,843.095,3,892.312,1,1,36.6424
4929,3,843.095,3,892.312,1,0,36.635
4930,3,843.095,3,892.312,1,0,36.6277
4931,3,843.095,3,892.312,4,2,36.6204
4932,3,843.095,3,892.312,3,2,36.6131
4933,3,843.095,3,889.851,2,1,36.6057
4934,3,843.095,3,889.851,2,3,36.5984
4935,3,843.095,3,888.974,0,2,36.5911
4936,3,843.095,3,888.974,0,1,36.5838
4937,3,843.095,3,888.974,0,1,36.5765
4938,3,843.095,3,889.718,3,0,36.5692
4939,3,843.095,3,889.718,4,0,36.5618
4940,3,843.095,3,891.452,3,3,36.5545
4941,3,843.095,3,891.452,1,2,36.5472
4942,3,843.095,3,891.452,4,0,36.5399
4943,3,843.095,3,891.452,1,1,36.5326
4944,3,843.095,3,891.452,1,1,36.5253
4945,3,843.095,3,891.452,0,2,36.518
4946,3,843.095,3,891.452,2,3,36.5107
4947,3,843.095,3,891.452,0,2,36.5034
4948,3,843.095,3,890.708,3,3,36.4961
4949,3,843.095,3,890.708,1,2,36.4888
4950,3,843.095,3,890.708,0,2,36.4815
4951,3,843.095,3,878.097,2,3,36.4742
4952,3,843.095,3,879.496,4,1,36.4669
4953,3,843.095,3,879.496,4,1,36.4596
4954,3,843.095,3,879.496,3,0,36.4523
4955,3,843.095,3,875.609,4,1,36.445
4956,3,843.095,3,875.609,4,1,36.4377
4957,3,843.095,3,875.609,4,1,36.4304
4958,3,843.095,3,874.652,2,0,36.4232
4959,3,843.095,3,874.652,2,2,36.4159
4960,3,843.095,3,874.186,4,0,36.4086
4961,3,843.095,3,874.186,3,3,36.4013
4962,3,843.095,3,882.755,4,3,36.394
4963,3,843.095,3,882.755,1,1,36.3867
4964,3,843.095,3,894.429,4,0,36.3795
4965,3,843.095,3,891.987,0,2,36.3722
4966,3,843.095,3,885.453,2,1,36.3649
4967,3,843.095,3,885.453,3,1,36.3576
4968,3,843.095,3,884.054,0,1,36.3504
4969,3,843.095,3,884.11,4,3,36.3431
4970,3,843.095,3,884.11,1,2,36.3358
4971,3,843.095,3,889.795,3,3,36.3286
4972,3,843.095,3,899.511,2,2,36.3213
4973,3,843.095,3,888.879,2,0,36.314
4974,3,843.095,3,888.879,4,3,36.3068
4975,3,843.095,3,886.51,4,2,36.2995
4976,3,843.095,3,886.51,4,1,36.2923
4977,3,843.095,3,886.51,0,2,36.285
4978,3,843.095,3,886.51,0,1,36.2777
4979,3,843.095,3,888.763,4,1,36.2705
4980,3,843.095,3,898.445,2,0,36.2632
4981,3,843.095,3,898.445,0,1,36.256
4982,3,843.095,3,898.445,1,2,36.2487
4983,3,843.095,3,953.882,1,0,36.2415
4984,3,843.095,3,944.979,2,0,36.2342
4985,3,843.095,3,944.979,4,2,36.227
4986,3,843.095,3,942.552,4,2,36.2197
4987,3,843.095,3,945.433,3,0,36.2125
4988,3,843.095,3,943.449,0,1,36.2052
4989,3,843.095,3,943.449,2,3,36.198
4990,3,843.095,3,935.379,2,0,36.1908
4991,3,843.095,3,899.69,0,2,36.1835
4992,3,843.095,3,899.795,4,2,36.1763
4993,3,843.095,3,899.795,2,3,36.1691
4994,3,843.095,3,898.562,3,2,36.1618
4995,3,843.095,3,907.43,3,3,36.1546
4996,3,843.095,3,906.118,4,2,36.1474
4997,3,843.095,3,898.03,2,1,36.1401
4998,3,843.095,3,898.03,0,3,36.1329
4999,3,843.095,3,898.03,1,2,36.1257
5000,3,843.095,3,898.03,2,1,36.1184
5001,3,843.095,3,898.03,0,3,36.1112
5002,3,843.095,3,898.03,4,1,36.104
5003,3,843.095,3,897.912,4,2,36.0968
5004,3,843.095,3,900.723,2,1,36.0896
5005,3,843.095,3,898.211,4,0,36.0823
5006,3,843.095,3,894.46,4,2,36.0751
5007,3,843.095,3,896.873,2,1,36.0679
5008,3,843.095,3,896.873,4,3,36.0607
5009,3,843.095,3,896.873,1,3,36.0535
5010,3,843.095,3,901.579,2,3,36.0463
5011,3,843.095,3,900.891,3,1,36.0391
5012,3,843.095,3,898.526,0,0,36.0319
5013,3,843.095,3,898.526,0,1,36.0247
5014,3,843.095,3,898.526,1,3,36.0174
5015,3,843.095,3,898.526,1,3,36.0102
5016,3,843.095,3,898.617,4,3,36.003
5017,3,843.095,3,894.377,2,1,35.9958
5018,3,843.095,3,892.477,2,3,35.9886
5019,3,843.095,3,895.761,0,2,35.9814
5020,3,843.095,3,895.761,3,0,35.9742
5021,3,843.095,3,896.598,4,3,35.9671
5022,3,843.095,3,896.598,4,2,35.9599
5023,3,843.095,3,896.598,0,1,35.9527
5024,3,843.095,3,889.369,3,3,35.9455
5025,3,843.095,3,889.369,2,2,35.9383
5026,3,843.095,3,889.369,1,2,35.9311
5027,3,843.095,3,889.369,1,3,35.9239
5028,3,843.095,3,897.813,2,1,35.9167
5029,3,843.095,3,892.715,4,2,35.9095
5030,3,843.095,3,892.715,3,2,35.9024
5031,3,843.095,3,892.624,2,1,35.8952
5032,3,843.095,3,892.624,1,0,35.888
5033,3,843.095,3,887.696,4,1,35.8808
5034,3,843.095,3,887.696,2,0,35.8737
5035,3,843.095,3,884.798,0,1,35.8665
5036,3,843.095,3,884.798,4,1,35.8593
5037,3,843.095,3,884.597,4,0,35.8521
5038,3,843.095,3,875.668,2,1,35.845
5039,3,843.095,3,875.668,1,0,35.8378
5040,3,843.095,3,875.668,0,2,35.8306
5041,3,843.095,3,873.716,4,1,35.8235
5042,3,843.095,3,873.716,4,1,35.8163
5043,3,843.095,3,878.767,2,1,35.8091
5044,3,843.095,3,882.357,2,3,35.802
5045,3,843.095,3,879.023,3,1,35.7948
5046,3,843.095,3,879.023,1,1,35.7876
5047,3,843.095,3,879.023,0,3,35.7805
5048,3,843.095,3,879.023,3,0,35.7733
5049,3,843.095,3,879.023,2,0,35.7662
5050,3,843.095,3,877.818,0,1,35.759
5051,3,843.095,3,877.352,2,2,35.7519
5052,3,843.095,3,875.952,4,3,35.7447
5053,3,843.095,3,872.018,2,1,35.7376
5054,3,843.095,3,872.018,1,0,35.7304
5055,3,843.095,3,872.018,3,1,35.7233
5056,3,843.095,3,872.018,4,2,35.7161
5057,3,843.095,3,872.018,1,1,35.709
5058,3,843.095,3,879.145,4,3,35.7019
5059,3,843.095,3,879.145,0,0,35.6947
5060,3,843.095,3,879.145,1,2,35.6876
5061,3,843.095,3,879.145,3,1,35.6804
5062,3,843.095,3,872.018,2,1,35.6733
5063,3,843.095,3,872.018,3,0,35.6662
5064,3,843.095,3,872.018,4,1,35.659
5065,3,843.095,3,872.018,1,3,35.6519
5066,3,843.095,3,868.033,4,0,35.6448
5067,3,843.095,3,868.033,1,2,35.6376
5068,3,843.095,3,870.446,3,3,35.6305
5069,3,843.095,3,870.446,1,3,35.6234
5070,3,843.095,3,870.446,3,1,35.6163
5071,3,843.095,3,870.446,0,1,35.6091
5072,3,843.095,3,870.446,1,0,35.602
5073,3,843.095,3,866.594,2,0,35.5949
5074,3,843.095,3,866.483,3,0,35.5878
5075,3,843.095,3,866.483,1,3,35.5807
5076,3,843.095,3,866.483,1,1,35.5735
5077,3,843.095,3,866.917,0,0,35.5664
5078,3,843.095,3,866.917,1,0,35.5593
5079,3,843.095,3,866.917,1,2,35.5522
5080,3,843.095,3,866.917,2,0,35.5451
5081,3,843.095,3,866.917,1,3,35.538
5082,3,843.095,3,866.917,3,1,35.5309
5083,3,843.095,3,866.917,1,1,35.5238
5084,3,843.095,3,869.298,4,3,35.5167
5085,3,843.095,3,884.938,2,1,35.5096
5086,3,843.095,3,874.973,0,1,35.5025
5087,3,843.095,3,874.973,1,0,35.4954
5088,3,843.095,3,874.973,4,2,35.4883
5089,3,843.095,3,872.391,2,0,35.4812
5090,3,843.095,3,871.955,4,2,35.4741
5091,3,843.095,3,875.946,4,0,35.467
5092,3,843.095,3,875.946,1,3,35.4599
5093,3,843.095,3,876.767,0,2,35.4528
5094,3,843.095,3,876.767,1,0,35.4457
5095,3,843.095,3,876.767,1,3,35.4386
5096,3,843.095,3,876.767,1,3,35.4315
5097,3,843.095,3,875.772,4,2,35.4244
5098,3,843.095,3,882.553,4,3,35.4173
5099,3,843.095,3,882.553,1,3,35.4103
5100,3,843.095,3,882.553,1,0,35.4032
5101,3,843.095,3,882.553,1,2,35.3961
5102,3,843.095,3,882.553,3,0,35.389
5103,3,843.095,3,879.57,4,3,35.3819
5104,3,843.095,3,874.983,4,2,35.3749
5105,3,843.095,3,874.983,0,0,35.3678
5106,3,843.095,3,874.983,2,2,35.3607
5107,3,843.095,3,874.983,1,0,35.3536
5108,3,843.095,3,871.185,3,2,35.3466
5109,3,843.095,3,871.185,4,1,35.3395
5110,3,843.095,3,871.185,2,3,35.3324
5111,3,843.095,3,871.185,4,2,35.3254
5112,3,843.095,3,871.185,1,3,35.3183
5113,3,843.095,3,871.185,3,0,35.3112
5114,3,843.095,3,871.781,3,3,35.3042
5115,3,843.095,3,871.781,4,0,35.2971
5116,3,843.095,3,871.781,1,2,35.2901
5117,3,843.095,3,871.781,3,2,35.283
5118,3,843.095,3,872.247,0,3,35.2759
5119,3,843.095,3,871.781,2,2,35.2689
5120,3,843.095,3,871.781,1,0,35.2618
5121,3,843.095,3,874.093,4,3,35.2548
5122,3,843.095,3,873.497,0,1,35.2477
5123,3,843.095,3,873.497,0,1,35.2407
5124,3,843.095,3,873.497,3,2,35.2336
5125,3,843.095,3,873.497,4,0,35.2266
5126,3,843.095,3,873.497,0,1,35.2195
5127,3,843.095,3,873.497,1,0,35.2125
5128,3,843.095,3,873.497,0,1,35.2055
5129,3,843.095,3,873.272,0,1,35.1984
5130,3,843.095,3,873.272,1,1,35.1914
5131,3,843.095,3,873.272,4,1,35.1843
5132,3,843.095,3,890.184,2,2,35.1773
5133,3,843.095,3,890.184,4,0,35.1703
5134,3,843.095,3,890.184,1,0,35.1632
5135,3,843.095,3,890.184,0,2,35.1562
5136,3,843.095,3,890.65,2,0,35.1492
5137,3,843.095,3,876.055,2,2,35.1421
5138,3,843.095,3,876.055,0,1,35.1351
5139,3,843.095,3,876.055,1,2,35.1281
5140,3,843.095,3,876.055,1,2,35.1211
5141,3,843.095,3,876.055,0,3,35.114
5142,3,843.095,3,876.055,4,1,35.107
5143,3,843.095,3,876.055,1,3,35.1
5144,3,843.095,3,881.456,3,2,35.093
5145,3,843.095,3,878.769,2,0,35.086
5146,3,843.095,3,878.769,2,1,35.0789
5147,3,843.095,3,878.769,0,0,35.0719
5148,3,843.095,3,878.736,4,2,35.0649
5149,3,843.095,3,878.736,0,2,35.0579
5150,3,843.095,3,878.736,3,1,35.0509
5151,3,843.095,3,873.738,2,0,35.0439
5152,3,843.095,3,873.738,3,3,35.0369
5153,3,843.095,3,873.738,4,0,35.0299
5154,3,843.095,3,873.738,2,1,35.0228
5155,3,843.095,3,877.729,3,0,35.0158
5156,3,843.095,3,877.729,1,3,35.0088
5157,3,843.095,3,890.591,4,3,35.0018
5158,3,843.095,3,887.403,0,2,34.9948
5159,3,843.095,3,887.403,0,1,34.9878
5160,3,843.095,3,884.744,4,3,34.9808
5161,3,843.095,3,884.744,4,3,34.9738
5162,3,843.095,3,884.744,1,2,34.9669
5163,3,843.095,3,884.858,2,3,34.9599
5164,3,843.095,3,884.858,0,1,34.9529
5165,3,843.095,3,885.323,4,3,34.9459
5166,3,843.095,3,904.602,1,3,34.9389
5167,3,843.095,3,886.795,3,2,34.9319
5168,3,843.095,3,884.366,3,0,34.9249
5169,3,843.095,3,884.366,4,2,34.9179
5170,3,843.095,3,884.366,2,0,34.9109
5171,3,843.095,3,884.366,1,2,34.904
5172,3,843.095,3,884.366,3,0,34.897
5173,3,843.095,3,883.9,0,1,34.89
5174,3,843.095,3,880.388,4,1,34.883
5175,3,843.095,3,880.388,4,0,34.876
5176,3,843.095,3,880.388,4,1,34.8691
5177,3,843.095,3,878.989,0,3,34.8621
5178,3,843.095,3,875.913,4,0,34.8551
5179,3,843.095,3,875.913,4,0,34.8482
5180,3,843.095,3,875.913,0,3,34.8412
5181,3,843.095,3,875.913,2,0,34.8342
5182,3,843.095,3,872.966,4,3,34.8273
5183,3,843.095,3,872.966,1,0,34.8203
5184,3,843.095,3,872.966,2,1,34.8133
5185,3,843.095,3,872.966,1,2,34.8064
5186,3,843.095,3,872.966,2,3,34.7994
5187,3,843.095,3,882.173,2,2,34.7924
5188,3,843.095,3,888.779,0,0,34.7855
5189,3,843.095,3,888.779,0,0,34.7785
5190,3,843.095,3,888.779,3,2,34.7716
5191,3,843.095,3,887.859,4,1,34.7646
5192,3,843.095,3,887.859,2,0,34.7577
5193,3,843.095,3,887.859,1,2,34.7507
5194,3,843.095,3,887.859,0,2,34.7438
5195,3,843.095,3,887.859,1,2,34.7368
5196,3,843.095,3,887.859,4,2,34.7299
5197,3,843.095,3,886.458,3,1,34.7229
5198,3,843.095,3,886.458,4,0,34.716
5199,3,843.095,3,889.01,3,2,34.709
5200,3,843.095,3,889.01,0,1,34.7021
5201,3,843.095,3,889.01,2,1,34.6951
5202,3,843.095,3,889.01,3,3,34.6882
5203,3,843.095,3,889.01,4,3,34.6813
5204,3,843.095,3,886.458,2,1,34.6743
5205,3,843.095,3,885.193,3,3,34.6674
5206,3,843.095,3,885.193,4,1,34.6605
5207,3,843.095,3,890.732,2,3,34.6535
5208,3,843.095,3,890.732,3,0,34.6466
5209,3,843.095,3,894.667,0,0,34.6397
5210,3,843.095,3,888.508,2,2,34.6327
5211,3,843.095,3,891.212,4,2,34.6258
5212,3,843.095,3,891.212,4,0,34.6189
5213,3,843.095,3,897.442,2,2,34.612
5214,3,843.095,3,897.442,1,3,34.605
5215,3,843.095,3,897.442,1,2,34.5981
5216,3,843.095,3,897.337,3,1,34.5912
5217,3,843.095,3,895.937,4,0,34.5843
5218,3,843.095,3,895.264,2,0,34.5774
5219,3,843.095,3,888.424,3,2,34.5705
5220,3,843.095,3,886.376,0,1,34.5635
5221,3,843.095,3,886.376,2,3,34.5566
5222,3,843.095,3,886.376,0,2,34.5497
5223,3,843.095,3,886.376,4,1,34.5428
5224,3,843.095,3,882.385,2,1,34.5359
5225,3,843.095,3,882.385,1,3,34.529
5226,3,843.095,3,882.385,4,2,34.5221
5227,3,843.095,3,882.385,0,0,34.5152
5228,3,843.095,3,889.238,4,0,34.5083
5229,3,843.095,3,889.238,0,2,34.5014
5230,3,843.095,3,886.01,3,1,34.4945
5231,3,843.095,3,886.01,0,0,34.4876
5232,3,843.095,3,886.01,4,0,34.4807
5233,3,843.095,3,886.01,0,1,34.4738
5234,3,843.095,3,883.526,0,3,34.4669
5235,3,843.095,3,883.526,3,3,34.46
5236,3,843.095,3,878.14,3,3,34.4531
5237,3,843.095,3,878.14,0,3,34.4462
5238,3,843.095,3,878.14,3,2,34.4393
5239,3,843.095,3,877.451,3,2,34.4324
5240,3,843.095,3,876.18,3,1,34.4255
5241,3,843.095,3,877.451,3,3,34.4187
5242,3,843.095,3,876.18,2,1,34.4118
5243,3,843.095,3,876.18,1,0,34.4049
5244,3,843.095,3,876.18,4,1,34.398
5245,3,843.095,3,877.579,3,3,34.3911
5246,3,843.095,3,875.632,4,0,34.3843
5247,3,843.095,3,871.881,4,1,34.3774
5248,3,843.095,3,871.991,3,3,34.3705
5249,3,843.095,3,871.991,0,0,34.3636
5250,3,843.095,3,871.881,0,1,34.3568
5251,3,843.095,3,872.405,3,3,34.3499
5252,3,843.095,3,872.758,0,3,34.343
5253,3,843.095,3,872.758,3,1,34.3361
5254,3,843.095,3,872.405,3,1,34.3293
5255,3,843.095,3,881.937,2,1,34.3224
5256,3,843.095,3,881.937,1,2,34.3156
5257,3,843.095,3,881.937,4,0,34.3087
5258,3,843.095,3,881.937,0,3,34.3018
5259,3,843.095,3,871.972,2,0,34.295
5260,3,843.095,3,871.972,1,1,34.2881
5261,3,843.095,3,871.972,3,2,34.2812
5262,3,843.095,3,871.972,1,1,34.2744
5263,3,843.095,3,871.972,1,0,34.2675
5264,3,843.095,3,871.972,1,2,34.2607
5265,3,843.095,3,871.415,4,1,34.2538
5266,3,843.095,3,871.415,1,0,34.247
5267,3,843.095,3,871.415,3,2,34.2401
5268,3,843.095,3,871.415,1,1,34.2333
5269,3,843.095,3,871.415,1,2,34.2264
5270,3,843.095,3,876.912,2,0,34.2196
5271,3,843.095,3,876.912,3,2,34.2127
5272,3,843.095,3,876.912,1,0,34.2059
5273,3,843.095,3,871.415,0,0,34.1991
5274,3,843.095,3,871.415,0,0,34.1922
5275,3,843.095,3,921.423,1,0,34.1854
5276,3,843.095,3,912.652,2,3,34.1785
5277,3,843.095,3,909.529,3,3,34.1717
5278,3,843.095,3,899.401,0,2,34.1649
5279,3,843.095,3,896.471,0,0,34.158
5280,3,843.095,3,896.471,0,0,34.1512
5281,3,843.095,3,895.937,3,1,34.1444
5282,3,843.095,3,895.937,0,1,34.1376
5283,3,843.095,3,895.937,2,0,34.1307
5284,3,843.095,3,895.937,4,0,34.1239
5285,3,843.095,3,895.937,1,3,34.1171
5286,3,843.095,3,898.35,3,3,34.1103
5287,3,843.095,3,893.974,2,0,34.1034
5288,3,843.095,3,893.974,0,2,34.0966
5289,3,843.095,3,893.974,1,3,34.0898
5290,3,843.095,3,893.974,0,2,34.083
5291,3,843.095,3,882.345,4,2,34.0762
5292,3,843.095,3,879.541,2,0,34.0693
5293,3,843.095,3,879.541,2,0,34.0625
5294,3,843.095,3,879.541,2,0,34.0557
5295,3,843.095,3,876.259,2,0,34.0489
5296,3,843.095,3,876.259,0,0,34.0421
5297,3,843.095,3,876.259,4,2,34.0353
5298,3,843.095,3,876.259,0,2,34.0285
5299,3,843.095,3,876.259,4,0,34.0217
5300,3,843.095,3,876.37,2,0,34.0149
5301,3,843.095,3,874.353,2,1,34.0081
5302,3,843.095,3,875.792,3,1,34.0013
5303,3,843.095,3,879.68,4,3,33.9945
5304,3,843.095,3,883.825,2,3,33.9877
5305,3,843.095,3,883.825,1,1,33.9809
5306,3,843.095,3,883.825,4,0,33.9741
5307,3,843.095,3,883.825,2,2,33.9673
5308,3,843.095,3,883.595,4,2,33.9605
5309,3,843.095,3,867.701,2,2,33.9537
5310,3,843.095,3,886.154,4,3,33.9469
5311,3,843.095,3,886.154,1,1,33.9401
5312,3,843.095,3,886.154,3,3,33.9333
5313,3,843.095,3,886.154,1,3,33.9265
5314,3,843.095,3,886.154,3,3,33.9198
5315,3,843.095,3,905.746,2,2,33.913
5316,3,843.095,3,905.746,1,0,33.9062
5317,3,843.095,3,905.746,0,0,33.8994
5318,3,843.095,3,903.316,0,2,33.8926
5319,3,843.095,3,892.272,0,1,33.8858
5320,3,843.095,3,892.272,1,3,33.8791
5321,3,843.095,3,873.234,3,3,33.8723
5322,3,843.095,3,872.126,3,0,33.8655
5323,3,843.095,3,872.126,0,3,33.8587
5324,3,843.095,3,872.126,3,3,33.852
5325,3,843.095,3,872.126,2,1,33.8452
5326,3,843.095,3,872.443,4,3,33.8384
5327,3,843.095,3,872.126,3,3,33.8317
5328,3,843.095,3,872.126,3,3,33.8249
5329,3,843.095,3,872.126,1,2,33.8181
5330,3,843.095,3,876.078,2,2,33.8114
5331,3,843.095,3,872.087,4,2,33.8046
5332,3,843.095,3,872.087,1,2,33.7978
5333,3,843.095,3,870.939,4,2,33.7911
5334,3,843.095,3,869.483,3,0,33.7843
5335,3,843.095,3,869.372,3,2,33.7776
5336,3,843.095,3,879.282,0,3,33.7708
5337,3,843.095,3,879.282,1,2,33.7641
5338,3,843.095,3,882.386,0,3,33.7573
5339,3,843.095,3,875.796,4,0,33.7506
5340,3,843.095,3,875.796,4,0,33.7438
5341,3,843.095,3,870.455,4,1,33.7371
5342,3,843.095,3,870.455,1,3,33.7303
5343,3,843.095,3,870.455,2,1,33.7236
5344,3,843.095,3,870.455,1,1,33.7168
5345,3,843.095,3,870.455,3,0,33.7101
5346,3,843.095,3,870.005,3,0,33.7033
5347,3,843.095,3,870.005,2,2,33.6966
5348,3,843.095,3,870.005,4,0,33.6899
5349,3,843.095,3,862.493,4,1,33.6831
5350,3,843.095,3,862.493,1,3,33.6764
5351,3,843.095,3,862.493,0,2,33.6696
5352,3,843.095,3,862.493,0,2,33.6629
5353,3,843.095,3,862.493,0,3,33.6562
5354,3,843.095,3,862.493,2,0,33.6494
5355,3,843.095,3,862.493,1,3,33.6427
5356,3,843.095,3,866.484,4,3,33.636
5357,3,843.095,3,862.493,0,1,33.6293
5358,3,843.095,3,862.493,4,3,33.6225
5359,3,843.095,3,862.493,1,1,33.6158
5360,3,843.095,3,862.493,0,3,33.6091
5361,3,843.095,3,862.809,4,0,33.6024
5362,3,843.095,3,857.307,2,3,33.5956
5363,3,843.095,3,857.417,4,2,33.5889
5364,3,843.095,3,857.417,3,0,33.5822
5365,3,843.095,3,860.03,3,3,33.5755
5366,3,843.095,3,857.307,3,3,33.5688
5367,3,843.095,3,857.307,1,2,33.5621
5368,3,843.095,3,857.307,2,2,33.5554
5369,3,843.095,3,857.307,4,1,33.5486
5370,3,843.095,3,858.706,3,3,33.5419
5371,3,843.095,3,858.706,1,3,33.5352
5372,3,843.095,3,858.706,2,1,33.5285
5373,3,843.095,3,858.706,2,2,33.5218
5374,3,843.095,3,859.173,2,0,33.5151
5375,3,843.095,3,859.893,3,3,33.5084
5376,3,843.095,3,859.893,3,2,33.5017
5377,3,843.095,3,859.893,2,3,33.495
5378,3,843.095,3,859.893,4,0,33.4883
5379,3,843.095,3,859.427,2,1,33.4816
5380,3,843.095,3,857.1,4,1,33.4749
5381,3,843.095,3,857.1,0,1,33.4682
5382,3,843.095,3,857.1,4,0,33.4615
5383,3,843.095,3,857.1,3,3,33.4548
5384,3,843.095,3,857.533,4,2,33.4481
5385,3,843.095,3,857.533,3,1,33.4414
5386,3,843.095,3,857.533,3,0,33.4348
5387,3,843.095,3,857.533,2,0,33.4281
5388,3,843.095,3,857.533,1,0,33.4214
5389,3,843.095,3,857.533,1,0,33.4147
5390,3,843.095,3,857.1,3,0,33.408
5391,3,843.095,3,857.1,0,2,33.4013
5392,3,843.095,3,857.1,0,2,33.3947
5393,3,843.095,3,857.1,1,1,33.388
5394,3,843.095,3,857.1,4,1,33.3813
5395,3,843.095,3,857.1,0,3,33.3746
5396,3,843.095,3,910.511,1,3,33.3679
5397,3,843.095,3,910.511,1,2,33.3613
5398,3,843.095,3,902.714,4,1,33.3546
5399,3,843.095,3,903.79,4,0,33.3479
5400,3,843.095,3,903.79,4,1,33.3413
5401,3,843.095,3,901.563,2,3,33.3346
5402,3,843.095,3,892.997,3,3,33.3279
5403,3,843.095,3,892.997,1,2,33.3213
5404,3,843.095,3,885.145,2,2,33.3146
5405,3,843.095,3,885.145,4,3,33.3079
5406,3,843.095,3,885.145,0,0,33.3013
5407,3,843.095,3,885.145,1,2,33.2946
5408,3,843.095,3,885.145,4,3,33.288
5409,3,843.095,3,886.4,2,3,33.2813
5410,3,843.095,3,886.4,1,1,33.2746
5411,3,843.095,3,892.163,0,0,33.268
5412,3,843.095,3,892.163,1,2,33.2613
5413,3,843.095,3,892.163,4,1,33.2547
5414,3,843.095,3,892.163,4,0,33.248
5415,3,843.095,3,890.056,4,3,33.2414
5416,3,843.095,3,890.056,0,2,33.2347
5417,3,843.095,3,890.056,4,2,33.2281
5418,3,843.095,3,892.961,3,3,33.2214
5419,3,843.095,3,892.961,1,1,33.2148
5420,3,843.095,3,892.961,1,1,33.2082
5421,3,843.095,3,892.961,4,3,33.2015
5422,3,843.095,3,893.43,4,3,33.1949
5423,3,843.095,3,893.43,2,0,33.1882
5424,3,843.095,3,893.43,3,3,33.1816
5425,3,843.095,3,893.43,3,1,33.175
5426,3,843.095,3,893.339,3,2,33.1683
5427,3,843.095,3,893.339,4,3,33.1617
5428,3,843.095,3,893.339,0,2,33.1551
5429,3,843.095,3,893.339,2,1,33.1484
5430,3,843.095,3,893.43,0,3,33.1418
5431,3,843.095,3,893.339,3,0,33.1352
5432,3,843.095,3,892.127,4,2,33.1285
5433,3,843.095,3,892.127,4,1,33.1219
5434,3,843.095,3,892.127,2,3,33.1153
5435,3,843.095,3,891.271,2,3,33.1087
5436,3,843.095,3,891.271,3,0,33.102
5437,3,843.095,3,885.606,0,1,33.0954
5438,3,843.095,3,880.938,2,2,33.0888
5439,3,843.095,3,882.15,3,3,33.0822
5440,3,843.095,3,878.078,4,3,33.0756
5441,3,843.095,3,878.078,1,2,33.069
5442,3,843.095,3,877.609,2,3,33.0623
5443,3,843.095,3,877.609,1,1,33.0557
5444,3,843.095,3,877.609,1,2,33.0491
5445,3,843.095,3,877.609,1,1,33.0425
5446,3,843.095,3,881.848,0,3,33.0359
5447,3,843.095,3,881.848,4,0,33.0293
5448,3,843.095,3,881.848,1,3,33.0227
5449,3,843.095,3,877.074,0,0,33.0161
5450,3,843.095,3,877.074,0,0,33.0095
5451,3,843.095,3,871.346,2,3,33.0029
5452,3,843.095,3,867.106,2,3,32.9963
5453,3,843.095,3,866.442,3,3,32.9897
5454,3,843.095,3,866.442,1,1,32.9831
5455,3,843.095,3,866.442,3,0,32.9765
5456,3,843.095,3,866.442,4,3,32.9699
5457,3,843.095,3,866.442,1,0,32.9633
5458,3,843.095,3,866.442,0,3,32.9567
5459,3,843.095,3,866.442,4,0,32.9501
5460,3,843.095,3,891.453,0,2,32.9435
5461,3,843.095,3,891.453,1,1,32.9369
5462,3,843.095,3,891.453,3,1,32.9303
5463,3,843.095,3,891.453,2,1,32.9238
5464,3,843.095,3,891.453,0,3,32.9172
5465,3,843.095,3,876.407,2,0,32.9106
5466,3,843.095,3,876.407,3,0,32.904
5467,3,843.095,3,876.407,3,3,32.8974
5468,3,843.095,3,876.407,3,0,32.8908
5469,3,843.095,3,876.407,4,0,32.8843
5470,3,843.095,3,871.802,3,1,32.8777
5471,3,843.095,3,871.802,1,3,32.8711
5472,3,843.095,3,871.802,3,3,32.8645
5473,3,843.095,3,871.332,3,1,32.858
5474,3,843.095,3,876.665,4,2,32.8514
5475,3,843.095,3,876.665,1,0,32.8448
5476,3,843.095,3,876.811,0,3,32.8383
5477,3,843.095,3,876.811,1,3,32.8317
5478,3,843.095,3,876.811,1,1,32.8251
5479,3,843.095,3,876.811,2,3,32.8186
5480,3,843.095,3,878.409,4,2,32.812
5481,3,843.095,3,878.409,1,1,32.8054
5482,3,843.095,3,878.409,0,3,32.7989
5483,3,843.095,3,881.175,0,3,32.7923
5484,3,843.095,3,877.746,3,1,32.7858
5485,3,843.095,3,880.656,0,0,32.7792
5486,3,843.095,3,880.656,3,3,32.7726
5487,3,843.095,3,880.656,3,3,32.7661
5488,3,843.095,3,880.656,4,2,32.7595
5489,3,843.095,3,883.944,3,0,32.753
5490,3,843.095,3,881.686,2,0,32.7464
5491,3,843.095,3,876.009,2,2,32.7399
5492,3,843.095,3,876.009,0,1,32.7333
5493,3,843.095,3,879.114,3,0,32.7268
5494,3,843.095,3,873.611,2,2,32.7202
5495,3,843.095,3,871.666,3,2,32.7137
5496,3,843.095,3,871.666,3,2,32.7072
5497,3,843.095,3,881.186,2,3,32.7006
5498,3,843.095,3,914.524,2,3,32.6941
5499,3,843.095,3,914.524,1,0,32.6875
5500,3,843.095,3,910.728,4,0,32.681
5501,3,843.095,3,921.215,4,3,32.6745
5502,3,843.095,3,921.215,1,2,32.6679
5503,3,843.095,3,919.596,3,3,32.6614
5504,3,843.095,3,909.645,2,2,32.6549
5505,3,843.095,3,905.998,0,3,32.6483
5506,3,843.095,3,906.535,4,0,32.6418
5507,3,843.095,3,899.881,3,0,32.6353
5508,3,843.095,3,902.173,2,3,32.6287
5509,3,843.095,3,879.626,2,1,32.6222
5510,3,843.095,3,875.15,2,1,32.6157
5511,3,843.095,3,875.15,0,0,32.6092
5512,3,843.095,3,873.92,4,2,32.6026
5513,3,843.095,3,864.624,4,3,32.5961
5514,3,843.095,3,866.539,4,3,32.5896
5515,3,843.095,3,866.539,1,2,32.5831
5516,3,843.095,3,865.661,0,2,32.5766
5517,3,843.095,3,865.345,3,2,32.5701
5518,3,843.095,3,865.345,2,0,32.5635
5519,3,843.095,3,865.345,4,3,32.557
5520,3,843.095,3,866.69,0,3,32.5505
5521,3,843.095,3,866.69,1,0,32.544
5522,3,843.095,3,866.69,1,3,32.5375
5523,3,843.095,3,866.69,1,1,32.531
5524,3,843.095,3,864.439,4,3,32.5245
5525,3,843.095,3,859.772,2,1,32.518
5526,3,843.095,3,866.9,2,3,32.5115
5527,3,843.095,3,859.772,4,0,32.505
5528,3,843.095,3,857.429,4,1,32.4985
5529,3,843.095,3,865.457,4,2,32.492
5530,3,843.095,3,865.457,1,2,32.4855
5531,3,843.095,3,865.457,3,0,32.479
5532,3,843.095,3,865.457,3,0,32.4725
5533,3,843.095,3,865.457,4,2,32.466
5534,3,843.095,3,873.789,3,2,32.4595
5535,3,843.095,3,873.789,1,0,32.453
5536,3,843.095,3,871.573,0,2,32.4465
5537,3,843.095,3,871.755,0,0,32.44
5538,3,843.095,3,871.586,4,0,32.4335
5539,3,843.095,3,871.586,0,0,32.4271
5540,3,843.095,3,873.156,2,3,32.4206
5541,3,843.095,3,866.06,4,0,32.4141
5542,3,843.095,3,866.06,1,1,32.4076
5543,3,843.095,3,872.961,4,1,32.4011
5544,3,843.095,3,872.961,0,2,32.3946
5545,3,843.095,3,872.961,1,2,32.3882
5546,3,843.095,3,872.961,0,1,32.3817
5547,3,843.095,3,872.961,3,2,32.3752
5548,3,843.095,3,872.961,4,0,32.3687
5549,3,843.095,3,882.834,3,2,32.3623
5550,3,843.095,3,892.223,4,3,32.3558
5551,3,843.095,3,900.747,3,0,32.3493
5552,3,843.095,3,900.747,1,1,32.3428
5553,3,843.095,3,900.747,1,0,32.3364
5554,3,843.095,3,901.149,3,0,32.3299
5555,3,843.095,3,901.149,4,0,32.3234
5556,3,843.095,3,897.092,4,1,32.317
5557,3,843.095,3,897.092,3,0,32.3105
5558,3,843.095,3,895.973,0,2,32.3041
5559,3,843.095,3,896.345,4,0,32.2976
5560,3,843.095,3,896.345,3,2,32.2911
5561,3,843.095,3,896.345,1,2,32.2847
5562,3,843.095,3,885.643,3,2,32.2782
5563,3,843.095,3,888.126,2,3,32.2718
5564,3,843.095,3,885.219,3,0,32.2653
5565,3,843.095,3,874.009,2,2,32.2589
5566,3,843.095,3,874.009,4,0,32.2524
5567,3,843.095,3,874.009,2,3,32.2459
5568,3,843.095,3,873.496,0,0,32.2395
5569,3,843.095,3,873.496,0,0,32.2331
5570,3,843.095,3,873.496,3,2,32.2266
5571,3,843.095,3,874.826,4,0,32.2202
5572,3,843.095,3,901.453,1,0,32.2137
5573,3,843.095,3,900.358,3,2,32.2073
5574,3,843.095,3,898.919,0,1,32.2008
5575,3,843.095,3,898.919,2,0,32.1944
5576,3,843.095,3,898.919,4,3,32.188
5577,3,843.095,3,899.232,3,2,32.1815
5578,3,843.095,3,896.156,2,3,32.1751
5579,3,843.095,3,896.925,4,0,32.1686
5580,3,843.095,3,896.925,1,3,32.1622
5581,3,843.095,3,896.925,4,0,32.1558
5582,3,843.095,3,896.925,1,3,32.1493
5583,3,843.095,3,893.846,2,1,32.1429
5584,3,843.095,3,899.618,2,3,32.1365
5585,3,843.095,3,892.431,0,2,32.1301
5586,3,843.095,3,892.757,2,3,32.1236
5587,3,843.095,3,900.984,1,0,32.1172
5588,3,843.095,3,900.984,1,3,32.1108
5589,3,843.095,3,900.984,2,0,32.1044
5590,3,843.095,3,900.984,4,2,32.0979
5591,3,843.095,3,887.855,2,3,32.0915
5592,3,843.095,3,885.576,4,3,32.0851
5593,3,843.095,3,885.576,3,1,32.0787
5594,3,843.095,3,885.187,2,3,32.0723
5595,3,843.095,3,885.187,0,2,32.0659
5596,3,843.095,3,885.187,1,0,32.0594
5597,3,843.095,3,885.187,1,1,32.053
5598,3,843.095,3,885.187,0,2,32.0466
5599,3,843.095,3,885.874,4,3,32.0402
5600,3,843.095,3,885.874,1,0,32.0338
5601,3,843.095,3,885.874,1,3,32.0274
5602,3,843.095,3,895.626,3,3,32.021
5603,3,843.095,3,887.599,0,1,32.0146
5604,3,843.095,3,881.07,4,2,32.0082
5605,3,843.095,3,881.07,0,1,32.0018
5606,3,843.095,3,877.32,3,3,31.9954
5607,3,843.095,3,877.32,3,0,31.989
5608,3,843.095,3,876.854,3,1,31.9826
5609,3,843.095,3,876.921,4,2,31.9762
5610,3,843.095,3,876.921,2,0,31.9698
5611,3,843.095,3,877.387,2,0,31.9634
5612,3,843.095,3,875.779,4,1,31.957
5613,3,843.095,3,875.847,0,3,31.9506
5614,3,843.095,3,875.847,1,1,31.9442
5615,3,843.095,3,875.847,1,0,31.9378
5616,3,843.095,3,875.847,0,1,31.9315
5617,3,843.095,3,875.847,2,2,31.9251
5618,3,843.095,3,875.104,3,2,31.9187
5619,3,843.095,3,875.104,2,3,31.9123
5620,3,843.095,3,875.104,1,0,31.9059
5621,3,843.095,3,875.104,1,0,31.8995
5622,3,843.095,3,874.994,0,0,31.8932
5623,3,843.095,3,875.416,0,1,31.8868
5624,3,843.095,3,875.416,1,1,31.8804
5625,3,843.095,3,875.416,0,0,31.874
5626,3,843.095,3,880.719,2,3,31.8676
5627,3,843.095,3,879.719,4,2,31.8613
5628,3,843.095,3,885.12,0,3,31.8549
5629,3,843.095,3,880.79,3,2,31.8485
5630,3,843.095,3,878.517,2,1,31.8422
5631,3,843.095,3,878.517,4,2,31.8358
5632,3,843.095,3,878.517,1,1,31.8294
5633,3,843.095,3,959.125,1,0,31.8231
5634,3,843.095,3,959.125,1,2,31.8167
5635,3,843.095,3,959.125,0,2,31.8103
5636,3,843.095,3,959.125,0,0,31.804
5637,3,843.095,3,958.808,3,2,31.7976
5638,3,843.095,3,954.961,2,2,31.7912
5639,3,843.095,3,925.419,2,1,31.7849
5640,3,843.095,3,921.432,3,3,31.7785
5641,3,843.095,3,906.995,0,1,31.7722
5642,3,843.095,3,902.065,0,0,31.7658
5643,3,843.095,3,885.536,2,2,31.7595
5644,3,843.095,3,885.536,0,1,31.7531
5645,3,843.095,3,885.536,4,0,31.7468
5646,3,843.095,3,883.671,4,2,31.7404
5647,3,843.095,3,883.671,3,1,31.7341
5648,3,843.095,3,890.188,3,3,31.7277
5649,3,843.095,3,890.188,0,2,31.7214
5650,3,843.095,3,889.043,0,3,31.715
5651,3,843.095,3,889.043,2,3,31.7087
5652,3,843.095,3,870.722,3,1,31.7023
5653,3,843.095,3,870.722,1,1,31.696
5654,3,843.095,3,870.722,2,2,31.6897
5655,3,843.095,3,870.722,3,2,31.6833
5656,3,843.095,3,877.092,3,3,31.677
5657,3,843.095,3,887.976,2,2,31.6707
5658,3,843.095,3,887.976,1,1,31.6643
5659,3,843.095,3,891.44,3,0,31.658
5660,3,843.095,3,890.905,4,1,31.6517
5661,3,843.095,3,897.34,2,0,31.6453
5662,3,843.095,3,897.34,1,0,31.639
5663,3,843.095,3,896.629,0,0,31.6327
5664,3,843.095,3,896.629,4,0,31.6263
5665,3,843.095,3,896.629,1,0,31.62
5666,3,843.095,3,885.311,3,0,31.6137
5667,3,843.095,3,885.311,0,2,31.6074
5668,3,843.095,3,881.94,0,3,31.6011
5669,3,843.095,3,881.771,3,0,31.5947
5670,3,843.095,3,880.372,3,3,31.5884
5671,3,843.095,3,879.139,3,1,31.5821
5672,3,843.095,3,879.139,2,3,31.5758
5673,3,843.095,3,879.139,1,3,31.5695
5674,3,843.095,3,879.139,1,3,31.5631
5675,3,843.095,3,879.456,0,3,31.5568
5676,3,843.095,3,864.331,2,3,31.5505
5677,3,843.095,3,864.448,0,0,31.5442
5678,3,843.095,3,864.448,4,0,31.5379
5679,3,843.095,3,871.575,3,3,31.5316
5680,3,843.095,3,871.575,1,2,31.5253
5681,3,843.095,3,871.575,3,3,31.519
5682,3,843.095,3,871.575,0,0,31.5127
5683,3,843.095,3,876.45,3,0,31.5064
5684,3,843.095,3,876.45,1,0,31.5001
5685,3,843.095,3,876.45,0,0,31.4938
5686,3,843.095,3,876.45,1,1,31.4875
5687,3,843.095,3,876.45,2,2,31.4812
5688,3,843.095,3,869.323,3,0,31.4749
5689,3,843.095,3,868.099,4,2,31.4686
5690,3,843.095,3,868.099,1,2,31.4623
5691,3,843.095,3,861.876,2,2,31.456
5692,3,843.095,3,861.876,3,1,31.4497
5693,3,843.095,3,861.876,4,2,31.4434
5694,3,843.095,3,861.876,2,2,31.4371
5695,3,843.095,3,861.876,2,1,31.4308
5696,3,843.095,3,861.876,2,2,31.4246
5697,3,843.095,3,873.492,2,0,31.4183
5698,3,843.095,3,873.492,0,3,31.412
5699,3,843.095,3,863.81,2,3,31.4057
5700,3,843.095,3,863.81,3,2,31.3994
5701,3,843.095,3,863.81,3,1,31.3932
5702,3,843.095,3,863.81,1,3,31.3869
5703,3,843.095,3,863.81,4,1,31.3806
5704,3,843.095,3,863.81,2,0,31.3743
5705,3,843.095,3,863.81,1,2,31.368
5706,3,843.095,3,863.276,3,3,31.3618
5707,3,843.095,3,863.276,4,1,31.3555
5708,3,843.095,3,863.276,2,0,31.3492
5709,3,843.095,3,863.276,4,0,31.343
5710,3,843.095,3,863.276,0,3,31.3367
5711,3,843.095,3,863.276,1,2,31.3304
5712,3,843.095,3,863.276,4,1,31.3242
5713,3,843.095,3,863.276,0,2,31.3179
5714,3,843.095,3,863.276,0,0,31.3116
5715,3,843.095,3,863.276,3,1,31.3054
5716,3,843.095,3,863.276,4,2,31.2991
5717,3,843.095,3,863.445,3,2,31.2928
5718,3,843.095,3,863.445,1,0,31.2866
5719,3,843.095,3,863.445,4,0,31.2803
5720,3,843.095,3,863.276,2,2,31.2741
5721,3,843.095,3,863.742,2,0,31.2678
5722,3,843.095,3,863.742,3,3,31.2616
5723,3,843.095,3,863.742,1,1,31.2553
5724,3,843.095,3,863.76,2,0,31.2491
5725,3,843.095,3,863.76,1,1,31.2428
5726,3,843.095,3,863.76,1,3,31.2366
5727,3,843.095,3,863.76,4,0,31.2303
5728,3,843.095,3,863.76,1,2,31.2241
5729,3,843.095,3,863.327,4,1,31.2178
5730,3,843.095,3,863.327,1,1,31.2116
5731,3,843.095,3,869.139,3,3,31.2053
5732,3,843.095,3,869.139,0,3,31.1991
5733,3,843.095,3,866.555,3,1,31.1929
5734,3,843.095,3,866.555,1,2,31.1866
5735,3,843.095,3,866.555,3,2,31.1804
5736,3,843.095,3,866.781,4,3,31.1741
5737,3,843.095,3,872.066,4,3,31.1679
5738,3,843.095,3,866.255,2,0,31.1617
5739,3,843.095,3,866.255,1,0,31.1554
5740,3,843.095,3,866.255,0,3,31.1492
5741,3,843.095,3,868.724,2,2,31.143
5742,3,843.095,3,868.724,1,0,31.1368
5743,3,843.095,3,868.724,1,2,31.1305
5744,3,843.095,3,868.724,4,2,31.1243
5745,3,843.095,3,868.147,4,1,31.1181
5746,3,843.095,3,868.147,3,3,31.1119
5747,3,843.095,3,868.147,3,2,31.1056
5748,3,843.095,3,868.58,0,2,31.0994
5749,3,843.095,3,868.58,1,1,31.0932
5750,3,843.095,3,868.58,1,1,31.087
5751,3,843.095,3,868.58,4,1,31.0808
5752,3,843.095,3,868.58,4,2,31.0745
5753,3,843.095,3,868.58,0,0,31.0683
5754,3,843.095,3,867.446,3,2,31.0621
5755,3,843.095,3,867.446,0,2,31.0559
5756,3,843.095,3,867.446,4,2,31.0497
5757,3,843.095,3,867.013,4,0,31.0435
5758,3,843.095,3,867.013,0,0,31.0373
5759,3,843.095,3,867.013,1,1,31.0311
5760,3,843.095,3,867.013,3,2,31.0249
5761,3,843.095,3,867.013,3,0,31.0186
5762,3,843.095,3,867.013,4,3,31.0124
5763,3,843.095,3,867.013,1,0,31.0062
5764,3,843.095,3,863.29,3,1,31
5765,3,843.095,3,855.421,2,1,30.9938
5766,3,843.095,3,855.421,4,1,30.9876
5767,3,843.095,3,855.421,1,3,30.9814
5768,3,843.095,3,855.421,0,1,30.9752
5769,3,843.095,3,855.421,3,0,30.9691
5770,3,843.095,3,855.421,3,2,30.9629
5771,3,843.095,3,855.421,4,1,30.9567
5772,3,843.095,3,855.421,1,0,30.9505
5773,3,843.095,3,855.421,3,1,30.9443
5774,3,843.095,3,855.421,2,1,30.9381
5775,3,843.095,3,855.421,1,0,30.9319
5776,3,843.095,3,862.202,3,3,30.9257
5777,3,843.095,3,862.202,4,1,30.9195
5778,3,843.095,3,862.202,4,0,30.9134
5779,3,843.095,3,862.202,0,2,30.9072
5780,3,843.095,3,862.202,4,2,30.901
5781,3,843.095,3,862.202,2,0,30.8948
5782,3,843.095,3,862.202,1,3,30.8886
5783,3,843.095,3,862.202,1,0,30.8825
5784,3,843.095,3,862.312,0,3,30.8763
5785,3,843.095,3,862.312,0,2,30.8701
5786,3,843.095,3,862.312,0,3,30.8639
5787,3,843.095,3,862.312,1,3,30.8578
5788,3,843.095,3,862.312,1,0,30.8516
5789,3,843.095,3,862.312,4,2,30.8454
5790,3,843.095,3,862.312,0,1,30.8392
5791,3,843.095,3,857.436,2,1,30.8331
5792,3,843.095,3,865.658,0,2,30.8269
5793,3,843.095,3,865.658,1,2,30.8207
5794,3,843.095,3,861.159,4,1,30.8146
5795,3,843.095,3,861.159,2,2,30.8084
5796,3,843.095,3,860.693,3,0,30.8023
5797,3,843.095,3,860.693,1,2,30.7961
5798,3,843.095,3,860.693,1,1,30.7899
5799,3,843.095,3,859.254,2,2,30.7838
5800,3,843.095,3,863.494,4,3,30.7776
5801,3,843.095,3,863.494,4,1,30.7715
5802,3,843.095,3,863.494,1,3,30.7653
5803,3,843.095,3,863.494,3,0,30.7592
5804,3,843.095,3,881.824,0,2,30.753
5805,3,843.095,3,863.494,2,2,30.7469
5806,3,843.095,3,863.494,4,0,30.7407
5807,3,843.095,3,863.494,1,0,30.7346
5808,3,843.095,3,863.494,1,1,30.7284
5809,3,843.095,3,865.907,0,3,30.7223
5810,3,843.095,3,865.907,1,1,30.7161
5811,3,843.095,3,905.942,3,2,30.71
5812,3,843.095,3,905.942,1,3,30.7038
5813,3,843.095,3,905.942,1,2,30.6977
5814,3,843.095,3,905.942,1,0,30.6916
5815,3,843.095,3,896.263,0,1,30.6854
5816,3,843.095,3,900.046,4,3,30.6793
5817,3,843.095,3,900.046,0,2,30.6731
5818,3,843.095,3,897.633,4,1,30.667
5819,3,843.095,3,897.633,2,1,30.6609
5820,3,843.095,3,887.491,3,1,30.6547
5821,3,843.095,3,877.303,2,0,30.6486
5822,3,843.095,3,879.817,3,1,30.6425
5823,3,843.095,3,879.338,4,0,30.6364
5824,3,843.095,3,878.872,3,1,30.6302
5825,3,843.095,3,878.872,4,1,30.6241
5826,3,843.095,3,878.872,1,2,30.618
5827,3,843.095,3,874.96,0,1,30.6119
5828,3,843.095,3,879.054,2,3,30.6057
5829,3,843.095,3,878.439,0,1,30.5996
5830,3,843.095,3,878.227,3,2,30.5935
5831,3,843.095,3,878.144,0,2,30.5874
5832,3,843.095,3,866.509,3,3,30.5813
5833,3,843.095,3,859.382,2,3,30.5751
5834,3,843.095,3,859.382,0,0,30.569
5835,3,843.095,3,859.587,2,3,30.5629
5836,3,843.095,3,859.756,4,3,30.5568
5837,3,843.095,3,852.891,2,0,30.5507
5838,3,843.095,3,852.891,2,3,30.5446
5839,3,843.095,3,852.891,1,0,30.5385
5840,3,843.095,3,854.29,3,2,30.5324
5841,3,843.095,3,854.29,1,3,30.5262
5842,3,843.095,3,854.587,2,0,30.5201
5843,3,843.095,3,854.587,1,3,30.514
5844,3,843.095,3,868.237,0,3,30.5079
5845,3,843.095,3,868.237,0,0,30.5018
5846,3,843.095,3,868.237,1,0,30.4957
5847,3,843.095,3,868.237,1,2,30.4896
5848,3,843.095,3,863.942,0,3,30.4835
5849,3,843.095,3,863.942,3,3,30.4774
5850,3,843.095,3,863.942,3,0,30.4713
5851,3,843.095,3,863.942,1,0,30.4653
5852,3,843.095,3,863.942,3,1,30.4592
5853,3,843.095,3,903.152,0,2,30.4531
5854,3,843.095,3,894.83,3,1,30.447
5855,3,843.095,3,879.769,4,3,30.4409
5856,3,843.095,3,879.769,1,1,30.4348
5857,3,843.095,3,855.884,2,0,30.4287
5858,3,843.095,3,855.884,1,0,30.4226
5859,3,843.095,3,879.269,2,0,30.4165
5860,3,843.095,3,865.346,4,2,30.4105
5861,3,843.095,3,865.346,0,0,30.4044
5862,3,843.095,3,865.346,1,0,30.3983
5863,3,843.095,3,865.346,1,3,30.3922
5864,3,843.095,3,865.346,0,3,30.3861
5865,3,843.095,3,865.346,4,2,30.3801
5866,3,843.095,3,876.433,2,0,30.374
5867,3,843.095,3,876.433,2,2,30.3679
5868,3,843.095,3,876.433,2,0,30.3618
5869,3,843.095,3,876.866,3,0,30.3558
5870,3,843.095,3,876.238,2,2,30.3497
5871,3,843.095,3,876.238,0,0,30.3436
5872,3,843.095,3,876.238,0,0,30.3376
5873,3,843.095,3,872.318,4,1,30.3315
5874,3,843.095,3,872.318,4,0,30.3254
5875,3,843.095,3,863.232,3,2,30.3194
5876,3,843.095,3,863.232,2,1,30.3133
5877,3,843.095,3,863.232,1,2,30.3072
5878,3,843.095,3,863.232,1,3,30.3012
5879,3,843.095,3,862.876,2,1,30.2951
5880,3,843.095,3,862.876,3,0,30.289
5881,3,843.095,3,862.12,4,0,30.283
5882,3,843.095,3,862.12,1,3,30.2769
5883,3,843.095,3,856.359,0,2,30.2709
5884,3,843.095,3,856.595,4,0,30.2648
5885,3,843.095,3,855.003,4,1,30.2588
5886,3,843.095,3,855.003,1,0,30.2527
5887,3,843.095,3,855.003,3,3,30.2467
5888,3,843.095,3,855.003,2,1,30.2406
5889,3,843.095,3,855.003,1,3,30.2346
5890,3,843.095,3,855.003,4,1,30.2285
5891,3,843.095,3,855.003,3,1,30.2225
5892,3,843.095,3,855.172,0,2,30.2164
5893,3,843.095,3,855.172,1,3,30.2104
5894,3,843.095,3,855.371,4,2,30.2043
5895,3,843.095,3,855.371,2,1,30.1983
5896,3,843.095,3,855.687,4,0,30.1923
5897,3,843.095,3,855.687,4,2,30.1862
5898,3,843.095,3,868.727,2,3,30.1802
5899,3,843.095,3,868.727,4,1,30.1742
5900,3,843.095,3,859.202,2,1,30.1681
5901,3,843.095,3,859.202,1,1,30.1621
5902,3,843.095,3,859.202,4,2,30.1561
5903,3,843.095,3,859.668,2,0,30.15
5904,3,843.095,3,877.83,2,2,30.144
5905,3,843.095,3,875.196,4,2,30.138
5906,3,843.095,3,875.196,1,0,30.1319
5907,3,843.095,3,873.311,0,3,30.1259
5908,3,843.095,3,873.311,1,1,30.1199
5909,3,843.095,3,874.185,0,3,30.1139
5910,3,843.095,3,874.185,0,0,30.1078
5911,3,843.095,3,874.185,1,3,30.1018
5912,3,843.095,3,874.185,3,1,30.0958
5913,3,843.095,3,874.185,1,1,30.0898
5914,3,843.095,3,874.185,1,1,30.0838
5915,3,843.095,3,873.65,0,2,30.0777
5916,3,843.095,3,872.001,3,1,30.0717
5917,3,843.095,3,872.001,1,3,30.0657
5918,3,843.095,3,872.001,1,0,30.0597
5919,3,843.095,3,872.001,3,3,30.0537
5920,3,843.095,3,872.001,4,2,30.0477
5921,3,843.095,3,872.001,0,1,30.0417
5922,3,843.095,3,873.593,0,0,30.0357
5923,3,843.095,3,865.932,4,2,30.0297
5924,3,843.095,3,865.932,4,1,30.0236
5925,3,843.095,3,865.932,3,1,30.0176
5926,3,843.095,3,862.341,4,2,30.0116
5927,3,843.095,3,862.341,0,2,30.0056
5928,3,843.095,3,862.341,2,1,29.9996
5929,3,843.095,3,862.341,3,1,29.9936
5930,3,843.095,3,866.175,2,3,29.9876
5931,3,843.095,3,866.175,1,3,29.9816
5932,3,843.095,3,870.161,0,0,29.9756
5933,3,843.095,3,868.935,3,1,29.9696
5934,3,843.095,3,868.935,0,1,29.9637
5935,3,843.095,3,867.726,2,1,29.9577
5936,3,843.095,3,867.726,0,1,29.9517
5937,3,843.095,3,876.171,2,2,29.9457
5938,3,843.095,3,876.171,1,1,29.9397
5939,3,843.095,3,876.171,1,3,29.9337
5940,3,843.095,3,861.397,2,0,29.9277
5941,3,843.095,3,861.397,0,2,29.9217
5942,3,843.095,3,861.397,1,2,29.9157
5943,3,843.095,3,861.27,0,2,29.9098
5944,3,843.095,3,861.27,1,0,29.9038
5945,3,843.095,3,865.71,3,0,29.8978
5946,3,843.095,3,869.031,2,2,29.8918
5947,3,843.095,3,869.031,1,3,29.8858
5948,3,843.095,3,868.565,2,1,29.8799
5949,3,843.095,3,867.166,4,1,29.8739
5950,3,843.095,3,867.166,1,1,29.8679
5951,3,843.095,3,867.166,4,0,29.8619
5952,3,843.095,3,867.166,0,2,29.856
5953,3,843.095,3,867.249,3,3,29.85
5954,3,843.095,3,867.249,4,1,29.844
5955,3,843.095,3,867.249,0,3,29.8381
5956,3,843.095,3,867.166,2,2,29.8321
5957,3,843.095,3,867.166,1,0,29.8261
5958,3,843.095,3,867.166,4,2,29.8202
5959,3,843.095,3,863.861,2,1,29.8142
5960,3,843.095,3,863.861,1,0,29.8082
5961,3,843.095,3,870.113,2,3,29.8023
5962,3,843.095,3,867.345,3,2,29.7963
5963,3,843.095,3,867.345,3,1,29.7903
5964,3,843.095,3,861.893,2,1,29.7844
5965,3,843.095,3,863.861,0,2,29.7784
5966,3,843.095,3,863.861,4,3,29.7725
5967,3,843.095,3,863.861,1,2,29.7665
5968,3,843.095,3,863.196,2,0,29.7606
5969,3,843.095,3,863.196,4,0,29.7546
5970,3,843.095,3,863.196,1,3,29.7487
5971,3,843.095,3,863.105,2,2,29.7427
5972,3,843.095,3,862.868,2,0,29.7368
5973,3,843.095,3,861.542,2,3,29.7308
5974,3,843.095,3,863.628,2,2,29.7249
5975,3,843.095,3,863.628,1,2,29.7189
5976,3,843.095,3,859.513,4,2,29.713
5977,3,843.095,3,859.513,1,3,29.707
5978,3,843.095,3,859.513,3,1,29.7011
5979,3,843.095,3,859.83,3,2,29.6952
5980,3,843.095,3,859.83,1,1,29.6892
5981,3,843.095,3,859.83,1,2,29.6833
5982,3,843.095,3,859.83,4,1,29.6774
5983,3,843.095,3,859.83,2,0,29.6714
5984,3,843.095,3,859.83,4,2,29.6655
5985,3,843.095,3,858.431,4,3,29.6595
5986,3,843.095,3,856.377,3,2,29.6536
5987,3,843.095,3,853.825,2,2,29.6477
5988,3,843.095,3,855.224,2,2,29.6418
5989,3,843.095,3,853.825,3,2,29.6358
5990,3,843.095,3,853.825,0,1,29.6299
5991,3,843.095,3,853.508,4,0,29.624
5992,3,843.095,3,853.508,1,0,29.618
5993,3,843.095,3,853.508,4,2,29.6121
5994,3,843.095,3,853.508,0,3,29.6062
5995,3,843.095,3,853.508,1,1,29.6003
5996,3,843.095,3,853.508,1,1,29.5944
5997,3,843.095,3,853.508,0,3,29.5884
5998,3,843.095,3,852.611,4,3,29.5825
5999,3,843.095,3,852.611,0,0,29.5766
6000,3,843.095,3,854.011,2,1,29.5707
6001,3,843.095,3,854.477,2,3,29.5648
6002,3,843.095,3,856.563,4,0,29.5589
6003,3,843.095,3,854.931,4,1,29.553
6004,3,843.095,3,855.036,2,1,29.547
6005,3,843.095,3,855.205,3,3,29.5411
6006,3,843.095,3,855.1,3,1,29.5352
6007,3,843.095,3,855.1,2,0,29.5293
6008,3,843.095,3,855.1,3,0,29.5234
6009,3,843.095,3,857.488,4,3,29.5175
6010,3,843.095,3,857.488,1,3,29.5116
6011,3,843.095,3,857.488,1,3,29.5057
6012,3,843.095,3,857.805,0,0,29.4998
6013,3,843.095,3,856.236,3,1,29.4939
6014,3,843.095,3,861.832,2,2,29.488
6015,3,843.095,3,861.727,2,2,29.4821
6016,3,843.095,3,861.41,4,2,29.4762
6017,3,843.095,3,863.962,3,0,29.4703
6018,3,843.095,3,859.971,0,2,29.4644
6019,3,843.095,3,859.971,3,0,29.4585
6020,3,843.095,3,857.778,0,0,29.4526
6021,3,843.095,3,857.778,1,0,29.4467
6022,3,843.095,3,857.778,1,3,29.4409
6023,3,843.095,3,857.778,2,2,29.435
6024,3,843.095,3,857.778,2,1,29.4291
6025,3,843.095,3,857.778,1,1,29.4232
6026,3,843.095,3,855.375,2,0,29.4173
6027,3,843.095,3,855.375,1,1,29.4114
6028,3,843.095,3,855.375,0,2,29.4055
6029,3,843.095,3,851.487,2,3,29.3997
6030,3,843.095,3,851.433,2,3,29.3938
6031,3,843.095,3,868.845,2,0,29.3879
6032,3,843.095,3,868.845,1,2,29.382
6033,3,843.095,3,868.845,3,0,29.3761
6034,3,843.095,3,868.845,4,2,29.3703
6035,3,843.095,3,868.845,1,1,29.3644
6036,3,843.095,3,868.845,4,1,29.3585
6037,3,843.095,3,868.845,1,0,29.3527
6038,3,843.095,3,868.845,1,1,29.3468
6039,3,843.095,3,868.845,1,3,29.3409
6040,3,843.095,3,871.224,4,2,29.335
6041,3,843.095,3,871.224,4,1,29.3292
6042,3,843.095,3,871.224,2,0,29.3233
6043,3,843.095,3,871.224,0,2,29.3175
6044,3,843.095,3,871.224,2,2,29.3116
6045,3,843.095,3,871.025,0,3,29.3057
6046,3,843.095,3,871.025,0,0,29.2999
6047,3,843.095,3,871.342,2,0,29.294
6048,3,843.095,3,870.108,3,2,29.2881
6049,3,843.095,3,870.108,2,0,29.2823
6050,3,843.095,3,865.956,0,1,29.2764
6051,3,843.095,3,859.231,0,1,29.2706
6052,3,843.095,3,859.231,2,2,29.2647
6053,3,843.095,3,859.231,1,2,29.2589
6054,3,843.095,3,859.231,2,1,29.253
6055,3,843.095,3,859.401,0,2,29.2472
6056,3,843.095,3,859.492,2,3,29.2413
6057,3,843.095,3,859.492,3,2,29.2355
6058,3,843.095,3,859.492,1,3,29.2296
6059,3,843.095,3,859.492,1,2,29.2238
6060,3,843.095,3,854.461,4,2,29.2179
6061,3,843.095,3,854.461,4,2,29.2121
6062,3,843.095,3,854.461,4,3,29.2062
6063,3,843.095,3,866.517,3,3,29.2004
6064,3,843.095,3,872.972,4,2,29.1946
6065,3,843.095,3,876.299,3,2,29.1887
6066,3,843.095,3,904.277,0,0,29.1829
6067,3,843.095,3,872.972,3,1,29.177
6068,3,843.095,3,872.972,1,3,29.1712
6069,3,843.095,3,873.314,4,3,29.1654
6070,3,843.095,3,873.314,1,3,29.1595
6071,3,843.095,3,875.522,3,0,29.1537
6072,3,843.095,3,876.365,2,0,29.1479
6073,3,843.095,3,866.055,0,0,29.1421
6074,3,843.095,3,864.895,2,1,29.1362
6075,3,843.095,3,863.183,3,1,29.1304
6076,3,843.095,3,861.919,0,3,29.1246
6077,3,843.095,3,861.75,4,1,29.1187
6078,3,843.095,3,861.75,1,3,29.1129
6079,3,843.095,3,861.433,0,1,29.1071
6080,3,843.095,3,861.433,1,1,29.1013
6081,3,843.095,3,861.433,2,2,29.0955
6082,3,843.095,3,861.433,1,0,29.0896
6083,3,843.095,3,861.433,0,0,29.0838
6084,3,843.095,3,861.433,1,1,29.078
6085,3,843.095,3,861.433,2,3,29.0722
6086,3,843.095,3,861.433,3,2,29.0664
6087,3,843.095,3,861.433,1,0,29.0606
6088,3,843.095,3,861.433,0,3,29.0548
6089,3,843.095,3,861.433,4,2,29.0489
6090,3,843.095,3,861.433,0,0,29.0431
6091,3,843.095,3,857.717,3,2,29.0373
6092,3,843.095,3,857.717,0,3,29.0315
6093,3,843.095,3,857.717,3,1,29.0257
6094,3,843.095,3,857.717,0,2,29.0199
6095,3,843.095,3,866.971,3,0,29.0141
6096,3,843.095,3,866.971,1,3,29.0083
6097,3,843.095,3,866.971,0,1,29.0025
6098,3,843.095,3,871.211,2,3,28.9967
6099,3,843.095,3,871.211,4,2,28.9909
6100,3,843.095,3,871.211,3,3,28.9851
6101,3,843.095,3,866.971,0,2,28.9793
6102,3,843.095,3,863.43,2,2,28.9735
6103,3,843.095,3,863.43,0,3,28.9677
6104,3,843.095,3,863.43,0,2,28.9619
6105,3,843.095,3,863.43,1,2,28.9561
6106,3,843.095,3,863.43,1,1,28.9503
6107,3,843.095,3,863.43,2,3,28.9445
6108,3,843.095,3,863.43,1,3,28.9388
6109,3,843.095,3,863.43,2,2,28.933
6110,3,843.095,3,863.43,2,1,28.9272
6111,3,843.095,3,862.834,4,1,28.9214
6112,3,843.095,3,858.066,3,3,28.9156
6113,3,843.095,3,858.066,2,1,28.9098
6114,3,843.095,3,857.84,2,1,28.904
6115,3,843.095,3,857.84,4,3,28.8983
6116,3,843.095,3,857.84,1,3,28.8925
6117,3,843.095,3,857.84,1,0,28.8867
6118,3,843.095,3,857.84,1,3,28.8809
6119,3,843.095,3,857.883,2,3,28.8752
6120,3,843.095,3,865.329,2,3,28.8694
6121,3,843.095,3,865.329,1,2,28.8636
6122,3,843.095,3,868.522,4,2,28.8578
6123,3,843.095,3,868.522,1,0,28.8521
6124,3,843.095,3,868.522,4,1,28.8463
6125,3,843.095,3,866.847,2,0,28.8405
6126,3,843.095,3,866.847,3,1,28.8347
6127,3,843.095,3,881.631,4,0,28.829
6128,3,843.095,3,880.231,2,1,28.8232
6129,3,843.095,3,880.341,4,0,28.8175
6130,3,843.095,3,880.92,3,3,28.8117
6131,3,843.095,3,880.563,3,0,28.8059
6132,3,843.095,3,880.563,2,0,28.8002
6133,3,843.095,3,879.135,2,1,28.7944
6134,3,843.095,3,879.135,1,3,28.7886
6135,3,843.095,3,879.135,2,1,28.7829
6136,3,843.095,3,879.135,2,0,28.7771
6137,3,843.095,3,879.135,1,0,28.7714
6138,3,843.095,3,879.135,4,1,28.7656
6139,3,843.095,3,879.135,2,1,28.7599
6140,3,843.095,3,878.126,0,3,28.7541
6141,3,843.095,3,876.409,2,0,28.7484
6142,3,843.095,3,876.409,1,3,28.7426
6143,3,843.095,3,876.409,3,3,28.7369
6144,3,843.095,3,876.409,2,3,28.7311
6145,3,843.095,3,876.409,0,2,28.7254
6146,3,843.095,3,876.5,4,3,28.7196
6147,3,843.095,3,876.519,4,3,28.7139
6148,3,843.095,3,876.519,1,1,28.7081
6149,3,843.095,3,876.409,4,1,28.7024
6150,3,843.095,3,877.728,0,3,28.6967
6151,3,843.095,3,877.728,4,0,28.6909
6152,3,843.095,3,877.728,1,2,28.6852
6153,3,843.095,3,877.728,0,0,28.6794
6154,3,843.095,3,877.728,3,1,28.6737
6155,3,843.095,3,877.728,4,0,28.668
6156,3,843.095,3,873.796,0,0,28.6622
6157,3,843.095,3,873.054,2,0,28.6565
6158,3,843.095,3,873.054,1,3,28.6508
6159,3,843.095,3,858.203,0,1,28.645
6160,3,843.095,3,857.902,0,1,28.6393
6161,3,843.095,3,857.306,0,2,28.6336
6162,3,843.095,3,857.306,0,2,28.6279
6163,3,843.095,3,857.306,4,3,28.6221
6164,3,843.095,3,858.731,4,3,28.6164
6165,3,843.095,3,857.417,4,0,28.6107
6166,3,843.095,3,865.372,2,3,28.605
6167,3,843.095,3,864.121,2,0,28.5992
6168,3,843.095,3,863.654,2,1,28.5935
6169,3,843.095,3,863.654,4,1,28.5878
6170,3,843.095,3,862.255,4,1,28.5821
6171,3,843.095,3,862.255,2,0,28.5764
6172,3,843.095,3,862.255,1,2,28.5707
6173,3,843.095,3,862.255,2,0,28.5649
6174,3,843.095,3,870.003,2,0,28.5592
6175,3,843.095,3,870.003,0,3,28.5535
6176,3,843.095,3,870.003,0,1,28.5478
6177,3,843.095,3,871.212,2,2,28.5421
6178,3,843.095,3,863.446,4,2,28.5364
6179,3,843.095,3,863.446,1,2,28.5307
6180,3,843.095,3,863.446,0,1,28.525
6181,3,843.095,3,863.446,1,0,28.5193
6182,3,843.095,3,863.762,4,3,28.5136
6183,3,843.095,3,870.783,3,3,28.5079
6184,3,843.095,3,870.783,3,0,28.5022
6185,3,843.095,3,870.466,4,0,28.4965
6186,3,843.095,3,877.683,3,1,28.4908
6187,3,843.095,3,877.683,4,0,28.4851
6188,3,843.095,3,870.783,2,0,28.4794
6189,3,843.095,3,870.783,2,2,28.4737
6190,3,843.095,3,870.783,2,0,28.468
6191,3,843.095,3,870.783,0,0,28.4623
6192,3,843.095,3,870.783,2,0,28.4566
6193,3,843.095,3,870.325,2,1,28.4509
6194,3,843.095,3,870.325,1,1,28.4452
6195,3,843.095,3,870.215,4,1,28.4395
6196,3,843.095,3,870.215,4,2,28.4338
6197,3,843.095,3,870.215,1,2,28.4281
6198,3,843.095,3,870.215,3,3,28.4225
6199,3,843.095,3,870.215,3,0,28.4168
6200,3,843.095,3,870.215,3,2,28.4111
6201,3,843.095,3,870.033,2,1,28.4054
6202,3,843.095,3,870.033,0,3,28.3997
6203,3,843.095,3,870.033,4,2,28.3941
6204,3,843.095,3,871.242,0,3,28.3884
6205,3,843.095,3,871.242,1,0,28.3827
6206,3,843.095,3,866.207,4,1,28.377
6207,3,843.095,3,866.207,3,2,28.3713
6208,3,843.095,3,867.419,4,3,28.3657
6209,3,843.095,3,866.95,4,1,28.36
6210,3,843.095,3,865.741,0,3,28.3543
6211,3,843.095,3,867.21,2,3,28.3487
6212,3,843.095,3,866.001,3,2,28.343
6213,3,843.095,3,865.185,4,3,28.3373
6214,3,843.095,3,869.176,0,0,28.3316
6215,3,843.095,3,869.176,3,1,28.326
6216,3,843.095,3,869.176,0,1,28.3203
6217,3,843.095,3,869.564,0,3,28.3147
6218,3,843.095,3,868.024,0,2,28.309
6219,3,843.095,3,868.024,1,1,28.3033
6220,3,843.095,3,950.246,4,0,28.2977
6221,3,843.095,3,873.619,2,1,28.292
6222,3,843.095,3,873.619,0,0,28.2863
6223,3,843.095,3,873.619,1,1,28.2807
6224,3,843.095,3,873.619,1,1,28.275
6225,3,843.095,3,873.619,1,1,28.2694
6226,3,843.095,3,873.619,2,0,28.2637
6227,3,843.095,3,865.242,2,3,28.2581
6228,3,843.095,3,865.242,0,1,28.2524
6229,3,843.095,3,865.242,3,0,28.2468
6230,3,843.095,3,865.174,2,0,28.2411
6231,3,843.095,3,865.174,3,0,28.2355
6232,3,843.095,3,865.174,0,1,28.2298
6233,3,843.095,3,865.174,0,1,28.2242
6234,3,843.095,3,864.277,4,1,28.2185
6235,3,843.095,3,869.943,4,0,28.2129
6236,3,843.095,3,869.943,4,0,28.2073
6237,3,843.095,3,869.761,0,0,28.2016
6238,3,843.095,3,870.27,2,3,28.196
6239,3,843.095,3,865.947,0,3,28.1903
6240,3,843.095,3,863.61,3,1,28.1847
6241,3,843.095,3,863.61,1,3,28.1791
6242,3,843.095,3,861.893,2,0,28.1734
6243,3,843.095,3,864.125,3,2,28.1678
6244,3,843.095,3,859.67,3,1,28.1622
6245,3,843.095,3,859.184,0,0,28.1565
6246,3,843.095,3,866.937,3,3,28.1509
6247,3,843.095,3,866.937,0,2,28.1453
6248,3,843.095,3,866.937,0,1,28.1396
6249,3,843.095,3,874.264,3,0,28.134
6250,3,843.095,3,874.264,0,1,28.1284
6251,3,843.095,3,874.264,1,3,28.1227
6252,3,843.095,3,875.994,2,3,28.1171
6253,3,843.095,3,881.877,2,3,28.1115
6254,3,843.095,3,881.877,1,0,28.1059
6255,3,843.095,3,878.819,3,2,28.1003
6256,3,843.095,3,878.819,2,1,28.0946
6257,3,843.095,3,878.819,1,2,28.089
6258,3,843.095,3,878.819,4,0,28.0834
6259,3,843.095,3,878.819,3,1,28.0778
6260,3,843.095,3,870.538,0,1,28.0722
6261,3,843.095,3,870.707,0,3,28.0666
6262,3,843.095,3,870.707,2,1,28.0609
6263,3,843.095,3,869.698,3,1,28.0553
6264,3,843.095,3,869.698,3,3,28.0497
6265,3,843.095,3,868.745,2,3,28.0441
6266,3,843.095,3,867.481,3,0,28.0385
6267,3,843.095,3,860.793,0,0,28.0329
6268,3,843.095,3,860.683,0,0,28.0273
6269,3,843.095,3,867.37,2,3,28.0217
6270,3,843.095,3,864.254,0,0,28.0161
6271,3,843.095,3,864.254,4,0,28.0105
6272,3,843.095,3,863.72,2,2,28.0049
6273,3,843.095,3,862.036,0,2,27.9993
6274,3,843.095,3,862.036,0,0,27.9937
6275,3,843.095,3,862.036,2,2,27.9881
6276,3,843.095,3,862.036,4,1,27.9825
6277,3,843.095,3,880.2,2,1,27.9769
6278,3,843.095,3,864.112,2,3,27.9713
6279,3,843.095,3,863.675,0,0,27.9657
6280,3,843.095,3,863.675,1,1,27.9601
6281,3,843.095,3,854.822,0,2,27.9545
6282,3,843.095,3,854.822,4,3,27.9489
6283,3,843.095,3,856.221,3,1,27.9433
6284,3,843.095,3,859.009,0,3,27.9377
6285,3,843.095,3,858.899,3,0,27.9321
6286,3,843.095,3,859.009,3,2,27.9266
6287,3,843.095,3,859.009,4,2,27.921
6288,3,843.095,3,859.009,1,1,27.9154
6289,3,843.095,3,856.596,4,2,27.9098
6290,3,843.095,3,862.945,2,0,27.9042
6291,3,843.095,3,862.326,4,1,27.8986
6292,3,843.095,3,861.583,0,3,27.8931
6293,3,843.095,3,862.092,4,2,27.8875
6294,3,843.095,3,862.092,0,3,27.8819
6295,3,843.095,3,862.092,1,3,27.8763
6296,3,843.095,3,866.42,3,0,27.8708
6297,3,843.095,3,866.42,0,3,27.8652
6298,3,843.095,3,866.42,3,2,27.8596
6299,3,843.095,3,866.42,2,1,27.854
6300,3,843.095,3,866.42,3,0,27.8485
6301,3,843.095,3,866.42,1,1,27.8429
6302,3,843.095,3,866.119,3,0,27.8373
6303,3,843.095,3,864.931,2,1,27.8318
6304,3,843.095,3,864.931,1,2,27.8262
6305,3,843.095,3,864.931,0,1,27.8206
6306,3,843.095,3,864.931,4,2,27.8151
6307,3,843.095,3,869.371,4,3,27.8095
6308,3,843.095,3,879.245,4,3,27.8039
6309,3,843.095,3,879.245,0,0,27.7984
6310,3,843.095,3,876.83,0,2,27.7928
6311,3,843.095,3,876.777,0,1,27.7873
6312,3,843.095,3,876.777,0,3,27.7817
6313,3,843.095,3,873.026,2,3,27.7761
6314,3,843.095,3,873.026,0,2,27.7706
6315,3,843.095,3,872.458,4,3,27.765
6316,3,843.095,3,872.458,1,0,27.7595
6317,3,843.095,3,874.222,4,2,27.7539
6318,3,843.095,3,874.222,4,2,27.7484
6319,3,843.095,3,897.908,0,0,27.7428
6320,3,843.095,3,879.509,3,2,27.7373
6321,3,843.095,3,871.362,3,1,27.7317
6322,3,843.095,3,871.362,3,3,27.7262
6323,3,843.095,3,871.362,2,0,27.7206
6324,3,843.095,3,871.362,2,2,27.7151
6325,3,843.095,3,879.157,3,0,27.7096
6326,3,843.095,3,879.895,4,0,27.704
6327,3,843.095,3,879.895,3,3,27.6985
6328,3,843.095,3,879.895,3,0,27.6929
6329,3,843.095,3,879.895,0,3,27.6874
6330,3,843.095,3,879.895,1,0,27.6819
6331,3,843.095,3,879.895,1,2,27.6763
6332,3,843.095,3,879.895,4,1,27.6708
6333,3,843.095,3,879.895,1,1,27.6652
6334,3,843.095,3,879.489,2,0,27.6597
6335,3,843.095,3,872.841,2,3,27.6542
6336,3,843.095,3,872.841,0,3,27.6487
6337,3,843.095,3,865.967,0,0,27.6431
6338,3,843.095,3,861.702,0,1,27.6376
6339,3,843.095,3,861.702,3,0,27.6321
6340,3,843.095,3,866.811,2,0,27.6265
6341,3,843.095,3,864.615,2,3,27.621
6342,3,843.095,3,864.615,1,0,27.6155
6343,3,843.095,3,864.615,1,0,27.61
6344,3,843.095,3,864.615,3,2,27.6044
6345,3,843.095,3,864.615,4,1,27.5989
6346,3,843.095,3,862.588,2,3,27.5934
6347,3,843.095,3,862.63,0,3,27.5879
6348,3,843.095,3,865.714,0,0,27.5824
6349,3,843.095,3,865.714,1,1,27.5769
6350,3,843.095,3,865.714,4,0,27.5713
6351,3,843.095,3,865.714,4,0,27.5658
6352,3,843.095,3,865.604,3,1,27.5603
6353,3,843.095,3,865.604,3,3,27.5548
6354,3,843.095,3,865.604,0,2,27.5493
6355,3,843.095,3,869.435,4,0,27.5438
6356,3,843.095,3,869.435,1,3,27.5383
6357,3,843.095,3,869.435,2,0,27.5328
6358,3,843.095,3,869.057,4,3,27.5273
6359,3,843.095,3,863.814,2,2,27.5217
6360,3,843.095,3,859.814,3,3,27.5162
6361,3,843.095,3,859.538,0,3,27.5107
6362,3,843.095,3,859.538,3,2,27.5052
6363,3,843.095,3,865.45,3,3,27.4997
6364,3,843.095,3,863.432,0,2,27.4942
6365,3,843.095,3,863.432,4,2,27.4887
6366,3,843.095,3,915.229,1,3,27.4832
6367,3,843.095,3,894.576,4,1,27.4777
6368,3,843.095,3,888.164,3,1,27.4723
6369,3,843.095,3,888.164,0,2,27.4668
6370,3,843.095,3,894.119,4,0,27.4613
6371,3,843.095,3,892.792,2,1,27.4558
6372,3,843.095,3,886.998,0,1,27.4503
6373,3,843.095,3,886.998,2,2,27.4448
6374,3,843.095,3,886.998,1,0,27.4393
6375,3,843.095,3,886.998,1,1,27.4338
6376,3,843.095,3,888.398,4,1,27.4283
6377,3,843.095,3,888.398,0,2,27.4228
6378,3,843.095,3,888.398,1,3,27.4174
6379,3,843.095,3,888.398,1,3,27.4119
6380,3,843.095,3,886.186,2,2,27.4064
6381,3,843.095,3,886.186,1,2,27.4009
6382,3,843.095,3,885.499,0,1,27.3954
6383,3,843.095,3,885.965,2,0,27.3899
6384,3,843.095,3,884.777,4,2,27.3845
6385,3,843.095,3,876.597,2,0,27.379
6386,3,843.095,3,863.009,2,2,27.3735
6387,3,843.095,3,862.543,3,1,27.368
6388,3,843.095,3,856.746,2,0,27.3626
6389,3,843.095,3,856.746,4,3,27.3571
6390,3,843.095,3,863.061,2,3,27.3516
6391,3,843.095,3,863.061,0,1,27.3462
6392,3,843.095,3,863.172,4,2,27.3407
6393,3,843.095,3,904.23,1,0,27.3352
6394,3,843.095,3,901.062,3,0,27.3298
6395,3,843.095,3,901.062,3,2,27.3243
6396,3,843.095,3,902.501,3,1,27.3188
6397,3,843.095,3,902.501,3,3,27.3134
6398,3,843.095,3,907.48,4,2,27.3079
6399,3,843.095,3,900.277,0,2,27.3024
6400,3,843.095,3,893.012,3,2,27.297
6401,3,843.095,3,893.012,2,2,27.2915
6402,3,843.095,3,893.012,4,1,27.2861
6403,3,843.095,3,889.045,2,2,27.2806
6404,3,843.095,3,883.102,4,1,27.2751
6405,3,843.095,3,877.706,0,1,27.2697
6406,3,843.095,3,877.706,1,0,27.2642
6407,3,843.095,3,877.706,2,2,27.2588
6408,3,843.095,3,879.199,3,3,27.2533
6409,3,843.095,3,879.199,0,1,27.2479
6410,3,843.095,3,878.023,2,2,27.2424
6411,3,843.095,3,880.575,2,2,27.237
6412,3,843.095,3,882.447,4,2,27.2315
6413,3,843.095,3,886.777,3,0,27.2261
6414,3,843.095,3,886.46,4,2,27.2206
6415,3,843.095,3,885.54,0,1,27.2152
6416,3,843.095,3,882.596,0,0,27.2098
6417,3,843.095,3,882.596,4,1,27.2043
6418,3,843.095,3,882.596,4,0,27.1989
6419,3,843.095,3,885.766,0,3,27.1934
6420,3,843.095,3,887.249,3,3,27.188
6421,3,843.095,3,886.362,3,3,27.1826
6422,3,843.095,3,884.041,4,1,27.1771
6423,3,843.095,3,884.159,3,2,27.1717
6424,3,843.095,3,883.842,0,3,27.1662
6425,3,843.095,3,881.957,3,2,27.1608
6426,3,843.095,3,881.957,4,1,27.1554
6427,3,843.095,3,881.957,4,1,27.15
6428,3,843.095,3,878.205,2,0,27.1445
6429,3,843.095,3,878.205,0,3,27.1391
6430,3,843.095,3,878.353,0,2,27.1337
6431,3,843.095,3,878.353,1,2,27.1282
6432,3,843.095,3,878.739,0,0,27.1228
6433,3,843.095,3,878.739,2,0,27.1174
6434,3,843.095,3,881.662,2,3,27.112
6435,3,843.095,3,881.662,1,3,27.1065
6436,3,843.095,3,878.723,3,2,27.1011
6437,3,843.095,3,878.723,1,1,27.0957
6438,3,843.095,3,878.353,4,0,27.0903
6439,3,843.095,3,876.804,3,2,27.0849
6440,3,843.095,3,876.804,0,2,27.0794
6441,3,843.095,3,881.157,0,0,27.074
6442,3,843.095,3,881.157,3,0,27.0686
6443,3,843.095,3,879.497,3,2,27.0632
6444,3,843.095,3,879.031,3,2,27.0578
6445,3,843.095,3,879.031,1,1,27.0524
6446,3,843.095,3,879.031,0,2,27.047
6447,3,843.095,3,879.031,1,3,27.0416
6448,3,843.095,3,879.031,4,1,27.0361
6449,3,843.095,3,879.031,1,1,27.0307
6450,3,843.095,3,876.787,4,0,27.0253
6451,3,843.095,3,876.787,0,3,27.0199
6452,3,843.095,3,876.787,1,1,27.0145
6453,3,843.095,3,865.572,2,1,27.0091
6454,3,843.095,3,864.173,4,1,27.0037
6455,3,843.095,3,864.173,4,3,26.9983
6456,3,843.095,3,862.387,0,3,26.9929
6457,3,843.095,3,862.387,0,2,26.9875
6458,3,843.095,3,863.268,2,2,26.9821
6459,3,843.095,3,863.268,4,2,26.9767
6460,3,843.095,3,859.012,2,3,26.9713
6461,3,843.095,3,859.012,1,3,26.9659
6462,3,843.095,3,859.012,3,2,26.9605
6463,3,843.095,3,858.367,4,2,26.9552
6464,3,843.095,3,858.367,4,1,26.9498
6465,3,843.095,3,864.446,2,0,26.9444
6466,3,843.095,3,864.446,2,1,26.939
6467,3,843.095,3,864.446,0,2,26.9336
6468,3,843.095,3,864.446,0,3,26.9282
6469,3,843.095,3,855.14,3,3,26.9228
6470,3,843.095,3,855.245,3,1,26.9174
6471,3,843.095,3,855.245,1,2,26.9121
6472,3,843.095,3,854.779,4,0,26.9067
6473,3,843.095,3,854.737,4,1,26.9013
6474,3,843.095,3,854.737,0,1,26.8959
6475,3,843.095,3,854.737,2,1,26.8905
6476,3,843.095,3,854.737,4,0,26.8852
6477,3,843.095,3,855.255,4,0,26.8798
6478,3,843.095,3,853.855,3,1,26.8744
6479,3,843.095,3,853.855,2,0,26.869
6480,3,843.095,3,853.855,2,3,26.8637
6481,3,843.095,3,853.338,0,2,26.8583
6482,3,843.095,3,853.338,1,0,26.8529
6483,3,843.095,3,860.83,3,1,26.8475
6484,3,843.095,3,862.142,2,3,26.8422
6485,3,843.095,3,862.142,1,1,26.8368
6486,3,843.095,3,862.142,1,1,26.8314
6487,3,843.095,3,862.229,2,1,26.8261
6488,3,843.095,3,879.921,2,1,26.8207
6489,3,843.095,3,879.921,0,1,26.8153
6490,3,843.095,3,879.921,3,1,26.81
6491,3,843.095,3,877.158,0,0,26.8046
6492,3,843.095,3,875.556,2,3,26.7993
6493,3,843.095,3,875.556,4,3,26.7939
6494,3,843.095,3,875.556,1,3,26.7885
6495,3,843.095,3,875.556,0,2,26.7832
6496,3,843.095,3,875.556,1,3,26.7778
6497,3,843.095,3,875.397,3,0,26.7725
6498,3,843.095,3,875.397,1,0,26.7671
6499,3,843.095,3,875.397,1,2,26.7618
6500,3,843.095,3,876.52,4,0,26.7564
6501,3,843.095,3,873.038,2,3,26.7511
6502,3,843.095,3,873.038,0,1,26.7457
6503,3,843.095,3,885.887,2,0,26.7404
6504,3,843.095,3,885.57,4,2,26.735
6505,3,843.095,3,885.57,0,2,26.7297
6506,3,843.095,3,886.045,3,0,26.7243
6507,3,843.095,3,877.787,3,1,26.719
6508,3,843.095,3,877.787,1,3,26.7136
6509,3,843.095,3,879.063,4,3,26.7083
6510,3,843.095,3,879.063,2,0,26.7029
6511,3,843.095,3,869.713,2,1,26.6976
6512,3,843.095,3,868.249,0,3,26.6923
6513,3,843.095,3,864.173,4,2,26.6869
6514,3,843.095,3,864.173,4,2,26.6816
6515,3,843.095,3,864.173,2,2,26.6762
6516,3,843.095,3,866.479,2,0,26.6709
6517,3,843.095,3,865.165,0,1,26.6656
6518,3,843.095,3,868.502,2,3,26.6602
6519,3,843.095,3,868.671,0,3,26.6549
6520,3,843.095,3,868.671,1,0,26.6496
6521,3,843.095,3,868.671,1,3,26.6442
6522,3,843.095,3,868.671,3,2,26.6389
6523,3,843.095,3,868.671,4,2,26.6336
6524,3,843.095,3,868.671,4,1,26.6283
6525,3,843.095,3,867.396,2,2,26.6229
6526,3,843.095,3,867.396,4,0,26.6176
6527,3,843.095,3,867.396,4,1,26.6123
6528,3,843.095,3,867.227,4,3,26.607
6529,3,843.095,3,872.891,2,3,26.6016
6530,3,843.095,3,873.06,4,2,26.5963
6531,3,843.095,3,860.771,0,2,26.591
6532,3,843.095,3,860.771,3,2,26.5857
6533,3,843.095,3,869.727,3,3,26.5804
6534,3,843.095,3,869.838,0,3,26.5751
6535,3,843.095,3,869.838,4,2,26.5697
6536,3,843.095,3,869.838,0,0,26.5644
6537,3,843.095,3,869.838,1,1,26.5591
6538,3,843.095,3,865.567,0,2,26.5538
6539,3,843.095,3,865.456,0,3,26.5485
6540,3,843.095,3,865.456,4,0,26.5432
6541,3,843.095,3,865.456,1,1,26.5379
6542,3,843.095,3,865.456,1,1,26.5326
6543,3,843.095,3,860.771,0,3,26.5273
6544,3,843.095,3,860.771,0,0,26.522
6545,3,843.095,3,860.082,2,0,26.5167
6546,3,843.095,3,860.082,1,2,26.5113
6547,3,843.095,3,860.082,4,2,26.506
6548,3,843.095,3,860.082,1,2,26.5007
6549,3,843.095,3,860.082,1,3,26.4954
6550,3,843.095,3,860.082,0,2,26.4901
6551,3,843.095,3,862.897,2,3,26.4848
6552,3,843.095,3,862.728,4,2,26.4795
6553,3,843.095,3,862.728,1,1,26.4743
6554,3,843.095,3,862.728,1,0,26.469
6555,3,843.095,3,862.728,4,2,26.4637
6556,3,843.095,3,864.562,3,2,26.4584
6557,3,843.095,3,864.562,4,0,26.4531
6558,3,843.095,3,864.562,4,0,26.4478
6559,3,843.095,3,864.774,0,3,26.4425
6560,3,843.095,3,861.096,0,0,26.4372
6561,3,843.095,3,869.137,2,3,26.4319
6562,3,843.095,3,869.027,4,2,26.4266
6563,3,843.095,3,868.58,4,2,26.4214
6564,3,843.095,3,865.304,2,0,26.4161
6565,3,843.095,3,865.473,0,3,26.4108
6566,3,843.095,3,865.473,3,2,26.4055
6567,3,843.095,3,874.274,2,3,26.4002
6568,3,843.095,3,874.274,0,1,26.3949
6569,3,843.095,3,874.274,1,0,26.3897
6570,3,843.095,3,874.02,0,3,26.3844
6571,3,843.095,3,874.02,2,3,26.3791
6572,3,843.095,3,874.02,2,1,26.3738
6573,3,843.095,3,866.946,4,0,26.3686
6574,3,843.095,3,866.946,3,0,26.3633
6575,3,843.095,3,861.131,2,1,26.358
6576,3,843.095,3,861.131,2,2,26.3527
6577,3,843.095,3,861.131,0,1,26.3475
6578,3,843.095,3,861.131,4,0,26.3422
6579,3,843.095,3,861.131,4,0,26.3369
6580,3,843.095,3,861.131,4,2,26.3317
6581,3,843.095,3,869.848,4,3,26.3264
6582,3,843.095,3,869.782,0,0,26.3211
6583,3,843.095,3,867.605,2,3,26.3159
6584,3,843.095,3,867.605,4,2,26.3106
6585,3,843.095,3,867.605,2,1,26.3053
6586,3,843.095,3,867.48,0,1,26.3001
6587,3,843.095,3,864.196,4,1,26.2948
6588,3,843.095,3,863.958,4,3,26.2896
6589,3,843.095,3,868.728,4,3,26.2843
6590,3,843.095,3,868.953,2,3,26.279
6591,3,843.095,3,867.933,4,3,26.2738
6592,3,843.095,3,867.933,1,1,26.2685
6593,3,843.095,3,856.397,3,2,26.2633
6594,3,843.095,3,868.345,0,2,26.258
6595,3,843.095,3,869.876,3,3,26.2528
6596,3,843.095,3,869.876,2,2,26.2475
6597,3,843.095,3,869.876,2,3,26.2423
6598,3,843.095,3,869.253,0,3,26.237
6599,3,843.095,3,875.698,3,0,26.2318
6600,3,843.095,3,864.161,2,1,26.2265
6601,3,843.095,3,864.161,1,3,26.2213
6602,3,843.095,3,863.787,0,2,26.216
6603,3,843.095,3,863.787,1,0,26.2108
6604,3,843.095,3,863.787,1,2,26.2056
6605,3,843.095,3,863.787,1,2,26.2003
6606,3,843.095,3,864.322,4,3,26.1951
6607,3,843.095,3,866.455,4,0,26.1898
6608,3,843.095,3,861.939,0,0,26.1846
6609,3,843.095,3,861.939,3,3,26.1794
6610,3,843.095,3,861.939,3,1,26.1741
6611,3,843.095,3,861.939,3,0,26.1689
6612,3,843.095,3,866.379,2,1,26.1637
6613,3,843.095,3,874.714,3,1,26.1584
6614,3,843.095,3,875.03,3,0,26.1532
6615,3,843.095,3,875.626,3,0,26.148
6616,3,843.095,3,876.959,4,3,26.1427
6617,3,843.095,3,876.375,3,2,26.1375
6618,3,843.095,3,869.399,2,2,26.1323
6619,3,843.095,3,869.399,2,2,26.1271
6620,3,843.095,3,868.803,3,0,26.1218
6621,3,843.095,3,868.803,2,2,26.1166
6622,3,843.095,3,868.803,1,2,26.1114
6623,3,843.095,3,868.577,2,0,26.1062
6624,3,843.095,3,868.577,3,0,26.1009
6625,3,843.095,3,879.322,4,0,26.0957
6626,3,843.095,3,903.53,1,3,26.0905
6627,3,843.095,3,896.15,2,1,26.0853
6628,3,843.095,3,896.15,3,1,26.0801
6629,3,843.095,3,896.15,2,0,26.0748
6630,3,843.095,3,890.924,2,0,26.0696
6631,3,843.095,3,890.924,1,0,26.0644
6632,3,843.095,3,890.924,1,0,26.0592
6633,3,843.095,3,890.924,0,1,26.054
6634,3,843.095,3,890.333,2,1,26.0488
6635,3,843.095,3,880.592,2,0,26.0436
6636,3,843.095,3,880.681,2,1,26.0384
6637,3,843.095,3,874.701,0,0,26.0332
6638,3,843.095,3,871.384,4,2,26.028
6639,3,843.095,3,871.384,2,2,26.0227
6640,3,843.095,3,870.487,4,1,26.0175
6641,3,843.095,3,862.095,2,0,26.0123
6642,3,843.095,3,862.095,4,0,26.0071
6643,3,843.095,3,856.644,2,2,26.0019
6644,3,843.095,3,856.735,0,3,25.9967
6645,3,843.095,3,856.735,1,1,25.9915
6646,3,843.095,3,856.735,4,3,25.9863
6647,3,843.095,3,856.735,2,1,25.9811
6648,3,843.095,3,856.735,0,3,25.9759
6649,3,843.095,3,856.735,3,3,25.9707
6650,3,843.095,3,856.735,3,1,25.9656
6651,3,843.095,3,856.644,2,0,25.9604
6652,3,843.095,3,855.837,4,2,25.9552
6653,3,843.095,3,855.837,2,3,25.95
6654,3,843.095,3,856.154,4,2,25.9448
6655,3,843.095,3,856.154,0,3,25.9396
6656,3,843.095,3,856.154,0,0,25.9344
6657,3,843.095,3,855.837,3,0,25.9292
6658,3,843.095,3,855.837,0,1,25.924
6659,3,843.095,3,855.837,2,1,25.9189
6660,3,843.095,3,855.837,0,1,25.9137
6661,3,843.095,3,855.837,0,1,25.9085
6662,3,843.095,3,855.837,3,0,25.9033
6663,3,843.095,3,855.837,0,2,25.8981
6664,3,843.095,3,855.837,3,1,25.8929
6665,3,843.095,3,855.837,1,3,25.8878
6666,3,843.095,3,855.837,0,1,25.8826
6667,3,843.095,3,855.837,3,0,25.8774
6668,3,843.095,3,864.642,4,3,25.8722
6669,3,843.095,3,864.642,1,2,25.8671
6670,3,843.095,3,864.752,2,0,25.8619
6671,3,843.095,3,864.752,4,3,25.8567
6672,3,843.095,3,869.255,2,3,25.8515
6673,3,843.095,3,869.255,3,1,25.8464
6674,3,843.095,3,869.255,1,2,25.8412
6675,3,843.095,3,869.255,0,0,25.836
6676,3,843.095,3,870.905,3,3,25.8309
6677,3,843.095,3,865.09,2,2,25.8257
6678,3,843.095,3,865.09,0,0,25.8205
6679,3,843.095,3,865.09,0,1,25.8154
6680,3,843.095,3,865.09,2,0,25.8102
6681,3,843.095,3,865.09,0,2,25.805
6682,3,843.095,3,871.036,4,2,25.7999
6683,3,843.095,3,870.925,3,0,25.7947
6684,3,843.095,3,870.925,3,0,25.7896
6685,3,843.095,3,868.577,2,2,25.7844
6686,3,843.095,3,868.577,0,1,25.7793
6687,3,843.095,3,869.88,4,3,25.7741
6688,3,843.095,3,867.612,2,3,25.7689
6689,3,843.095,3,878.583,0,0,25.7638
6690,3,843.095,3,878.583,4,3,25.7586
6691,3,843.095,3,882.046,4,2,25.7535
6692,3,843.095,3,872.686,3,1,25.7483
6693,3,843.095,3,872.686,2,3,25.7432
6694,3,843.095,3,872.686,1,0,25.738
6695,3,843.095,3,865.194,3,1,25.7329
6696,3,843.095,3,865.194,2,3,25.7277
6697,3,843.095,3,866.406,3,0,25.7226
6698,3,843.095,3,864.006,4,0,25.7175
6699,3,843.095,3,863.466,0,3,25.7123
6700,3,843.095,3,863.466,4,1,25.7072
6701,3,843.095,3,863.466,3,1,25.702
6702,3,843.095,3,863.466,4,2,25.6969
6703,3,843.095,3,863.466,1,3,25.6917
6704,3,843.095,3,863.466,1,2,25.6866
6705,3,843.095,3,863.702,0,0,25.6815
6706,3,843.095,3,863.702,1,3,25.6763
6707,3,843.095,3,864.915,4,0,25.6712
6708,3,843.095,3,864.679,0,2,25.6661
6709,3,843.095,3,864.679,0,1,25.6609
6710,3,843.095,3,864.679,3,3,25.6558
6711,3,843.095,3,863.466,0,0,25.6507
6712,3,843.095,3,863.466,3,2,25.6455
6713,3,843.095,3,863.466,1,3,25.6404
6714,3,843.095,3,857.318,0,3,25.6353
6715,3,843.095,3,857.318,1,0,25.6302
6716,3,843.095,3,864.535,3,1,25.625
6717,3,843.095,3,864.535,1,2,25.6199
6718,3,843.095,3,864.535,0,3,25.6148
6719,3,843.095,3,864.535,1,2,25.6097
6720,3,843.095,3,864.535,3,1,25.6045
6721,3,843.095,3,863.757,3,0,25.5994
6722,3,843.095,3,863.757,3,3,25.5943
6723,3,843.095,3,863.757,2,2,25.5892
6724,3,843.095,3,865.277,3,3,25.5841
6725,3,843.095,3,865.277,0,0,25.5789
6726,3,843.095,3,869.287,3,0,25.5738
6727,3,843.095,3,869.287,4,0,25.5687
6728,3,843.095,3,866.776,4,2,25.5636
6729,3,843.095,3,867.252,3,2,25.5585
6730,3,843.095,3,868.148,4,3,25.5534
6731,3,843.095,3,866.845,0,1,25.5483
6732,3,843.095,3,868.33,4,3,25.5431
6733,3,843.095,3,868.33,1,2,25.538
6734,3,843.095,3,868.33,2,3,25.5329
6735,3,843.095,3,867.719,3,1,25.5278
6736,3,843.095,3,867.719,4,2,25.5227
6737,3,843.095,3,867.719,2,0,25.5176
6738,3,843.095,3,866.443,4,1,25.5125
6739,3,843.095,3,865.637,0,1,25.5074
6740,3,843.095,3,865.637,3,2,25.5023
6741,3,843.095,3,876.642,2,0,25.4972
6742,3,843.095,3,876.642,0,1,25.4921
6743,3,843.095,3,876.642,1,1,25.487
6744,3,843.095,3,873.399,0,1,25.4819
6745,3,843.095,3,873.399,2,0,25.4768
6746,3,843.095,3,873.399,1,0,25.4717
6747,3,843.095,3,873.49,3,3,25.4666
6748,3,843.095,3,859.895,2,1,25.4615
6749,3,843.095,3,859.895,2,0,25.4564
6750,3,843.095,3,859.895,4,0,25.4513
6751,3,843.095,3,859.895,0,0,25.4463
6752,3,843.095,3,860,3,2,25.4412
6753,3,843.095,3,860,0,0,25.4361
6754,3,843.095,3,859.738,4,1,25.431
6755,3,843.095,3,859.738,2,3,25.4259
6756,3,843.095,3,859.738,3,3,25.4208
6757,3,843.095,3,859.738,2,3,25.4157
6758,3,843.095,3,859.738,3,2,25.4107
6759,3,843.095,3,859.738,0,3,25.4056
6760,3,843.095,3,858.345,2,2,25.4005
6761,3,843.095,3,857.579,4,1,25.3954
6762,3,843.095,3,857.579,0,0,25.3903
6763,3,843.095,3,857.579,1,3,25.3853
6764,3,843.095,3,857.474,3,1,25.3802
6765,3,843.095,3,857.474,3,0,25.3751
6766,3,843.095,3,857.474,4,2,25.37
6767,3,843.095,3,857.791,3,2,25.365
6768,3,843.095,3,857.791,3,1,25.3599
6769,3,843.095,3,857.791,4,0,25.3548
6770,3,843.095,3,860.983,3,2,25.3497
6771,3,843.095,3,863.806,3,3,25.3447
6772,3,843.095,3,863.429,0,0,25.3396
6773,3,843.095,3,863.429,3,0,25.3345
6774,3,843.095,3,863.429,1,0,25.3295
6775,3,843.095,3,868.83,4,0,25.3244
6776,3,843.095,3,868.773,0,1,25.3193
6777,3,843.095,3,868.773,3,3,25.3143
6778,3,843.095,3,863.994,3,0,25.3092
6779,3,843.095,3,863.994,3,2,25.3041
6780,3,843.095,3,863.561,3,2,25.2991
6781,3,843.095,3,863.561,2,2,25.294
6782,3,843.095,3,863.823,0,0,25.289
6783,3,843.095,3,863.628,4,0,25.2839
6784,3,843.095,3,863.628,1,3,25.2789
6785,3,843.095,3,863.628,1,2,25.2738
6786,3,843.095,3,863.367,4,3,25.2687
6787,3,843.095,3,863.367,1,2,25.2637
6788,3,843.095,3,863.367,4,2,25.2586
6789,3,843.095,3,863.367,4,3,25.2536
6790,3,843.095,3,863.367,0,1,25.2485
6791,3,843.095,3,863.367,1,1,25.2435
6792,3,843.095,3,863.367,2,1,25.2384
6793,3,843.095,3,860.553,0,1,25.2334
6794,3,843.095,3,860.553,1,2,25.2283
6795,3,843.095,3,860.553,4,2,25.2233
6796,3,843.095,3,860.553,1,1,25.2182
6797,3,843.095,3,860.553,1,2,25.2132
6798,3,843.095,3,860.553,4,2,25.2082
6799,3,843.095,3,860.553,3,2,25.2031
6800,3,843.095,3,860.553,1,0,25.1981
6801,3,843.095,3,861.904,4,1,25.193
6802,3,843.095,3,865.895,2,0,25.188
6803,3,843.095,3,867.108,3,0,25.183
6804,3,843.095,3,866.104,2,1,25.1779
6805,3,843.095,3,866.104,4,2,25.1729
6806,3,843.095,3,866.104,0,3,25.1679
6807,3,843.095,3,866.86,2,3,25.1628
6808,3,843.095,3,865.244,2,1,25.1578
6809,3,843.095,3,865.244,2,1,25.1528
6810,3,843.095,3,864.769,2,1,25.1477
6811,3,843.095,3,864.769,4,3,25.1427
6812,3,843.095,3,864.383,2,3,25.1377
6813,3,843.095,3,862.983,3,3,25.1326
6814,3,843.095,3,869.365,2,0,25.1276
6815,3,843.095,3,862.983,0,2,25.1226
6816,3,843.095,3,862.983,3,1,25.1176
6817,3,843.095,3,863.589,3,3,25.1125
6818,3,843.095,3,863.589,3,0,25.1075
6819,3,843.095,3,863.589,4,1,25.1025
6820,3,843.095,3,855.491,3,3,25.0975
6821,3,843.095,3,855.491,4,0,25.0925
6822,3,843.095,3,855.491,4,3,25.0874
6823,3,843.095,3,855.174,2,2,25.0824
6824,3,843.095,3,855.174,2,3,25.0774
6825,3,843.095,3,855.174,1,3,25.0724
6826,3,843.095,3,857.904,0,3,25.0674
6827,3,843.095,3,857.904,1,2,25.0624
6828,3,843.095,3,857.097,4,1,25.0574
6829,3,843.095,3,854.368,0,1,25.0523
6830,3,843.095,3,854.368,0,2,25.0473
6831,3,843.095,3,854.368,1,1,25.0423
6832,3,843.095,3,855.664,3,3,25.0373
6833,3,843.095,3,855.664,3,0,25.0323
6834,3,843.095,3,861.409,2,3,25.0273
6835,3,843.095,3,861.714,3,3,25.0223
6836,3,843.095,3,861.714,1,1,25.0173
6837,3,843.095,3,861.714,1,3,25.0123
6838,3,843.095,3,857.925,4,0,25.0073
6839,3,843.095,3,857.925,0,3,25.0023
6840,3,843.095,3,858.732,3,2,24.9973
6841,3,843.095,3,858.732,3,3,24.9923
6842,3,843.095,3,855.954,4,1,24.9873
6843,3,843.095,3,863.702,2,0,24.9823
6844,3,843.095,3,863.398,0,0,24.9773
6845,3,843.095,3,866.956,3,0,24.9723
6846,3,843.095,3,866.956,4,0,24.9673
6847,3,843.095,3,867.646,4,2,24.9623
6848,3,843.095,3,867.646,3,3,24.9573
6849,3,843.095,3,867.646,2,1,24.9523
6850,3,843.095,3,867.815,4,3,24.9473
6851,3,843.095,3,867.815,4,0,24.9423
6852,3,843.095,3,881.368,0,3,24.9374
6853,3,843.095,3,881.368,2,2,24.9324
6854,3,843.095,3,874.154,4,1,24.9274
6855,3,843.095,3,870.196,3,0,24.9224
6856,3,843.095,3,870.196,1,1,24.9174
6857,3,843.095,3,870.196,0,0,24.9124
6858,3,843.095,3,870.744,3,3,24.9074
6859,3,843.095,3,869.793,0,0,24.9025
6860,3,843.095,3,869.239,2,1,24.8975
6861,3,843.095,3,859.437,0,2,24.8925
6862,3,843.095,3,857.998,2,1,24.8875
6863,3,843.095,3,863.987,2,2,24.8825
6864,3,843.095,3,857.998,2,0,24.8776
6865,3,843.095,3,857.998,1,1,24.8726
6866,3,843.095,3,857.998,0,3,24.8676
6867,3,843.095,3,857.998,1,1,24.8626
6868,3,843.095,3,857.998,2,1,24.8577
6869,3,843.095,3,857.998,2,0,24.8527
6870,3,843.095,3,857.998,3,3,24.8477
6871,3,843.095,3,857.998,1,0,24.8428
6872,3,843.095,3,857.998,4,1,24.8378
6873,3,843.095,3,859.31,3,2,24.8328
6874,3,843.095,3,859.31,1,3,24.8279
6875,3,843.095,3,859.397,3,1,24.8229
6876,3,843.095,3,859.397,1,3,24.8179
6877,3,843.095,3,856.781,0,1,24.813
6878,3,843.095,3,856.781,0,2,24.808
6879,3,843.095,3,856.781,2,1,24.803
6880,3,843.095,3,856.781,1,3,24.7981
6881,3,843.095,3,856.781,1,0,24.7931
6882,3,843.095,3,856.781,4,0,24.7882
6883,3,843.095,3,856.781,3,3,24.7832
6884,3,843.095,3,860.388,2,3,24.7782
6885,3,843.095,3,860.388,1,3,24.7733
6886,3,843.095,3,860.388,1,0,24.7683
6887,3,843.095,3,856.781,4,0,24.7634
6888,3,843.095,3,856.781,2,0,24.7584
6889,3,843.095,3,863.353,3,2,24.7535
6890,3,843.095,3,863.353,3,1,24.7485
6891,3,843.095,3,864.648,2,2,24.7436
6892,3,843.095,3,863.871,3,0,24.7386
6893,3,843.095,3,863.871,3,1,24.7337
6894,3,843.095,3,863.871,3,2,24.7287
6895,3,843.095,3,866.822,4,0,24.7238
6896,3,843.095,3,866.822,0,3,24.7188
6897,3,843.095,3,866.822,0,0,24.7139
6898,3,843.095,3,866.822,3,0,24.709
6899,3,843.095,3,864.629,0,3,24.704
6900,3,843.095,3,864.629,0,3,24.6991
6901,3,843.095,3,867.181,4,3,24.6941
6902,3,843.095,3,867.181,4,1,24.6892
6903,3,843.095,3,864.629,0,0,24.6843
6904,3,843.095,3,864.629,1,1,24.6793
6905,3,843.095,3,864.629,3,0,24.6744
6906,3,843.095,3,864.629,3,3,24.6695
6907,3,843.095,3,864.629,2,3,24.6645
6908,3,843.095,3,864.629,2,1,24.6596
6909,3,843.095,3,881.146,2,3,24.6547
6910,3,843.095,3,881.146,1,1,24.6497
6911,3,843.095,3,880.628,3,1,24.6448
6912,3,843.095,3,880.685,0,0,24.6399
6913,3,843.095,3,880.628,0,0,24.6349
6914,3,843.095,3,880.242,4,2,24.63
6915,3,843.095,3,883.482,0,1,24.6251
6916,3,843.095,3,886.034,2,2,24.6202
6917,3,843.095,3,886.034,1,3,24.6152
6918,3,843.095,3,886.034,1,2,24.6103
6919,3,843.095,3,886.034,1,0,24.6054
6920,3,843.095,3,881.65,4,2,24.6005
6921,3,843.095,3,879.098,0,0,24.5955
6922,3,843.095,3,879.098,1,2,24.5906
6923,3,843.095,3,879.098,1,2,24.5857
6924,3,843.095,3,879.098,1,2,24.5808
6925,3,843.095,3,879.098,1,1,24.5759
6926,3,843.095,3,875.5,0,2,24.571
6927,3,843.095,3,873.736,2,2,24.566
6928,3,843.095,3,873.736,1,3,24.5611
6929,3,843.095,3,874.443,3,2,24.5562
6930,3,843.095,3,874.274,4,1,24.5513
6931,3,843.095,3,877.414,2,3,24.5464
6932,3,843.095,3,876.896,0,1,24.5415
6933,3,843.095,3,876.896,1,3,24.5366
6934,3,843.095,3,876.896,1,0,24.5317
6935,3,843.095,3,867.196,3,3,24.5268
6936,3,843.095,3,867.196,3,0,24.5219
6937,3,843.095,3,867.196,1,2,24.517
6938,3,843.095,3,874.696,0,1,24.5121
6939,3,843.095,3,877.889,4,2,24.5072
6940,3,843.095,3,877.889,4,1,24.5023
6941,3,843.095,3,871.9,2,1,24.4973
6942,3,843.095,3,875.476,2,0,24.4925
6943,3,843.095,3,875.372,3,0,24.4876
6944,3,843.095,3,875.372,1,2,24.4827
6945,3,843.095,3,871.381,3,2,24.4778
6946,3,843.095,3,871.381,0,3,24.4729
6947,3,843.095,3,871.381,1,3,24.468
6948,3,843.095,3,871.218,3,3,24.4631
6949,3,843.095,3,871.218,1,0,24.4582
6950,3,843.095,3,871.218,0,3,24.4533
6951,3,843.095,3,868.44,4,0,24.4484
6952,3,843.095,3,868.44,2,3,24.4435
6953,3,843.095,3,865.729,0,0,24.4386
6954,3,843.095,3,865.729,0,1,24.4337
6955,3,843.095,3,865.729,1,1,24.4288
6956,3,843.095,3,868.507,2,0,24.424
6957,3,843.095,3,868.507,4,0,24.4191
6958,3,843.095,3,868.507,2,2,24.4142
6959,3,843.095,3,868.617,4,3,24.4093
6960,3,843.095,3,868.617,1,3,24.4044
6961,3,843.095,3,865.447,4,1,24.3995
6962,3,843.095,3,870.82,4,3,24.3947
6963,3,843.095,3,870.82,0,3,24.3898
6964,3,843.095,3,864.107,2,2,24.3849
6965,3,843.095,3,864.107,1,3,24.38
6966,3,843.095,3,864.107,0,2,24.3752
6967,3,843.095,3,864.774,4,0,24.3703
6968,3,843.095,3,864.774,4,2,24.3654
6969,3,843.095,3,864.774,2,3,24.3605
6970,3,843.095,3,864.774,0,1,24.3557
6971,3,843.095,3,864.774,3,1,24.3508
6972,3,843.095,3,864.774,2,3,24.3459
6973,3,843.095,3,864.774,4,3,24.3411
6974,3,843.095,3,879.334,3,3,24.3362
6975,3,843.095,3,877.436,4,1,24.3313
6976,3,843.095,3,877.436,4,3,24.3265
6977,3,843.095,3,875.946,3,1,24.3216
6978,3,843.095,3,876.115,3,3,24.3167
6979,3,843.095,3,884.64,2,0,24.3119
6980,3,843.095,3,884.64,4,3,24.307
6981,3,843.095,3,865.823,2,3,24.3021
6982,3,843.095,3,865.654,2,2,24.2973
6983,3,843.095,3,868.206,2,2,24.2924
6984,3,843.095,3,869.589,4,3,24.2876
6985,3,843.095,3,869.589,2,0,24.2827
6986,3,843.095,3,867.416,2,0,24.2778
6987,3,843.095,3,867.416,2,2,24.273
6988,3,843.095,3,867.416,2,2,24.2681
6989,3,843.095,3,867.416,1,1,24.2633
6990,3,843.095,3,864.638,0,1,24.2584
6991,3,843.095,3,864.638,4,1,24.2536
6992,3,843.095,3,864.638,3,0,24.2487
6993,3,843.095,3,864.638,0,3,24.2439
6994,3,843.095,3,864.638,4,0,24.239
6995,3,843.095,3,864.638,0,3,24.2342
6996,3,843.095,3,864.638,2,0,24.2293
6997,3,843.095,3,862.864,4,2,24.2245
6998,3,843.095,3,861.967,3,2,24.2196
6999,3,843.095,3,861.967,3,2,24.2148
7000,3,843.095,3,863.833,4,3,24.21
7001,3,843.095,3,863.833,0,1,24.2051
7002,3,843.095,3,863.833,4,2,24.2003
7003,3,843.095,3,865.354,3,2,24.1954
7004,3,843.095,3,865.354,0,1,24.1906
7005,3,843.095,3,866.858,3,3,24.1858
7006,3,843.095,3,869.41,3,3,24.1809
7007,3,843.095,3,869.41,2,3,24.1761
7008,3,843.095,3,868.392,4,2,24.1712
7009,3,843.095,3,865.374,2,1,24.1664
7010,3,843.095,3,865.374,2,3,24.1616
7011,3,843.095,3,863.916,0,3,24.1567
7012,3,843.095,3,863.916,1,2,24.1519
7013,3,843.095,3,863.916,3,3,24.1471
7014,3,843.095,3,863.916,2,2,24.1423
7015,3,843.095,3,863.916,4,3,24.1374
7016,3,843.095,3,863.916,4,1,24.1326
7017,3,843.095,3,864.496,4,2,24.1278
7018,3,843.095,3,864.496,1,1,24.1229
7019,3,843.095,3,864.385,3,2,24.1181
7020,3,843.095,3,865.785,3,1,24.1133
7021,3,843.095,3,865.684,3,2,24.1085
7022,3,843.095,3,865.684,2,2,24.1037
7023,3,843.095,3,865.684,0,3,24.0988
7024,3,843.095,3,865.684,0,2,24.094
7025,3,843.095,3,870.37,4,3,24.0892
7026,3,843.095,3,869.774,0,2,24.0844
7027,3,843.095,3,869.774,0,2,24.0796
7028,3,843.095,3,869.774,4,3,24.0747
7029,3,843.095,3,873.703,0,3,24.0699
7030,3,843.095,3,875.705,2,1,24.0651
7031,3,843.095,3,875.705,1,2,24.0603
7032,3,843.095,3,875.705,4,0,24.0555
7033,3,843.095,3,875.705,3,2,24.0507
7034,3,843.095,3,875.705,0,3,24.0459
7035,3,843.095,3,875.016,2,1,24.0411
7036,3,843.095,3,875.016,1,1,24.0362
7037,3,843.095,3,875.406,4,2,24.0314
7038,3,843.095,3,870.074,0,0,24.0266
7039,3,843.095,3,872.471,4,3,24.0218
7040,3,843.095,3,872.321,0,2,24.017
7041,3,843.095,3,872.321,3,2,24.0122
7042,3,843.095,3,872.321,4,1,24.0074
7043,3,843.095,3,872.321,4,0,24.0026
7044,3,843.095,3,872.493,0,0,23.9978
7045,3,843.095,3,872.959,2,0,23.993
7046,3,843.095,3,871.873,0,1,23.9882
7047,3,843.095,3,871.873,3,1,23.9834
7048,3,843.095,3,870.273,3,0,23.9786
7049,3,843.095,3,863.375,3,2,23.9738
7050,3,843.095,3,861.976,2,2,23.969
7051,3,843.095,3,861.698,3,1,23.9642
7052,3,843.095,3,861.079,3,0,23.9594
7053,3,843.095,3,861.079,4,2,23.9547
7054,3,843.095,3,861.079,1,2,23.9499
7055,3,843.095,3,861.079,1,0,23.9451
7056,3,843.095,3,861.079,1,3,23.9403
7057,3,843.095,3,861.079,1,3,23.9355
7058,3,843.095,3,861.079,1,2,23.9307
7059,3,843.095,3,861.079,3,1,23.9259
7060,3,843.095,3,861.079,2,3,23.9211
7061,3,843.095,3,861.079,2,3,23.9164
7062,3,843.095,3,861.079,0,1,23.9116
7063,3,843.095,3,861.079,4,1,23.9068
7064,3,843.095,3,861.079,3,2,23.902
7065,3,843.095,3,861.079,1,3,23.8972
7066,3,843.095,3,861.079,2,0,23.8924
7067,3,843.095,3,861.079,3,2,23.8877
7068,3,843.095,3,859.686,0,1,23.8829
7069,3,843.095,3,859.686,1,3,23.8781
7070,3,843.095,3,859.686,3,3,23.8733
7071,3,843.095,3,858.807,0,1,23.8686
7072,3,843.095,3,857.406,0,2,23.8638
7073,3,843.095,3,857.09,4,0,23.859
7074,3,843.095,3,857.09,2,0,23.8542
7075,3,843.095,3,857.09,2,0,23.8495
7076,3,843.095,3,857.09,2,1,23.8447
7077,3,843.095,3,857.09,0,2,23.8399
7078,3,843.095,3,857.09,4,3,23.8352
7079,3,843.095,3,856.979,2,0,23.8304
7080,3,843.095,3,856.979,0,2,23.8256
7081,3,843.095,3,856.979,4,3,23.8209
7082,3,843.095,3,856.979,1,0,23.8161
7083,3,843.095,3,856.979,4,1,23.8113
7084,3,843.095,3,856.979,2,2,23.8066
7085,3,843.095,3,860.172,3,2,23.8018
7086,3,843.095,3,860.172,1,1,23.7971
7087,3,843.095,3,860.172,3,2,23.7923
7088,3,843.095,3,858.379,3,1,23.7875
7089,3,843.095,3,858.998,2,1,23.7828
7090,3,843.095,3,858.998,0,2,23.778
7091,3,843.095,3,858.913,2,3,23.7733
7092,3,843.095,3,858.913,0,3,23.7685
7093,3,843.095,3,858.913,3,1,23.7638
7094,3,843.095,3,858.913,1,1,23.759
7095,3,843.095,3,858.379,3,0,23.7543
7096,3,843.095,3,862.436,4,3,23.7495
7097,3,843.095,3,862.436,4,1,23.7448
7098,3,843.095,3,862.436,1,3,23.74
7099,3,843.095,3,862.436,4,2,23.7353
7100,3,843.095,3,858.379,2,1,23.7305
7101,3,843.095,3,858.695,4,0,23.7258
7102,3,843.095,3,858.695,1,0,23.721
7103,3,843.095,3,865.832,2,0,23.7163
7104,3,843.095,3,872.147,2,3,23.7115
7105,3,843.095,3,865.832,4,0,23.7068
7106,3,843.095,3,865.832,1,2,23.7021
7107,3,843.095,3,865.832,2,3,23.6973
7108,3,843.095,3,867.397,2,2,23.6926
7109,3,843.095,3,866.188,2,2,23.6878
7110,3,843.095,3,866.188,1,1,23.6831
7111,3,843.095,3,864.826,4,2,23.6784
7112,3,843.095,3,864.826,1,0,23.6736
7113,3,843.095,3,864.6,2,1,23.6689
7114,3,843.095,3,864.6,4,0,23.6642
7115,3,843.095,3,863.201,3,3,23.6594
7116,3,843.095,3,863.201,1,1,23.6547
7117,3,843.095,3,863.201,4,1,23.65
7118,3,843.095,3,863.201,0,2,23.6452
7119,3,843.095,3,863.201,4,3,23.6405
7120,3,843.095,3,863.634,0,3,23.6358
7121,3,843.095,3,863.634,1,2,23.631
7122,3,843.095,3,865.371,3,1,23.6263
7123,3,843.095,3,864.938,3,0,23.6216
7124,3,843.095,3,863.967,0,1,23.6169
7125,3,843.095,3,865.367,2,3,23.6121
7126,3,843.095,3,864.109,0,0,23.6074
7127,3,843.095,3,865.006,4,3,23.6027
7128,3,843.095,3,866.405,3,2,23.598
7129,3,843.095,3,866.405,3,1,23.5933
7130,3,843.095,3,866.405,4,2,23.5885
7131,3,843.095,3,866.405,1,3,23.5838
7132,3,843.095,3,867.155,0,3,23.5791
7133,3,843.095,3,867.69,2,3,23.5744
7134,3,843.095,3,867.69,1,1,23.5697
7135,3,843.095,3,865.946,2,1,23.565
7136,3,843.095,3,865.946,0,0,23.5603
7137,3,843.095,3,866.413,2,0,23.5555
7138,3,843.095,3,866.413,3,0,23.5508
7139,3,843.095,3,866.413,1,2,23.5461
7140,3,843.095,3,866.413,4,1,23.5414
7141,3,843.095,3,866.413,4,2,23.5367
7142,3,843.095,3,866.413,1,1,23.532
7143,3,843.095,3,866.413,0,0,23.5273
7144,3,843.095,3,866.413,4,1,23.5226
7145,3,843.095,3,866.413,2,2,23.5179
7146,3,843.095,3,866.413,2,1,23.5132
7147,3,843.095,3,866.413,0,1,23.5085
7148,3,843.095,3,866.413,1,1,23.5038
7149,3,843.095,3,866.413,3,1,23.4991
7150,3,843.095,3,866.413,0,3,23.4944
7151,3,843.095,3,866.413,2,3,23.4897
7152,3,843.095,3,866.413,1,0,23.485
7153,3,843.095,3,866.413,0,1,23.4803
7154,3,843.095,3,866.413,3,0,23.4756
7155,3,843.095,3,859.742,2,2,23.4709
7156,3,843.095,3,859.742,4,2,23.4662
7157,3,843.095,3,859.275,4,1,23.4615
7158,3,843.095,3,859.275,1,1,23.4568
7159,3,843.095,3,859.275,4,2,23.4521
7160,3,843.095,3,859.545,4,3,23.4474
7161,3,843.095,3,859.545,0,1,23.4427
7162,3,843.095,3,859.545,3,2,23.438
7163,3,843.095,3,860.719,0,3,23.4334
7164,3,843.095,3,860.719,1,1,23.4287
7165,3,843.095,3,858.146,2,1,23.424
7166,3,843.095,3,858.146,3,2,23.4193
7167,3,843.095,3,858.146,0,1,23.4146
7168,3,843.095,3,870.968,0,2,23.4099
7169,3,843.095,3,870.968,3,1,23.4053
7170,3,843.095,3,870.968,1,1,23.4006
7171,3,843.095,3,870.968,1,0,23.3959
7172,3,843.095,3,870.874,0,2,23.3912
7173,3,843.095,3,870.604,0,2,23.3865
7174,3,843.095,3,870.604,2,0,23.3819
7175,3,843.095,3,870.604,0,1,23.3772
7176,3,843.095,3,870.604,1,3,23.3725
7177,3,843.095,3,870.604,0,0,23.3678
7178,3,843.095,3,870.604,1,0,23.3632
7179,3,843.095,3,870.604,2,0,23.3585
7180,3,843.095,3,870.092,0,2,23.3538
7181,3,843.095,3,870.092,1,1,23.3491
7182,3,843.095,3,870.092,1,3,23.3445
7183,3,843.095,3,870.037,2,1,23.3398
7184,3,843.095,3,871.351,4,3,23.3351
7185,3,843.095,3,871.351,1,0,23.3305
7186,3,843.095,3,871.351,4,3,23.3258
7187,3,843.095,3,870.787,3,3,23.3211
7188,3,843.095,3,870.787,0,3,23.3165
7189,3,843.095,3,870.393,4,2,23.3118
7190,3,843.095,3,873.766,2,2,23.3071
7191,3,843.095,3,870.021,2,1,23.3025
7192,3,843.095,3,870.021,1,0,23.2978
7193,3,843.095,3,870.021,3,2,23.2932
7194,3,843.095,3,870.021,1,2,23.2885
7195,3,843.095,3,870.021,1,1,23.2838
7196,3,843.095,3,869.599,3,3,23.2792
7197,3,843.095,3,869.599,1,0,23.2745
7198,3,843.095,3,870.66,4,0,23.2699
7199,3,843.095,3,870.66,1,2,23.2652
7200,3,843.095,3,870.041,4,0,23.2606
7201,3,843.095,3,870.844,2,1,23.2559
7202,3,843.095,3,870.675,4,2,23.2513
7203,3,843.095,3,874.965,2,0,23.2466
7204,3,843.095,3,874.069,4,2,23.242
7205,3,843.095,3,870.86,0,2,23.2373
7206,3,843.095,3,871.681,0,0,23.2327
7207,3,843.095,3,871.681,0,1,23.228
7208,3,843.095,3,871.681,0,2,23.2234
7209,3,843.095,3,867.883,0,2,23.2187
7210,3,843.095,3,863.706,3,0,23.2141
7211,3,843.095,3,863.706,3,1,23.2095
7212,3,843.095,3,864.022,0,0,23.2048
7213,3,843.095,3,864.022,0,0,23.2002
7214,3,843.095,3,864.022,0,1,23.1955
7215,3,843.095,3,863.427,2,2,23.1909
7216,3,843.095,3,863.201,0,0,23.1863
7217,3,843.095,3,863.201,2,2,23.1816
7218,3,843.095,3,863.201,4,1,23.177
7219,3,843.095,3,863.201,4,2,23.1723
7220,3,843.095,3,863.201,0,1,23.1677
7221,3,843.095,3,863.201,3,0,23.1631
7222,3,843.095,3,863.201,3,3,23.1584
7223,3,843.095,3,863.201,3,1,23.1538
7224,3,843.095,3,863.201,4,0,23.1492
7225,3,843.095,3,863.201,2,0,23.1445
7226,3,843.095,3,863.201,1,0,23.1399
7227,3,843.095,3,863.201,4,3,23.1353
7228,3,843.095,3,863.201,1,3,23.1307
7229,3,843.095,3,865.591,4,3,23.126
7230,3,843.095,3,865.591,1,2,23.1214
7231,3,843.095,3,865.591,4,3,23.1168
7232,3,843.095,3,865.591,2,0,23.1122
7233,3,843.095,3,869.582,4,3,23.1075
7234,3,843.095,3,869.582,4,3,23.1029
7235,3,843.095,3,870.479,3,3,23.0983
7236,3,843.095,3,867.927,2,0,23.0937
7237,3,843.095,3,867.927,1,1,23.0891
7238,3,843.095,3,867.927,1,1,23.0844
7239,3,843.095,3,867.927,1,1,23.0798
7240,3,843.095,3,867.61,0,1,23.0752
7241,3,843.095,3,867.61,3,2,23.0706
7242,3,843.095,3,867.61,0,3,23.066
7243,3,843.095,3,866.732,4,0,23.0614
7244,3,843.095,3,866.732,2,3,23.0568
7245,3,843.095,3,866.732,2,2,23.0521
7246,3,843.095,3,866.732,4,3,23.0475
7247,3,843.095,3,866.732,4,1,23.0429
7248,3,843.095,3,866.732,2,1,23.0383
7249,3,843.095,3,866.732,1,2,23.0337
7250,3,843.095,3,862.063,0,2,23.0291
7251,3,843.095,3,862.063,3,3,23.0245
7252,3,843.095,3,862.063,2,0,23.0199
7253,3,843.095,3,864.841,2,0,23.0153
7254,3,843.095,3,864.841,1,2,23.0107
7255,3,843.095,3,864.841,0,2,23.0061
7256,3,843.095,3,869.51,2,1,23.0015
7257,3,843.095,3,869.51,0,3,22.9969
7258,3,843.095,3,873.275,0,3,22.9923
7259,3,843.095,3,873.275,3,1,22.9877
7260,3,843.095,3,873.275,3,3,22.9831
7261,3,843.095,3,874.932,4,3,22.9785
7262,3,843.095,3,874.932,3,1,22.9739
7263,3,843.095,3,877.364,4,3,22.9693
7264,3,843.095,3,877.027,0,0,22.9647
7265,3,843.095,3,877.027,1,2,22.9601
7266,3,843.095,3,877.027,3,2,22.9555
7267,3,843.095,3,877.027,2,0,22.9509
7268,3,843.095,3,877.84,0,3,22.9463
7269,3,843.095,3,876.196,4,0,22.9417
7270,3,843.095,3,876.97,3,3,22.9372
7271,3,843.095,3,876.97,0,0,22.9326
7272,3,843.095,3,876.183,0,0,22.928
7273,3,843.095,3,876.183,0,3,22.9234
7274,3,843.095,3,875.417,0,3,22.9188
7275,3,843.095,3,875.24,0,0,22.9142
7276,3,843.095,3,875.24,3,0,22.9097
7277,3,843.095,3,863.024,3,2,22.9051
7278,3,843.095,3,863.024,1,3,22.9005
7279,3,843.095,3,863.024,2,0,22.8959
7280,3,843.095,3,863.024,4,1,22.8913
7281,3,843.095,3,863.024,2,0,22.8868
7282,3,843.095,3,863.024,0,1,22.8822
7283,3,843.095,3,863.024,3,3,22.8776
7284,3,843.095,3,865.576,3,0,22.873
7285,3,843.095,3,863.024,4,2,22.8684
7286,3,843.095,3,863.024,2,3,22.8639
7287,3,843.095,3,862.708,3,2,22.8593
7288,3,843.095,3,862.708,3,0,22.8547
7289,3,843.095,3,859.93,4,0,22.8502
7290,3,843.095,3,860.199,0,2,22.8456
7291,3,843.095,3,861.083,4,3,22.841
7292,3,843.095,3,861.083,2,0,22.8364
7293,3,843.095,3,861.083,4,1,22.8319
7294,3,843.095,3,861.083,0,1,22.8273
7295,3,843.095,3,861.083,2,0,22.8228
7296,3,843.095,3,861.083,0,2,22.8182
7297,3,843.095,3,861.083,4,1,22.8136
7298,3,843.095,3,861.083,4,2,22.8091
7299,3,843.095,3,863.812,3,3,22.8045
7300,3,843.095,3,861.083,0,1,22.7999
7301,3,843.095,3,861.083,4,0,22.7954
7302,3,843.095,3,861.083,1,1,22.7908
7303,3,843.095,3,861.083,3,2,22.7863
7304,3,843.095,3,861.083,4,1,22.7817
7305,3,843.095,3,861.083,0,3,22.7771
7306,3,843.095,3,865.187,3,3,22.7726
7307,3,843.095,3,865.187,1,2,22.768
7308,3,843.095,3,865.187,4,1,22.7635
7309,3,843.095,3,861.252,2,1,22.7589
7310,3,843.095,3,871.048,4,0,22.7544
7311,3,843.095,3,870.995,3,1,22.7498
7312,3,843.095,3,869.33,2,1,22.7453
7313,3,843.095,3,867.171,0,0,22.7407
7314,3,843.095,3,867.171,2,2,22.7362
7315,3,843.095,3,867.171,4,0,22.7316
7316,3,843.095,3,867.171,0,3,22.7271
7317,3,843.095,3,866.913,4,1,22.7225
7318,3,843.095,3,869.432,3,3,22.718
7319,3,843.095,3,868.657,3,3,22.7135
7320,3,843.095,3,868.657,4,2,22.7089
7321,3,843.095,3,866.913,4,1,22.7044
7322,3,843.095,3,866.913,0,3,22.6998
7323,3,843.095,3,866.913,1,2,22.6953
7324,3,843.095,3,866.913,3,2,22.6907
7325,3,843.095,3,866.913,4,2,22.6862
7326,3,843.095,3,870.777,2,3,22.6817
7327,3,843.095,3,866.913,2,1,22.6771
7328,3,843.095,3,866.913,0,3,22.6726
7329,3,843.095,3,866.913,1,2,22.6681
7330,3,843.095,3,866.913,0,3,22.6635
7331,3,843.095,3,866.913,3,2,22.659
7332,3,843.095,3,866.913,2,1,22.6545
7333,3,843.095,3,866.913,3,0,22.6499
7334,3,843.095,3,866.913,4,3,22.6454
7335,3,843.095,3,866.913,2,2,22.6409
7336,3,843.095,3,866.379,2,2,22.6364
7337,3,843.095,3,866.379,0,1,22.6318
7338,3,843.095,3,866.379,4,0,22.6273
7339,3,843.095,3,867.818,2,2,22.6228
7340,3,843.095,3,867.818,3,3,22.6182
7341,3,843.095,3,867.818,2,1,22.6137
7342,3,843.095,3,870.596,2,0,22.6092
7343,3,843.095,3,870.596,0,2,22.6047
7344,3,843.095,3,868.253,3,2,22.6002
7345,3,843.095,3,868.253,0,0,22.5956
7346,3,843.095,3,868.253,1,1,22.5911
7347,3,843.095,3,868.253,0,2,22.5866
7348,3,843.095,3,868.253,1,0,22.5821
7349,3,843.095,3,865.475,4,3,22.5776
7350,3,843.095,3,865.475,4,0,22.5731
7351,3,843.095,3,883.568,4,3,22.5685
7352,3,843.095,3,883.458,2,1,22.564
7353,3,843.095,3,870.96,0,2,22.5595
7354,3,843.095,3,871.107,3,0,22.555
7355,3,843.095,3,871.107,4,0,22.5505
7356,3,843.095,3,867.864,4,1,22.546
7357,3,843.095,3,871.83,2,3,22.5415
7358,3,843.095,3,871.83,4,3,22.537
7359,3,843.095,3,867.701,3,2,22.5325
7360,3,843.095,3,867.701,0,0,22.5279
7361,3,843.095,3,867.701,2,3,22.5234
7362,3,843.095,3,867.701,1,0,22.5189
7363,3,843.095,3,872.495,3,0,22.5144
7364,3,843.095,3,873.115,0,0,22.5099
7365,3,843.095,3,873.115,3,3,22.5054
7366,3,843.095,3,873.867,2,3,22.5009
7367,3,843.095,3,873.867,0,0,22.4964
7368,3,843.095,3,873.867,1,2,22.4919
7369,3,843.095,3,873.867,1,3,22.4874
7370,3,843.095,3,872.931,3,1,22.4829
7371,3,843.095,3,867.035,2,1,22.4784
7372,3,843.095,3,867.035,1,1,22.4739
7373,3,843.095,3,867.035,1,3,22.4694
7374,3,843.095,3,867.035,0,1,22.4649
7375,3,843.095,3,867.035,1,2,22.4605
7376,3,843.095,3,866.967,4,2,22.456
7377,3,843.095,3,867.32,3,3,22.4515
7378,3,843.095,3,867.32,1,2,22.447
7379,3,843.095,3,867.136,0,2,22.4425
7380,3,843.095,3,879.257,3,0,22.438
7381,3,843.095,3,879.088,3,0,22.4335
7382,3,843.095,3,879.088,4,0,22.429
7383,3,843.095,3,876.37,4,1,22.4245
7384,3,843.095,3,876.37,1,3,22.4201
7385,3,843.095,3,873.209,4,1,22.4156
7386,3,843.095,3,873.209,4,2,22.4111
7387,3,843.095,3,873.209,3,2,22.4066
7388,3,843.095,3,873.209,3,3,22.4021
7389,3,843.095,3,873.209,0,2,22.3976
7390,3,843.095,3,872.521,0,0,22.3932
7391,3,843.095,3,872.521,0,0,22.3887
7392,3,843.095,3,870.426,4,0,22.3842
7393,3,843.095,3,870.426,3,2,22.3797
7394,3,843.095,3,870.426,1,2,22.3753
7395,3,843.095,3,870.426,0,1,22.3708
7396,3,843.095,3,872.655,2,1,22.3663
7397,3,843.095,3,872.655,1,0,22.3618
7398,3,843.095,3,870.426,0,1,22.3574
7399,3,843.095,3,870.426,2,3,22.3529
7400,3,843.095,3,870.426,0,3,22.3484
7401,3,843.095,3,886.985,3,0,22.344
7402,3,843.095,3,886.985,2,1,22.3395
7403,3,843.095,3,880.512,0,0,22.335
7404,3,843.095,3,880.512,4,1,22.3305
7405,3,843.095,3,878.372,4,1,22.3261
7406,3,843.095,3,878.372,3,2,22.3216
7407,3,843.095,3,878.372,4,2,22.3172
7408,3,843.095,3,876.973,3,1,22.3127
7409,3,843.095,3,879.525,4,3,22.3082
7410,3,843.095,3,879.525,1,2,22.3038
7411,3,843.095,3,879.525,1,2,22.2993
7412,3,843.095,3,879.525,1,2,22.2948
7413,3,843.095,3,879.525,0,0,22.2904
7414,3,843.095,3,876.973,0,1,22.2859
7415,3,843.095,3,876.973,0,0,22.2815
7416,3,843.095,3,876.379,2,3,22.277
7417,3,843.095,3,876.379,2,1,22.2726
7418,3,843.095,3,875.61,4,0,22.2681
7419,3,843.095,3,875.61,1,1,22.2637
7420,3,843.095,3,876.783,2,2,22.2592
7421,3,843.095,3,876.783,1,1,22.2547
7422,3,843.095,3,876.783,4,0,22.2503
7423,3,843.095,3,876.783,1,1,22.2458
7424,3,843.095,3,876.783,3,2,22.2414
7425,3,843.095,3,894.914,1,3,22.2369
7426,3,843.095,3,894.914,1,1,22.2325
7427,3,843.095,3,895.083,2,3,22.2281
7428,3,843.095,3,882.522,2,1,22.2236
7429,3,843.095,3,882.522,2,3,22.2192
7430,3,843.095,3,882.522,2,0,22.2147
7431,3,843.095,3,882.522,2,1,22.2103
7432,3,843.095,3,888.969,2,1,22.2058
7433,3,843.095,3,888.969,1,2,22.2014
7434,3,843.095,3,888.969,0,1,22.197
7435,3,843.095,3,888.969,0,0,22.1925
7436,3,843.095,3,886.74,3,2,22.1881
7437,3,843.095,3,886.74,1,2,22.1836
7438,3,843.095,3,886.74,0,2,22.1792
7439,3,843.095,3,886.74,1,3,22.1748
7440,3,843.095,3,886.74,3,2,22.1703
7441,3,843.095,3,882.989,3,2,22.1659
7442,3,843.095,3,882.989,2,2,22.1615
7443,3,843.095,3,882.989,0,3,22.157
7444,3,843.095,3,882.522,4,2,22.1526
7445,3,843.095,3,882.522,0,1,22.1482
7446,3,843.095,3,887.429,4,0,22.1437
7447,3,843.095,3,885.687,4,0,22.1393
7448,3,843.095,3,885.925,2,0,22.1349
7449,3,843.095,3,889.79,2,3,22.1305
7450,3,843.095,3,889.79,1,3,22.126
7451,3,843.095,3,889.323,4,1,22.1216
7452,3,843.095,3,900.807,1,3,22.1172
7453,3,843.095,3,900.807,1,1,22.1128
7454,3,843.095,3,896.891,2,3,22.1083
7455,3,843.095,3,896.891,1,3,22.1039
7456,3,843.095,3,892.954,2,3,22.0995
7457,3,843.095,3,892.954,1,1,22.0951
7458,3,843.095,3,892.954,2,0,22.0907
7459,3,843.095,3,895.054,0,3,22.0862
7460,3,843.095,3,895.054,1,1,22.0818
7461,3,843.095,3,895.054,1,1,22.0774
7462,3,843.095,3,895.054,3,0,22.073
7463,3,843.095,3,891.966,4,1,22.0686
7464,3,843.095,3,891.966,0,1,22.0642
7465,3,843.095,3,891.966,2,2,22.0597
7466,3,843.095,3,889.375,4,1,22.0553
7467,3,843.095,3,890.676,4,2,22.0509
7468,3,843.095,3,888.836,0,3,22.0465
7469,3,843.095,3,888.836,0,2,22.0421
7470,3,843.095,3,892.614,0,3,22.0377
7471,3,843.095,3,892.614,1,3,22.0333
7472,3,843.095,3,892.614,1,1,22.0289
7473,3,843.095,3,892.148,3,1,22.0245
7474,3,843.095,3,880.949,2,2,22.0201
7475,3,843.095,3,880.687,0,3,22.0157
7476,3,843.095,3,879.422,0,3,22.0113
7477,3,843.095,3,879.422,4,1,22.0069
7478,3,843.095,3,896.273,1,3,22.0025
7479,3,843.095,3,897.932,1,3,21.9981
7480,3,843.095,3,892.848,4,0,21.9937
7481,3,843.095,3,893.08,4,2,21.9893
7482,3,843.095,3,897.191,0,0,21.9849
7483,3,843.095,3,897.191,1,2,21.9805
7484,3,843.095,3,893.067,0,2,21.9761
7485,3,843.095,3,879.398,3,1,21.9717
7486,3,843.095,3,883.72,4,2,21.9673
7487,3,843.095,3,883.72,4,2,21.9629
7488,3,843.095,3,888.121,2,0,21.9585
7489,3,843.095,3,885.788,0,2,21.9541
7490,3,843.095,3,885.788,2,0,21.9497
7491,3,843.095,3,875.584,0,0,21.9453
7492,3,843.095,3,874.676,0,3,21.9409
7493,3,843.095,3,880.285,3,2,21.9365
7494,3,843.095,3,879.089,4,1,21.9322
7495,3,843.095,3,879.089,4,2,21.9278
7496,3,843.095,3,879.089,0,1,21.9234
7497,3,843.095,3,879.089,2,0,21.919
7498,3,843.095,3,892.41,1,3,21.9146
7499,3,843.095,3,890.643,0,0,21.9102
7500,3,843.095,3,891.077,0,0,21.9059
7501,3,843.095,3,887.989,0,1,21.9015
7502,3,843.095,3,887.989,1,0,21.8971
7503,3,843.095,3,887.989,4,0,21.8927
7504,3,843.095,3,887.989,0,1,21.8883
7505,3,843.095,3,887.989,3,1,21.884
7506,3,843.095,3,886.477,3,2,21.8796
7507,3,843.095,3,886.477,1,2,21.8752
7508,3,843.095,3,886.477,4,1,21.8708
7509,3,843.095,3,886.044,4,3,21.8665
7510,3,843.095,3,886.044,4,1,21.8621
7511,3,843.095,3,880.416,0,3,21.8577
7512,3,843.095,3,880.416,4,1,21.8533
7513,3,843.095,3,880.416,3,1,21.849
7514,3,843.095,3,887.683,4,2,21.8446
7515,3,843.095,3,887.683,4,0,21.8402
7516,3,843.095,3,887.683,2,3,21.8359
7517,3,843.095,3,887.683,4,2,21.8315
7518,3,843.095,3,887.683,2,0,21.8271
7519,3,843.095,3,899.403,2,3,21.8228
7520,3,843.095,3,905.596,2,2,21.8184
7521,3,843.095,3,901.801,4,0,21.814
7522,3,843.095,3,901.801,1,0,21.8097
7523,3,843.095,3,900.592,2,2,21.8053
7524,3,843.095,3,900.592,4,3,21.8009
7525,3,843.095,3,900.592,0,2,21.7966
7526,3,843.095,3,900.592,0,1,21.7922
7527,3,843.095,3,900.592,1,1,21.7879
7528,3,843.095,3,900.126,2,1,21.7835
7529,3,843.095,3,908.291,2,0,21.7792
7530,3,843.095,3,908.291,4,3,21.7748
7531,3,843.095,3,908.291,4,1,21.7704
7532,3,843.095,3,905.662,3,2,21.7661
7533,3,843.095,3,905.662,1,0,21.7617
7534,3,843.095,3,905.662,2,3,21.7574
7535,3,843.095,3,897.632,0,1,21.753
7536,3,843.095,3,897.463,4,1,21.7487
7537,3,843.095,3,896.886,4,0,21.7443
7538,3,843.095,3,896.886,2,1,21.74
7539,3,843.095,3,894.536,4,1,21.7356
7540,3,843.095,3,894.536,0,2,21.7313
7541,3,843.095,3,880.808,2,2,21.7269
7542,3,843.095,3,883.78,2,0,21.7226
7543,3,843.095,3,879.399,2,1,21.7182
7544,3,843.095,3,879.399,1,1,21.7139
7545,3,843.095,3,879.399,4,3,21.7096
7546,3,843.095,3,879.399,0,1,21.7052
7547,3,843.095,3,879.399,2,2,21.7009
7548,3,843.095,3,879.399,1,0,21.6965
7549,3,843.095,3,879.399,0,0,21.6922
7550,3,843.095,3,879.399,3,1,21.6879
7551,3,843.095,3,879.399,1,2,21.6835
7552,3,843.095,3,879.399,4,2,21.6792
7553,3,843.095,3,879.399,4,1,21.6749
7554,3,843.095,3,879.399,1,3,21.6705
7555,3,843.095,3,879.399,3,1,21.6662
7556,3,843.095,3,879.399,1,0,21.6618
7557,3,843.095,3,872.862,2,2,21.6575
7558,3,843.095,3,872.143,3,3,21.6532
7559,3,843.095,3,872.143,0,1,21.6489
7560,3,843.095,3,872.143,3,2,21.6445
7561,3,843.095,3,872.143,1,2,21.6402
7562,3,843.095,3,872.143,4,3,21.6359
7563,3,843.095,3,867.236,0,1,21.6315
7564,3,843.095,3,867.236,4,2,21.6272
7565,3,843.095,3,865.924,2,0,21.6229
7566,3,843.095,3,865.924,2,1,21.6186
7567,3,843.095,3,865.924,4,2,21.6142
7568,3,843.095,3,862.093,2,1,21.6099
7569,3,843.095,3,862.093,3,2,21.6056
7570,3,843.095,3,862.093,1,0,21.6013
7571,3,843.095,3,862.093,4,0,21.597
7572,3,843.095,3,862.093,2,0,21.5926
7573,3,843.095,3,862.093,3,3,21.5883
7574,3,843.095,3,858.102,3,3,21.584
7575,3,843.095,3,858.102,4,3,21.5797
7576,3,843.095,3,858.102,1,1,21.5754
7577,3,843.095,3,858.102,2,1,21.5711
7578,3,843.095,3,858.102,1,0,21.5667
7579,3,843.095,3,858.102,1,1,21.5624
7580,3,843.095,3,858.102,2,3,21.5581
7581,3,843.095,3,858.102,1,2,21.5538
7582,3,843.095,3,862.5,4,3,21.5495
7583,3,843.095,3,862.5,0,2,21.5452
7584,3,843.095,3,862.591,3,3,21.5409
7585,3,843.095,3,862.908,4,0,21.5366
7586,3,843.095,3,863.213,4,3,21.5323
7587,3,843.095,3,858.815,2,0,21.5279
7588,3,843.095,3,859.58,4,3,21.5236
7589,3,843.095,3,870.961,2,3,21.5193
7590,3,843.095,3,871.502,0,3,21.515
7591,3,843.095,3,870.432,4,1,21.5107
7592,3,843.095,3,870.263,2,3,21.5064
7593,3,843.095,3,870.263,4,1,21.5021
7594,3,843.095,3,867.248,3,3,21.4978
7595,3,843.095,3,867.248,4,0,21.4935
7596,3,843.095,3,867.248,2,1,21.4892
7597,3,843.095,3,858.51,3,1,21.4849
7598,3,843.095,3,858.193,0,1,21.4806
7599,3,843.095,3,858.498,3,3,21.4763
7600,3,843.095,3,858.498,3,2,21.472
7601,3,843.095,3,858.498,1,2,21.4677
7602,3,843.095,3,860.797,4,3,21.4635
7603,3,843.095,3,860.797,3,1,21.4592
7604,3,843.095,3,862.236,2,1,21.4549
7605,3,843.095,3,862.236,1,2,21.4506
7606,3,843.095,3,862.236,0,0,21.4463
7607,3,843.095,3,861.357,0,2,21.442
7608,3,843.095,3,867.74,0,0,21.4377
7609,3,843.095,3,867.436,0,1,21.4334
7610,3,843.095,3,867.436,4,1,21.4291
7611,3,843.095,3,867.436,3,0,21.4249
7612,3,843.095,3,867.436,0,1,21.4206
7613,3,843.095,3,861.053,2,2,21.4163
7614,3,843.095,3,859.614,2,0,21.412
7615,3,843.095,3,859.614,2,1,21.4077
7616,3,843.095,3,859.614,2,0,21.4034
7617,3,843.095,3,859.614,0,1,21.3992
7618,3,843.095,3,859.614,2,2,21.3949
7619,3,843.095,3,859.614,1,2,21.3906
7620,3,843.095,3,859.614,4,3,21.3863
7621,3,843.095,3,859.614,1,1,21.382
7622,3,843.095,3,859.614,1,2,21.3778
7623,3,843.095,3,859.614,3,3,21.3735
7624,3,843.095,3,861.053,3,2,21.3692
7625,3,843.095,3,870.196,0,3,21.3649
7626,3,843.095,3,872.807,4,0,21.3607
7627,3,843.095,3,872.807,1,3,21.3564
7628,3,843.095,3,872.807,2,0,21.3521
7629,3,843.095,3,873.686,3,0,21.3479
7630,3,843.095,3,872.807,4,0,21.3436
7631,3,843.095,3,872.807,3,2,21.3393
7632,3,843.095,3,872.807,1,3,21.335
7633,3,843.095,3,867.504,3,2,21.3308
7634,3,843.095,3,867.504,1,3,21.3265
7635,3,843.095,3,865.04,2,2,21.3222
7636,3,843.095,3,865.04,1,0,21.318
7637,3,843.095,3,865.04,2,0,21.3137
7638,3,843.095,3,865.04,0,1,21.3095
7639,3,843.095,3,865.04,1,3,21.3052
7640,3,843.095,3,865.04,0,2,21.3009
7641,3,843.095,3,865.04,3,3,21.2967
7642,3,843.095,3,863.097,0,2,21.2924
7643,3,843.095,3,863.266,4,2,21.2882
7644,3,843.095,3,863.266,3,2,21.2839
7645,3,843.095,3,863.266,3,1,21.2796
7646,3,843.095,3,863.266,3,0,21.2754
7647,3,843.095,3,862.95,4,3,21.2711
7648,3,843.095,3,862.95,3,0,21.2669
7649,3,843.095,3,863.315,3,3,21.2626
7650,3,843.095,3,862.04,4,0,21.2584
7651,3,843.095,3,862.04,2,1,21.2541
7652,3,843.095,3,862.04,2,2,21.2499
7653,3,843.095,3,869.498,3,0,21.2456
7654,3,843.095,3,869.498,4,0,21.2414
7655,3,843.095,3,869.815,0,0,21.2371
7656,3,843.095,3,871.215,3,1,21.2329
7657,3,843.095,3,871.215,3,3,21.2286
7658,3,843.095,3,871.215,4,3,21.2244
7659,3,843.095,3,866.308,2,2,21.2201
7660,3,843.095,3,866.406,3,2,21.2159
7661,3,843.095,3,859.241,2,3,21.2116
7662,3,843.095,3,859.241,3,2,21.2074
7663,3,843.095,3,859.072,2,0,21.2032
7664,3,843.095,3,857.672,2,0,21.1989
7665,3,843.095,3,857.672,1,2,21.1947
7666,3,843.095,3,857.672,2,3,21.1904
7667,3,843.095,3,857.672,2,2,21.1862
7668,3,843.095,3,857.672,4,2,21.182
7669,3,843.095,3,857.672,3,1,21.1777
7670,3,843.095,3,857.672,3,2,21.1735
7671,3,843.095,3,857.355,4,1,21.1693
7672,3,843.095,3,857.525,4,3,21.165
7673,3,843.095,3,857.525,2,0,21.1608
7674,3,843.095,3,857.525,0,1,21.1566
7675,3,843.095,3,857.525,0,2,21.1523
7676,3,843.095,3,857.525,0,1,21.1481
7677,3,843.095,3,857.525,1,2,21.1439
7678,3,843.095,3,857.525,1,3,21.1396
7679,3,843.095,3,857.525,0,3,21.1354
7680,3,843.095,3,857.525,2,1,21.1312
7681,3,843.095,3,857.525,3,2,21.127
7682,3,843.095,3,857.525,4,0,21.1227
7683,3,843.095,3,857.525,0,3,21.1185
7684,3,843.095,3,863.539,0,3,21.1143
7685,3,843.095,3,863.335,0,1,21.1101
7686,3,843.095,3,868.888,0,0,21.1058
7687,3,843.095,3,863.335,4,0,21.1016
7688,3,843.095,3,863.335,1,0,21.0974
7689,3,843.095,3,864.009,2,2,21.0932
7690,3,843.095,3,864.009,0,0,21.089
7691,3,843.095,3,864.245,0,0,21.0847
7692,3,843.095,3,864.245,0,0,21.0805
7693,3,843.095,3,864.076,3,1,21.0763
7694,3,843.095,3,864.076,1,2,21.0721
7695,3,843.095,3,863.84,2,2,21.0679
7696,3,843.095,3,863.84,4,1,21.0637
7697,3,843.095,3,863.84,1,2,21.0595
7698,3,843.095,3,863.84,2,3,21.0552
7699,3,843.095,3,863.84,4,0,21.051
7700,3,843.095,3,863.84,4,2,21.0468
7701,3,843.095,3,863.84,4,1,21.0426
7702,3,843.095,3,863.84,0,3,21.0384
7703,3,843.095,3,863.84,1,0,21.0342
7704,3,843.095,3,863.84,1,2,21.03
7705,3,843.095,3,863.84,4,1,21.0258
7706,3,843.095,3,863.84,1,1,21.0216
7707,3,843.095,3,863.84,2,1,21.0174
7708,3,843.095,3,863.84,2,3,21.0132
7709,3,843.095,3,863.84,2,1,21.009
7710,3,843.095,3,863.84,4,1,21.0048
7711,3,843.095,3,863.84,4,0,21.0006
7712,3,843.095,3,863.84,2,0,20.9964
7713,3,843.095,3,864.392,3,3,20.9922
7714,3,843.095,3,864.392,1,3,20.988
7715,3,843.095,3,864.392,2,3,20.9838
7716,3,843.095,3,859.697,4,2,20.9796
7717,3,843.095,3,874.79,3,2,20.9754
7718,3,843.095,3,874.134,2,2,20.9712
7719,3,843.095,3,874.134,2,1,20.967
7720,3,843.095,3,876.471,3,3,20.9628
7721,3,843.095,3,868.781,4,2,20.9586
7722,3,843.095,3,868.781,1,3,20.9544
7723,3,843.095,3,862.034,0,2,20.9502
7724,3,843.095,3,861.717,4,0,20.946
7725,3,843.095,3,863.156,3,3,20.9418
7726,3,843.095,3,863.156,0,3,20.9377
7727,3,843.095,3,863.156,4,1,20.9335
7728,3,843.095,3,865.708,3,0,20.9293
7729,3,843.095,3,863.541,3,2,20.9251
7730,3,843.095,3,863.541,0,1,20.9209
7731,3,843.095,3,863.541,0,0,20.9167
7732,3,843.095,3,864.25,3,0,20.9125
7733,3,843.095,3,864.486,0,0,20.9084
7734,3,843.095,3,864.486,1,0,20.9042
7735,3,843.095,3,864.486,4,3,20.9
7736,3,843.095,3,864.486,1,2,20.8958
7737,3,843.095,3,864.486,1,3,20.8916
7738,3,843.095,3,861.698,0,2,20.8875
7739,3,843.095,3,860.988,3,3,20.8833
7740,3,843.095,3,860.988,2,1,20.8791
7741,3,843.095,3,860.988,1,0,20.8749
7742,3,843.095,3,861.224,0,2,20.8708
7743,3,843.095,3,860.988,4,0,20.8666
7744,3,843.095,3,864.923,3,3,20.8624
7745,3,843.095,3,860.988,2,2,20.8582
7746,3,843.095,3,862.634,4,3,20.8541
7747,3,843.095,3,861.226,4,3,20.8499
7748,3,843.095,3,861.226,4,2,20.8457
7749,3,843.095,3,861.226,2,0,20.8416
7750,3,843.095,3,861.226,4,2,20.8374
7751,3,843.095,3,860.557,4,0,20.8332
7752,3,843.095,3,868.779,4,0,20.8291
7753,3,843.095,3,868.779,2,0,20.8249
7754,3,843.095,3,868.779,2,3,20.8207
7755,3,843.095,3,868.779,1,0,20.8166
7756,3,843.095,3,868.948,4,3,20.8124
7757,3,843.095,3,868.948,4,2,20.8082
7758,3,843.095,3,868.948,3,0,20.8041
7759,3,843.095,3,871.285,4,3,20.7999
7760,3,843.095,3,871.285,1,0,20.7957
7761,3,843.095,3,862.894,0,3,20.7916
7762,3,843.095,3,862.894,0,0,20.7874
7763,3,843.095,3,862.163,0,3,20.7833
7764,3,843.095,3,862.163,4,1,20.7791
7765,3,843.095,3,862.163,3,1,20.775
7766,3,843.095,3,863.563,0,3,20.7708
7767,3,843.095,3,862.163,2,0,20.7667
7768,3,843.095,3,860.725,4,1,20.7625
7769,3,843.095,3,860.725,4,0,20.7583
7770,3,843.095,3,859.533,0,1,20.7542
7771,3,843.095,3,859.533,4,2,20.75
7772,3,843.095,3,872.28,2,0,20.7459
7773,3,843.095,3,872.28,2,0,20.7417
7774,3,843.095,3,872.28,1,1,20.7376
7775,3,843.095,3,869.93,0,2,20.7334
7776,3,843.095,3,869.93,1,3,20.7293
7777,3,843.095,3,869.93,1,0,20.7252
7778,3,843.095,3,869.93,3,1,20.721
7779,3,843.095,3,869.93,4,0,20.7169
7780,3,843.095,3,869.93,3,0,20.7127
7781,3,843.095,3,869.761,2,2,20.7086
7782,3,843.095,3,869.761,1,2,20.7044
7783,3,843.095,3,869.761,2,1,20.7003
7784,3,843.095,3,862.546,0,3,20.6962
7785,3,843.095,3,862.546,1,2,20.692
7786,3,843.095,3,859.533,3,3,20.6879
7787,3,843.095,3,859.533,2,1,20.6837
7788,3,843.095,3,859.364,2,0,20.6796
7789,3,843.095,3,859.364,1,0,20.6755
7790,3,843.095,3,859.364,2,0,20.6713
7791,3,843.095,3,859.364,1,1,20.6672
7792,3,843.095,3,865.175,0,2,20.6631
7793,3,843.095,3,865.175,1,0,20.6589
7794,3,843.095,3,867.529,4,0,20.6548
7795,3,843.095,3,867.529,2,0,20.6507
7796,3,843.095,3,867.529,0,1,20.6465
7797,3,843.095,3,861.717,3,1,20.6424
7798,3,843.095,3,861.717,1,3,20.6383
7799,3,843.095,3,861.717,0,0,20.6342
7800,3,843.095,3,861.717,1,1,20.63
7801,3,843.095,3,859.697,3,2,20.6259
7802,3,843.095,3,859.697,1,0,20.6218
7803,3,843.095,3,859.697,1,2,20.6177
7804,3,843.095,3,859.697,1,3,20.6135
7805,3,843.095,3,859.697,2,2,20.6094
7806,3,843.095,3,859.697,0,2,20.6053
7807,3,843.095,3,859.697,4,1,20.6012
7808,3,843.095,3,860.083,0,0,20.597
7809,3,843.095,3,863.333,0,0,20.5929
7810,3,843.095,3,863.333,1,0,20.5888
7811,3,843.095,3,863.333,4,3,20.5847
7812,3,843.095,3,865.669,3,0,20.5806
7813,3,843.095,3,865.669,1,3,20.5765
7814,3,843.095,3,865.283,2,3,20.5723
7815,3,843.095,3,866.532,2,3,20.5682
7816,3,843.095,3,866.532,0,2,20.5641
7817,3,843.095,3,866.532,2,2,20.56
7818,3,843.095,3,860.771,4,1,20.5559
7819,3,843.095,3,860.455,3,3,20.5518
7820,3,843.095,3,860.771,3,0,20.5477
7821,3,843.095,3,860.771,1,1,20.5436
7822,3,843.095,3,860.771,2,0,20.5394
7823,3,843.095,3,860.771,2,3,20.5353
7824,3,843.095,3,864.216,3,2,20.5312
7825,3,843.095,3,863.264,3,3,20.5271
7826,3,843.095,3,863.264,2,0,20.523
7827,3,843.095,3,863.264,2,0,20.5189
7828,3,843.095,3,863.264,1,2,20.5148
7829,3,843.095,3,869.182,3,0,20.5107
7830,3,843.095,3,869.182,1,0,20.5066
7831,3,843.095,3,865.573,0,3,20.5025
7832,3,843.095,3,865.573,1,1,20.4984
7833,3,843.095,3,862.948,2,1,20.4943
7834,3,843.095,3,865.726,4,3,20.4902
7835,3,843.095,3,869.209,4,3,20.4861
7836,3,843.095,3,867.013,3,2,20.482
7837,3,843.095,3,867.013,0,1,20.4779
7838,3,843.095,3,867.013,2,1,20.4738
7839,3,843.095,3,867.013,1,0,20.4697
7840,3,843.095,3,867.013,1,1,20.4656
7841,3,843.095,3,866.545,0,3,20.4615
7842,3,843.095,3,866.545,3,1,20.4574
7843,3,843.095,3,866.545,1,2,20.4534
7844,3,843.095,3,865.026,4,1,20.4493
7845,3,843.095,3,860.831,2,1,20.4452
7846,3,843.095,3,860.831,1,1,20.4411
7847,3,843.095,3,860.831,4,0,20.437
7848,3,843.095,3,860.831,2,1,20.4329
7849,3,843.095,3,860.831,2,3,20.4288
7850,3,843.095,3,860.831,1,0,20.4247
7851,3,843.095,3,860.831,2,1,20.4207
7852,3,843.095,3,860.831,1,2,20.4166
7853,3,843.095,3,861.148,0,2,20.4125
7854,3,843.095,3,874.396,4,1,20.4084
7855,3,843.095,3,874.396,0,3,20.4043
7856,3,843.095,3,871.723,4,0,20.4002
7857,3,843.095,3,871.723,4,0,20.3962
7858,3,843.095,3,897.128,2,0,20.3921
7859,3,843.095,3,897.302,2,3,20.388
7860,3,843.095,3,890.383,3,1,20.3839
7861,3,843.095,3,890.383,1,0,20.3798
7862,3,843.095,3,879.491,0,1,20.3758
7863,3,843.095,3,879.491,0,2,20.3717
7864,3,843.095,3,879.491,4,2,20.3676
7865,3,843.095,3,879.491,3,2,20.3635
7866,3,843.095,3,873.501,2,0,20.3595
7867,3,843.095,3,883.033,2,1,20.3554
7868,3,843.095,3,883.872,4,3,20.3513
7869,3,843.095,3,907.102,1,3,20.3473
7870,3,843.095,3,905.707,4,2,20.3432
7871,3,843.095,3,894.517,3,2,20.3391
7872,3,843.095,3,894.517,4,0,20.3351
7873,3,843.095,3,868.529,3,1,20.331
7874,3,843.095,3,864.353,0,1,20.3269
7875,3,843.095,3,864.353,1,3,20.3229
7876,3,843.095,3,864.353,0,1,20.3188
7877,3,843.095,3,861.7,0,1,20.3147
7878,3,843.095,3,861.7,1,1,20.3107
7879,3,843.095,3,861.7,1,2,20.3066
7880,3,843.095,3,858.507,3,0,20.3025
7881,3,843.095,3,858.507,0,3,20.2985
7882,3,843.095,3,853.822,2,1,20.2944
7883,3,843.095,3,853.822,3,2,20.2904
7884,3,843.095,3,853.822,2,3,20.2863
7885,3,843.095,3,853.822,4,0,20.2822
7886,3,843.095,3,870.947,3,2,20.2782
7887,3,843.095,3,855.038,2,1,20.2741
7888,3,843.095,3,856.288,0,2,20.2701
7889,3,843.095,3,856.288,2,0,20.266
7890,3,843.095,3,856.288,0,3,20.262
7891,3,843.095,3,856.288,1,1,20.2579
7892,3,843.095,3,856.604,3,2,20.2539
7893,3,843.095,3,856.604,0,1,20.2498
7894,3,843.095,3,859.23,2,3,20.2458
7895,3,843.095,3,859.399,3,3,20.2417
7896,3,843.095,3,856.773,2,0,20.2377
7897,3,843.095,3,856.773,2,3,20.2336
7898,3,843.095,3,856.773,3,0,20.2296
7899,3,843.095,3,856.773,4,1,20.2255
7900,3,843.095,3,856.773,2,2,20.2215
7901,3,843.095,3,856.773,4,2,20.2174
7902,3,843.095,3,856.604,4,2,20.2134
7903,3,843.095,3,856.604,3,2,20.2094
7904,3,843.095,3,856.604,1,3,20.2053
7905,3,843.095,3,856.604,3,0,20.2013
7906,3,843.095,3,856.604,3,1,20.1972
7907,3,843.095,3,856.288,0,1,20.1932
7908,3,843.095,3,856.288,0,0,20.1892
7909,3,843.095,3,858.913,2,3,20.1851
7910,3,843.095,3,858.913,0,3,20.1811
7911,3,843.095,3,859.48,3,2,20.177
7912,3,843.095,3,859.48,3,3,20.173
7913,3,843.095,3,859.48,0,2,20.169
7914,3,843.095,3,859.48,3,3,20.1649
7915,3,843.095,3,859.48,2,2,20.1609
7916,3,843.095,3,859.48,3,2,20.1569
7917,3,843.095,3,859.48,0,1,20.1528
7918,3,843.095,3,859.48,0,1,20.1488
7919,3,843.095,3,859.48,0,0,20.1448
7920,3,843.095,3,858.079,4,0,20.1408
7921,3,843.095,3,859.518,2,0,20.1367
7922,3,843.095,3,859.518,3,0,20.1327
7923,3,843.095,3,859.518,0,2,20.1287
7924,3,843.095,3,859.518,2,3,20.1246
7925,3,843.095,3,863.432,0,3,20.1206
7926,3,843.095,3,863.432,0,0,20.1166
7927,3,843.095,3,863.84,0,3,20.1126
7928,3,843.095,3,863.84,0,2,20.1086
7929,3,843.095,3,863.84,4,3,20.1045
7930,3,843.095,3,863.84,2,1,20.1005
7931,3,843.095,3,863.945,3,1,20.0965
7932,3,843.095,3,866.497,2,3,20.0925
7933,3,843.095,3,866.392,4,0,20.0885
7934,3,843.095,3,863.84,2,2,20.0844
7935,3,843.095,3,863.84,1,1,20.0804
7936,3,843.095,3,864.129,3,0,20.0764
7937,3,843.095,3,869.929,0,3,20.0724
7938,3,843.095,3,869.929,1,2,20.0684
7939,3,843.095,3,869.929,0,3,20.0644
7940,3,843.095,3,867.184,3,0,20.0603
7941,3,843.095,3,866.192,4,3,20.0563
7942,3,843.095,3,866.192,3,0,20.0523
7943,3,843.095,3,866.192,2,1,20.0483
7944,3,843.095,3,866.192,3,1,20.0443
7945,3,843.095,3,866.192,2,1,20.0403
7946,3,843.095,3,865.169,4,2,20.0363
7947,3,843.095,3,865.064,3,3,20.0323
7948,3,843.095,3,865.064,3,3,20.0283
7949,3,843.095,3,865.064,2,3,20.0243
7950,3,843.095,3,865.169,3,3,20.0203
7951,3,843.095,3,865.169,0,1,20.0163
7952,3,843.095,3,865.169,4,1,20.0123
7953,3,843.095,3,865.064,3,3,20.0083
7954,3,843.095,3,865.064,1,2,20.0042
7955,3,843.095,3,865.417,0,3,20.0002
7956,3,843.095,3,867.328,2,1,19.9962
7957,3,843.095,3,864.044,0,2,19.9922
7958,3,843.095,3,864.044,3,1,19.9883
7959,3,843.095,3,864.044,1,0,19.9843
7960,3,843.095,3,864.612,3,0,19.9803
7961,3,843.095,3,864.612,4,2,19.9763
7962,3,843.095,3,864.47,3,2,19.9723
7963,3,843.095,3,864.47,0,2,19.9683
7964,3,843.095,3,864.47,0,2,19.9643
7965,3,843.095,3,865.573,0,0,19.9603
7966,3,843.095,3,865.573,2,1,19.9563
7967,3,843.095,3,865.573,3,2,19.9523
7968,3,843.095,3,863.269,2,0,19.9483
7969,3,843.095,3,875.797,4,0,19.9443
7970,3,843.095,3,875.592,4,0,19.9403
7971,3,843.095,3,875.908,0,3,19.9363
7972,3,843.095,3,875.908,3,0,19.9324
7973,3,843.095,3,875.744,0,0,19.9284
7974,3,843.095,3,877.999,4,3,19.9244
7975,3,843.095,3,877.999,3,1,19.9204
7976,3,843.095,3,877.999,1,0,19.9164
7977,3,843.095,3,864.513,2,1,19.9124
7978,3,843.095,3,864.513,1,1,19.9084
7979,3,843.095,3,864.513,1,1,19.9045
7980,3,843.095,3,864.513,1,1,19.9005
7981,3,843.095,3,864.513,3,3,19.8965
7982,3,843.095,3,864.513,1,3,19.8925
7983,3,843.095,3,864.047,0,1,19.8885
7984,3,843.095,3,864.047,1,2,19.8846
7985,3,843.095,3,864.216,4,2,19.8806
7986,3,843.095,3,864.216,3,1,19.8766
7987,3,843.095,3,864.682,2,3,19.8726
7988,3,843.095,3,862.302,2,1,19.8687
7989,3,843.095,3,859.466,3,1,19.8647
7990,3,843.095,3,862.086,2,3,19.8607
7991,3,843.095,3,859.429,2,2,19.8567
7992,3,843.095,3,859.429,0,3,19.8528
7993,3,843.095,3,859.429,4,3,19.8488
7994,3,843.095,3,859.429,1,0,19.8448
7995,3,843.095,3,859.26,0,2,19.8409
7996,3,843.095,3,858.726,3,1,19.8369
7997,3,843.095,3,859.86,3,0,19.8329
7998,3,843.095,3,859.86,4,1,19.829
7999,3,843.095,3,859.86,2,3,19.825
8000,3,843.095,3,859.86,2,1,19.821
8001,3,843.095,3,859.86,4,2,19.8171
8002,3,843.095,3,859.86,2,1,19.8131
8003,3,843.095,3,859.86,0,2,19.8091
8004,3,843.095,3,860.326,2,0,19.8052
8005,3,843.095,3,860.326,0,2,19.8012
8006,3,843.095,3,859.999,4,2,19.7973
8007,3,843.095,3,859.999,2,0,19.7933
8008,3,843.095,3,859.999,0,1,19.7893
8009,3,843.095,3,859.532,3,3,19.7854
8010,3,843.095,3,858.726,2,1,19.7814
8011,3,843.095,3,858.726,0,1,19.7775
8012,3,843.095,3,858.726,1,1,19.7735
8013,3,843.095,3,858.726,1,1,19.7696
8014,3,843.095,3,858.726,3,1,19.7656
8015,3,843.095,3,858.409,3,2,19.7617
8016,3,843.095,3,858.409,0,3,19.7577
8017,3,843.095,3,858.409,2,0,19.7538
8018,3,843.095,3,860.202,3,2,19.7498
8019,3,843.095,3,856.325,3,2,19.7459
8020,3,843.095,3,870.885,2,3,19.7419
8021,3,843.095,3,870.885,0,0,19.738
8022,3,843.095,3,866.057,4,1,19.734
8023,3,843.095,3,898.413,0,3,19.7301
8024,3,843.095,3,898.413,0,1,19.7261
8025,3,843.095,3,895.788,2,3,19.7222
8026,3,843.095,3,895.788,2,3,19.7182
8027,3,843.095,3,895.529,4,1,19.7143
8028,3,843.095,3,894.215,2,0,19.7103
8029,3,843.095,3,894.215,3,1,19.7064
8030,3,843.095,3,894.215,0,1,19.7025
8031,3,843.095,3,863.396,2,1,19.6985
8032,3,843.095,3,863.396,4,0,19.6946
8033,3,843.095,3,865.413,3,3,19.6906
8034,3,843.095,3,872.68,0,3,19.6867
8035,3,843.095,3,874.08,3,1,19.6828
8036,3,843.095,3,874.08,1,0,19.6788
8037,3,843.095,3,874.824,4,3,19.6749
8038,3,843.095,3,872.294,3,2,19.671
8039,3,843.095,3,870.94,4,1,19.667
8040,3,843.095,3,857.687,4,3,19.6631
8041,3,843.095,3,857.687,1,3,19.6592
8042,3,843.095,3,857.687,1,0,19.6552
8043,3,843.095,3,858.153,2,3,19.6513
8044,3,843.095,3,858.153,4,0,19.6474
8045,3,843.095,3,863.079,3,3,19.6434
8046,3,843.095,3,860.058,3,2,19.6395
8047,3,843.095,3,860.058,4,0,19.6356
8048,3,843.095,3,857.926,4,2,19.6316
8049,3,843.095,3,857.926,4,3,19.6277
8050,3,843.095,3,857.926,1,1,19.6238
8051,3,843.095,3,857.926,0,3,19.6199
8052,3,843.095,3,854.474,3,1,19.6159
8053,3,843.095,3,854.474,2,0,19.612
8054,3,843.095,3,854.474,4,2,19.6081
8055,3,843.095,3,854.474,4,1,19.6042
8056,3,843.095,3,853.71,2,2,19.6003
8057,3,843.095,3,853.71,3,1,19.5963
8058,3,843.095,3,853.71,1,3,19.5924
8059,3,843.095,3,865.146,3,0,19.5885
8060,3,843.095,3,865.146,3,2,19.5846
8061,3,843.095,3,865.055,3,1,19.5807
8062,3,843.095,3,863.148,3,0,19.5767
8063,3,843.095,3,863.148,0,1,19.5728
8064,3,843.095,3,850.313,4,1,19.5689
8065,3,843.095,3,850.313,4,3,19.565
8066,3,843.095,3,850.313,1,2,19.5611
8067,3,843.095,3,851.563,3,2,19.5572
8068,3,843.095,3,851.563,0,1,19.5533
8069,3,843.095,3,851.563,3,0,19.5494
8070,3,843.095,3,851.563,3,3,19.5454
8071,3,843.095,3,851.563,3,2,19.5415
8072,3,843.095,3,851.563,3,1,19.5376
8073,3,843.095,3,851.563,2,1,19.5337
8074,3,843.095,3,851.879,3,3,19.5298
8075,3,843.095,3,851.879,1,2,19.5259
8076,3,843.095,3,851.879,2,0,19.522
8077,3,843.095,3,851.879,3,1,19.5181
8078,3,843.095,3,851.879,3,2,19.5142
8079,3,843.095,3,851.879,4,0,19.5103
8080,3,843.095,3,851.879,4,1,19.5064
8081,3,843.095,3,851.879,1,2,19.5025
8082,3,843.095,3,851.879,2,3,19.4986
8083,3,843.095,3,851.879,3,1,19.4947
8084,3,843.095,3,851.879,0,0,19.4908
8085,3,843.095,3,851.879,2,3,19.4869
8086,3,843.095,3,851.879,2,1,19.483
8087,3,843.095,3,851.879,4,2,19.4791
8088,3,843.095,3,851.879,3,0,19.4752
8089,3,843.095,3,851.879,1,2,19.4713
8090,3,843.095,3,851.879,1,3,19.4674
8091,3,843.095,3,851.879,1,2,19.4635
8092,3,843.095,3,851.879,1,2,19.4596
8093,3,843.095,3,851.879,2,2,19.4557
8094,3,843.095,3,851.879,1,1,19.4518
8095,3,843.095,3,852.502,0,2,19.448
8096,3,843.095,3,852.502,1,0,19.4441
8097,3,843.095,3,852.185,0,0,19.4402
8098,3,843.095,3,852.185,2,0,19.4363
8099,3,843.095,3,851.667,4,3,19.4324
8100,3,843.095,3,851.667,3,1,19.4285
8101,3,843.095,3,852.962,3,0,19.4246
8102,3,843.095,3,852.962,0,1,19.4207
8103,3,843.095,3,852.962,0,2,19.4169
8104,3,843.095,3,852.962,1,1,19.413
8105,3,843.095,3,853.279,4,2,19.4091
8106,3,843.095,3,855.975,2,3,19.4052
8107,3,843.095,3,855.975,1,0,19.4013
8108,3,843.095,3,855.975,1,1,19.3974
8109,3,843.095,3,855.975,1,2,19.3936
8110,3,843.095,3,855.975,3,2,19.3897
8111,3,843.095,3,855.975,4,0,19.3858
8112,3,843.095,3,857.374,0,2,19.3819
8113,3,843.095,3,860.891,3,0,19.3781
8114,3,843.095,3,860.891,1,1,19.3742
8115,3,843.095,3,861.165,2,2,19.3703
8116,3,843.095,3,861.165,1,1,19.3664
8117,3,843.095,3,861.165,1,2,19.3626
8118,3,843.095,3,860.699,3,2,19.3587
8119,3,843.095,3,856.708,3,2,19.3548
8120,3,843.095,3,856.708,1,2,19.3509
8121,3,843.095,3,856.708,1,3,19.3471
8122,3,843.095,3,856.708,4,2,19.3432
8123,3,843.095,3,856.708,1,3,19.3393
8124,3,843.095,3,857.226,4,0,19.3355
8125,3,843.095,3,857.226,4,1,19.3316
8126,3,843.095,3,857.226,4,3,19.3277
8127,3,843.095,3,857.226,1,1,19.3239
8128,3,843.095,3,857.226,1,3,19.32
8129,3,843.095,3,863.045,4,3,19.3161
8130,3,843.095,3,861.304,2,0,19.3123
8131,3,843.095,3,861.304,1,2,19.3084
8132,3,843.095,3,861.304,1,2,19.3046
8133,3,843.095,3,861.304,3,1,19.3007
8134,3,843.095,3,864.091,2,0,19.2968
8135,3,843.095,3,864.091,1,1,19.293
8136,3,843.095,3,864.091,3,0,19.2891
8137,3,843.095,3,856.102,2,2,19.2853
8138,3,843.095,3,858.727,2,3,19.2814
8139,3,843.095,3,858.727,1,3,19.2775
8140,3,843.095,3,858.727,1,0,19.2737
8141,3,843.095,3,858.424,3,0,19.2698
8142,3,843.095,3,856.011,2,3,19.266
8143,3,843.095,3,858.655,3,3,19.2621
8144,3,843.095,3,858.655,0,1,19.2583
8145,3,843.095,3,858.655,1,3,19.2544
8146,3,843.095,3,860.055,2,1,19.2506
8147,3,843.095,3,860.055,1,1,19.2467
8148,3,843.095,3,860.521,2,0,19.2429
8149,3,843.095,3,859.929,3,2,19.239
8150,3,843.095,3,860.21,0,3,19.2352
8151,3,843.095,3,859.476,4,1,19.2313
8152,3,843.095,3,894.11,1,0,19.2275
8153,3,843.095,3,899.403,3,0,19.2236
8154,3,843.095,3,890.145,2,2,19.2198
8155,3,843.095,3,887.612,4,2,19.2159
8156,3,843.095,3,879.161,2,2,19.2121
8157,3,843.095,3,878.873,0,3,19.2083
8158,3,843.095,3,878.054,2,1,19.2044
8159,3,843.095,3,878.054,3,1,19.2006
8160,3,843.095,3,877.44,2,2,19.1967
8161,3,843.095,3,877.44,2,1,19.1929
8162,3,843.095,3,875.009,4,2,19.1891
8163,3,843.095,3,875.009,0,1,19.1852
8164,3,843.095,3,874.783,4,2,19.1814
8165,3,843.095,3,874.783,1,3,19.1776
8166,3,843.095,3,874.783,1,3,19.1737
8167,3,843.095,3,874.783,2,2,19.1699
8168,3,843.095,3,874.783,1,2,19.166
8169,3,843.095,3,875.227,0,0,19.1622
8170,3,843.095,3,859.166,3,1,19.1584
8171,3,843.095,3,859.166,3,1,19.1546
8172,3,843.095,3,859.166,1,1,19.1507
8173,3,843.095,3,859.166,0,0,19.1469
8174,3,843.095,3,861.294,4,3,19.1431
8175,3,843.095,3,860.519,0,2,19.1392
8176,3,843.095,3,860.519,2,1,19.1354
8177,3,843.095,3,872.135,2,0,19.1316
8178,3,843.095,3,868.7,0,2,19.1278
8179,3,843.095,3,861.919,4,1,19.1239
8180,3,843.095,3,861.919,2,3,19.1201
8181,3,843.095,3,861.919,3,0,19.1163
8182,3,843.095,3,861.919,3,3,19.1125
8183,3,843.095,3,862.934,4,0,19.1086
8184,3,843.095,3,862.934,3,3,19.1048
8185,3,843.095,3,862.934,3,3,19.101
8186,3,843.095,3,861.802,2,0,19.0972
8187,3,843.095,3,861.802,2,0,19.0933
8188,3,843.095,3,861.802,3,3,19.0895
8189,3,843.095,3,861.802,0,1,19.0857
8190,3,843.095,3,861.336,3,1,19.0819
8191,3,843.095,3,861.336,2,1,19.0781
8192,3,843.095,3,861.802,2,3,19.0743
8193,3,843.095,3,861.802,2,0,19.0704
8194,3,843.095,3,869.295,2,3,19.0666
8195,3,843.095,3,879.393,2,2,19.0628
8196,3,843.095,3,885.495,4,3,19.059
8197,3,843.095,3,885.495,1,0,19.0552
8198,3,843.095,3,885.495,4,3,19.0514
8199,3,843.095,3,880.427,3,1,19.0476
8200,3,843.095,3,879.96,0,1,19.0438
8201,3,843.095,3,879.96,0,2,19.04
8202,3,843.095,3,880.288,0,3,19.0361
8203,3,843.095,3,880.288,1,2,19.0323
8204,3,843.095,3,880.288,2,3,19.0285
8205,3,843.095,3,864.098,2,1,19.0247
8206,3,843.095,3,867.134,4,3,19.0209
8207,3,843.095,3,864.009,0,1,19.0171
8208,3,843.095,3,859.102,3,0,19.0133
8209,3,843.095,3,859.102,0,1,19.0095
8210,3,843.095,3,859.102,3,2,19.0057
8211,3,843.095,3,859.102,3,2,19.0019
8212,3,843.095,3,859.102,0,1,18.9981
8213,3,843.095,3,859.408,2,3,18.9943
8214,3,843.095,3,859.408,3,0,18.9905
8215,3,843.095,3,859.408,1,0,18.9867
8216,3,843.095,3,859.408,1,3,18.9829
8217,3,843.095,3,859.408,0,0,18.9791
8218,3,843.095,3,859.408,1,2,18.9753
8219,3,843.095,3,856.856,2,2,18.9715
8220,3,843.095,3,855.334,0,0,18.9677
8221,3,843.095,3,855.334,3,2,18.9639
8222,3,843.095,3,859.807,4,2,18.9601
8223,3,843.095,3,859.807,4,1,18.9564
8224,3,843.095,3,859.807,1,0,18.9526
8225,3,843.095,3,855.334,4,1,18.9488
8226,3,843.095,3,855.334,0,1,18.945
8227,3,843.095,3,855.098,3,3,18.9412
8228,3,843.095,3,855.098,0,0,18.9374
8229,3,843.095,3,860.7,3,0,18.9336
8230,3,843.095,3,860.7,1,1,18.9298
8231,3,843.095,3,860.7,3,2,18.926
8232,3,843.095,3,860.7,0,3,18.9223
8233,3,843.095,3,862.367,0,0,18.9185
8234,3,843.095,3,862.367,1,3,18.9147
8235,3,843.095,3,862.367,0,0,18.9109
8236,3,843.095,3,862.367,2,0,18.9071
8237,3,843.095,3,862.367,1,0,18.9033
8238,3,843.095,3,862.367,0,1,18.8996
8239,3,843.095,3,862.367,1,0,18.8958
8240,3,843.095,3,862.367,0,2,18.892
8241,3,843.095,3,862.367,3,2,18.8882
8242,3,843.095,3,859.31,4,1,18.8845
8243,3,843.095,3,859.31,1,2,18.8807
8244,3,843.095,3,857.871,2,1,18.8769
8245,3,843.095,3,857.871,0,0,18.8731
8246,3,843.095,3,857.852,0,3,18.8693
8247,3,843.095,3,861.572,0,0,18.8656
8248,3,843.095,3,861.451,4,2,18.8618
8249,3,843.095,3,861.451,4,3,18.858
8250,3,843.095,3,855.338,0,2,18.8543
8251,3,843.095,3,855.338,3,2,18.8505
8252,3,843.095,3,858.024,2,2,18.8467
8253,3,843.095,3,855.648,2,2,18.8429
8254,3,843.095,3,854.078,4,2,18.8392
8255,3,843.095,3,854.078,2,2,18.8354
8256,3,843.095,3,851.811,4,2,18.8316
8257,3,843.095,3,851.811,2,1,18.8279
8258,3,843.095,3,853.21,4,1,18.8241
8259,3,843.095,3,853.21,0,3,18.8203
8260,3,843.095,3,853.21,1,3,18.8166
8261,3,843.095,3,853.677,2,0,18.8128
8262,3,843.095,3,853.677,4,2,18.8091
8263,3,843.095,3,853.677,1,2,18.8053
8264,3,843.095,3,853.993,4,3,18.8015
8265,3,843.095,3,854.104,0,2,18.7978
8266,3,843.095,3,854.104,1,3,18.794
8267,3,843.095,3,853.321,0,0,18.7903
8268,3,843.095,3,853.321,0,0,18.7865
8269,3,843.095,3,853.787,2,0,18.7827
8270,3,843.095,3,853.787,0,3,18.779
8271,3,843.095,3,853.787,2,0,18.7752
8272,3,843.095,3,853.787,0,0,18.7715
8273,3,843.095,3,853.787,1,2,18.7677
8274,3,843.095,3,853.787,3,0,18.764
8275,3,843.095,3,853.787,2,2,18.7602
8276,3,843.095,3,853.787,2,3,18.7565
8277,3,843.095,3,853.787,0,1,18.7527
8278,3,843.095,3,853.787,4,3,18.749
8279,3,843.095,3,855.539,4,0,18.7452
8280,3,843.095,3,861.52,2,1,18.7415
8281,3,843.095,3,859.767,4,2,18.7377
8282,3,843.095,3,868.022,4,3,18.734
8283,3,843.095,3,868.022,1,3,18.7302
8284,3,843.095,3,868.022,4,0,18.7265
8285,3,843.095,3,868.022,4,3,18.7227
8286,3,843.095,3,868.022,1,2,18.719
8287,3,843.095,3,866.746,3,2,18.7152
8288,3,843.095,3,866.746,1,0,18.7115
8289,3,843.095,3,868.621,2,0,18.7078
8290,3,843.095,3,867.773,3,3,18.704
8291,3,843.095,3,867.773,1,0,18.7003
8292,3,843.095,3,869.68,3,0,18.6965
8293,3,843.095,3,869.68,4,3,18.6928
8294,3,843.095,3,869.68,2,3,18.6891
8295,3,843.095,3,866.696,4,1,18.6853
8296,3,843.095,3,865.412,3,2,18.6816
8297,3,843.095,3,877.505,2,3,18.6778
8298,3,843.095,3,889.402,2,3,18.6741
8299,3,843.095,3,882.523,3,2,18.6704
8300,3,843.095,3,882.84,0,2,18.6666
8301,3,843.095,3,882.908,3,3,18.6629
8302,3,843.095,3,882.908,3,1,18.6592
8303,3,843.095,3,882.908,4,0,18.6554
8304,3,843.095,3,888.092,2,3,18.6517
8305,3,843.095,3,883.386,2,2,18.648
8306,3,843.095,3,883.386,3,0,18.6442
8307,3,843.095,3,873.672,3,3,18.6405
8308,3,843.095,3,874.206,2,3,18.6368
8309,3,843.095,3,871.366,2,1,18.6331
8310,3,843.095,3,871.366,3,1,18.6293
8311,3,843.095,3,871.366,4,2,18.6256
8312,3,843.095,3,869.158,3,0,18.6219
8313,3,843.095,3,869.158,1,2,18.6182
8314,3,843.095,3,869.158,1,2,18.6144
8315,3,843.095,3,869.318,4,3,18.6107
8316,3,843.095,3,869.318,0,3,18.607
8317,3,843.095,3,869.318,1,0,18.6033
8318,3,843.095,3,869.318,1,1,18.5996
8319,3,843.095,3,869.318,4,2,18.5958
8320,3,843.095,3,869.784,2,0,18.5921
8321,3,843.095,3,869.784,3,3,18.5884
8322,3,843.095,3,869.784,1,3,18.5847
8323,3,843.095,3,860.252,2,0,18.581
8324,3,843.095,3,859.775,4,3,18.5772
8325,3,843.095,3,854.752,0,2,18.5735
8326,3,843.095,3,854.752,0,0,18.5698
8327,3,843.095,3,854.752,2,1,18.5661
8328,3,843.095,3,854.752,0,1,18.5624
8329,3,843.095,3,861.527,3,3,18.5587
8330,3,843.095,3,860.128,4,2,18.555
8331,3,843.095,3,852.213,4,1,18.5512
8332,3,843.095,3,852.337,0,1,18.5475
8333,3,843.095,3,852.337,3,1,18.5438
8334,3,843.095,3,852.337,1,0,18.5401
8335,3,843.095,3,852.871,0,3,18.5364
8336,3,843.095,3,852.871,3,0,18.5327
8337,3,843.095,3,852.871,2,3,18.529
8338,3,843.095,3,852.871,3,3,18.5253
8339,3,843.095,3,852.871,3,3,18.5216
8340,3,843.095,3,852.871,3,1,18.5179
8341,3,843.095,3,852.871,1,1,18.5142
8342,3,843.095,3,872.138,2,0,18.5105
8343,3,843.095,3,873.211,0,3,18.5068
8344,3,843.095,3,871.357,3,3,18.5031
8345,3,843.095,3,866.355,2,1,18.4994
8346,3,843.095,3,866.355,0,2,18.4957
8347,3,843.095,3,866.355,2,1,18.492
8348,3,843.095,3,866.355,4,1,18.4883
8349,3,843.095,3,865.373,4,3,18.4846
8350,3,843.095,3,865.373,4,2,18.4809
8351,3,843.095,3,865.373,2,0,18.4772
8352,3,843.095,3,865.373,4,3,18.4735
8353,3,843.095,3,865.373,3,1,18.4698
8354,3,843.095,3,864.907,4,3,18.4661
8355,3,843.095,3,864.907,3,0,18.4624
8356,3,843.095,3,864.907,3,3,18.4587
8357,3,843.095,3,864.907,2,1,18.455
8358,3,843.095,3,863.508,3,1,18.4513
8359,3,843.095,3,863.508,1,0,18.4476
8360,3,843.095,3,863.508,1,0,18.444
8361,3,843.095,3,863.508,1,1,18.4403
8362,3,843.095,3,863.508,1,1,18.4366
8363,3,843.095,3,863.508,2,2,18.4329
8364,3,843.095,3,863.508,0,2,18.4292
8365,3,843.095,3,863.508,1,0,18.4255
8366,3,843.095,3,863.508,4,1,18.4218
8367,3,843.095,3,863.416,4,3,18.4181
8368,3,843.095,3,863.416,2,0,18.4145
8369,3,843.095,3,863.416,3,2,18.4108
8370,3,843.095,3,863.416,1,1,18.4071
8371,3,843.095,3,863.416,1,1,18.4034
8372,3,843.095,3,863.416,2,2,18.3997
8373,3,843.095,3,863.733,0,1,18.3961
8374,3,843.095,3,863.733,1,0,18.3924
8375,3,843.095,3,863.733,1,1,18.3887
8376,3,843.095,3,865.132,3,0,18.385
8377,3,843.095,3,868.973,4,2,18.3813
8378,3,843.095,3,868.656,0,2,18.3777
8379,3,843.095,3,868.973,2,1,18.374
8380,3,843.095,3,869.804,2,1,18.3703
8381,3,843.095,3,869.804,2,3,18.3666
8382,3,843.095,3,869.804,0,3,18.363
8383,3,843.095,3,869.804,1,1,18.3593
8384,3,843.095,3,869.804,0,1,18.3556
8385,3,843.095,3,876.144,3,0,18.352
8386,3,843.095,3,871.279,0,2,18.3483
8387,3,843.095,3,871.279,4,0,18.3446
8388,3,843.095,3,859.748,2,0,18.3409
8389,3,843.095,3,860.104,4,2,18.3373
8390,3,843.095,3,860.104,0,1,18.3336
8391,3,843.095,3,860.104,1,0,18.3299
8392,3,843.095,3,860.104,3,1,18.3263
8393,3,843.095,3,859.748,2,0,18.3226
8394,3,843.095,3,859.748,3,3,18.3189
8395,3,843.095,3,859.748,4,2,18.3153
8396,3,843.095,3,859.748,4,2,18.3116
8397,3,843.095,3,859.748,1,1,18.308
8398,3,843.095,3,859.748,0,1,18.3043
8399,3,843.095,3,859.748,2,0,18.3006
8400,3,843.095,3,859.748,1,0,18.297
8401,3,843.095,3,859.748,1,3,18.2933
8402,3,843.095,3,859.748,3,2,18.2897
8403,3,843.095,3,859.432,2,2,18.286
8404,3,843.095,3,859.432,2,2,18.2823
8405,3,843.095,3,859.432,1,2,18.2787
8406,3,843.095,3,859.432,4,1,18.275
8407,3,843.095,3,859.432,1,2,18.2714
8408,3,843.095,3,859.432,2,0,18.2677
8409,3,843.095,3,859.432,1,0,18.2641
8410,3,843.095,3,859.432,3,1,18.2604
8411,3,843.095,3,859.432,2,1,18.2568
8412,3,843.095,3,859.432,0,1,18.2531
8413,3,843.095,3,859.432,1,1,18.2495
8414,3,843.095,3,864.456,4,3,18.2458
8415,3,843.095,3,861.324,4,2,18.2422
8416,3,843.095,3,859.46,4,2,18.2385
8417,3,843.095,3,857.862,2,2,18.2349
8418,3,843.095,3,856.677,3,1,18.2312
8419,3,843.095,3,856.677,1,0,18.2276
8420,3,843.095,3,856.677,4,1,18.2239
8421,3,843.095,3,856.677,0,2,18.2203
8422,3,843.095,3,856.211,4,0,18.2166
8423,3,843.095,3,856.211,0,3,18.213
8424,3,843.095,3,856.302,0,3,18.2094
8425,3,843.095,3,856.302,2,1,18.2057
8426,3,843.095,3,856.211,2,1,18.2021
8427,3,843.095,3,856.211,3,2,18.1984
8428,3,843.095,3,856.211,4,2,18.1948
8429,3,843.095,3,856.211,4,0,18.1911
8430,3,843.095,3,871.34,2,3,18.1875
8431,3,843.095,3,871.34,0,0,18.1839
8432,3,843.095,3,870.597,4,2,18.1802
8433,3,843.095,3,870.597,3,1,18.1766
8434,3,843.095,3,870.597,3,2,18.173
8435,3,843.095,3,870.597,0,3,18.1693
8436,3,843.095,3,870.597,4,3,18.1657
8437,3,843.095,3,870.597,0,3,18.1621
8438,3,843.095,3,872.195,0,0,18.1584
8439,3,843.095,3,870.597,0,1,18.1548
8440,3,843.095,3,870.597,1,2,18.1512
8441,3,843.095,3,855.4,4,0,18.1475
8442,3,843.095,3,855.4,4,1,18.1439
8443,3,843.095,3,855.4,2,3,18.1403
8444,3,843.095,3,855.4,3,0,18.1367
8445,3,843.095,3,855.4,1,0,18.133
8446,3,843.095,3,855.4,4,1,18.1294
8447,3,843.095,3,855.4,4,3,18.1258
8448,3,843.095,3,865.365,0,0,18.1221
8449,3,843.095,3,855.833,2,3,18.1185
8450,3,843.095,3,855.833,1,0,18.1149
8451,3,843.095,3,861.007,4,3,18.1113
8452,3,843.095,3,861.007,2,0,18.1077
8453,3,843.095,3,861.007,4,0,18.104
8454,3,843.095,3,861.918,0,3,18.1004
8455,3,843.095,3,861.918,2,1,18.0968
8456,3,843.095,3,861.918,0,2,18.0932
8457,3,843.095,3,861.918,3,1,18.0896
8458,3,843.095,3,861.918,4,1,18.0859
8459,3,843.095,3,861.485,2,2,18.0823
8460,3,843.095,3,861.485,1,1,18.0787
8461,3,843.095,3,864.201,0,3,18.0751
8462,3,843.095,3,864.201,1,0,18.0715
8463,3,843.095,3,864.201,2,3,18.0679
8464,3,843.095,3,864.201,3,2,18.0642
8465,3,843.095,3,864.201,1,0,18.0606
8466,3,843.095,3,864.201,1,1,18.057
8467,3,843.095,3,865.73,4,0,18.0534
8468,3,843.095,3,865.73,4,2,18.0498
8469,3,843.095,3,865.73,4,2,18.0462
8470,3,843.095,3,865.73,1,3,18.0426
8471,3,843.095,3,865.73,0,2,18.039
8472,3,843.095,3,864.201,3,0,18.0354
8473,3,843.095,3,864.201,4,1,18.0318
8474,3,843.095,3,864.201,0,1,18.0281
8475,3,843.095,3,864.201,2,2,18.0245
8476,3,843.095,3,862.1,2,3,18.0209
8477,3,843.095,3,860.664,0,0,18.0173
8478,3,843.095,3,860.664,0,1,18.0137
8479,3,843.095,3,860.664,1,0,18.0101
8480,3,843.095,3,862.651,4,2,18.0065
8481,3,843.095,3,857.909,2,0,18.0029
8482,3,843.095,3,857.909,3,3,17.9993
8483,3,843.095,3,856.998,3,2,17.9957
8484,3,843.095,3,856.998,4,0,17.9921
8485,3,843.095,3,856.998,1,2,17.9885
8486,3,843.095,3,856.998,4,0,17.9849
8487,3,843.095,3,856.998,2,2,17.9813
8488,3,843.095,3,856.998,3,3,17.9777
8489,3,843.095,3,855.4,4,1,17.9741
8490,3,843.095,3,855.4,2,1,17.9705
8491,3,843.095,3,865.279,4,0,17.9669
8492,3,843.095,3,865.279,1,3,17.9634
8493,3,843.095,3,865.279,2,0,17.9598
8494,3,843.095,3,865.279,1,3,17.9562
8495,3,843.095,3,865.279,0,2,17.9526
8496,3,843.095,3,865.279,0,0,17.949
8497,3,843.095,3,865.279,1,2,17.9454
8498,3,843.095,3,865.596,4,2,17.9418
8499,3,843.095,3,865.596,3,1,17.9382
8500,3,843.095,3,865.596,1,1,17.9346
8501,3,843.095,3,860.704,2,1,17.931
8502,3,843.095,3,860.704,0,3,17.9275
8503,3,843.095,3,860.704,1,2,17.9239
8504,3,843.095,3,860.388,4,0,17.9203
8505,3,843.095,3,860.388,1,0,17.9167
8506,3,843.095,3,861.212,0,2,17.9131
8507,3,843.095,3,860.703,3,2,17.9095
8508,3,843.095,3,860.814,2,3,17.906
8509,3,843.095,3,868.374,0,2,17.9024
8510,3,843.095,3,868.374,0,0,17.8988
8511,3,843.095,3,868.204,3,2,17.8952
8512,3,843.095,3,868.204,4,1,17.8916
8513,3,843.095,3,866.892,2,0,17.8881
8514,3,843.095,3,866.892,1,2,17.8845
8515,3,843.095,3,865.517,2,1,17.8809
8516,3,843.095,3,865.517,1,0,17.8773
8517,3,843.095,3,865.517,1,1,17.8738
8518,3,843.095,3,865.517,0,2,17.8702
8519,3,843.095,3,861.874,2,2,17.8666
8520,3,843.095,3,861.874,4,3,17.863
8521,3,843.095,3,867.432,2,2,17.8595
8522,3,843.095,3,867.432,2,1,17.8559
8523,3,843.095,3,867.432,2,0,17.8523
8524,3,843.095,3,867.432,3,0,17.8487
8525,3,843.095,3,867.115,4,0,17.8452
8526,3,843.095,3,867.115,0,2,17.8416
8527,3,843.095,3,867.115,1,2,17.838
8528,3,843.095,3,867.115,0,0,17.8345
8529,3,843.095,3,867.115,4,0,17.8309
8530,3,843.095,3,867.115,2,2,17.8273
8531,3,843.095,3,866.237,0,1,17.8238
8532,3,843.095,3,866.237,2,0,17.8202
8533,3,843.095,3,866.237,0,2,17.8166
8534,3,843.095,3,863.249,4,2,17.8131
8535,3,843.095,3,863.249,1,0,17.8095
8536,3,843.095,3,863.518,4,0,17.806
8537,3,843.095,3,863.518,4,1,17.8024
8538,3,843.095,3,863.518,2,0,17.7988
8539,3,843.095,3,861.972,0,0,17.7953
8540,3,843.095,3,861.972,3,0,17.7917
8541,3,843.095,3,861.972,0,1,17.7882
8542,3,843.095,3,861.972,3,2,17.7846
8543,3,843.095,3,861.972,1,0,17.781
8544,3,843.095,3,861.972,3,0,17.7775
8545,3,843.095,3,861.972,2,0,17.7739
8546,3,843.095,3,858.447,4,3,17.7704
8547,3,843.095,3,858.447,1,3,17.7668
8548,3,843.095,3,858.447,3,1,17.7633
8549,3,843.095,3,858.447,1,2,17.7597
8550,3,843.095,3,858.447,1,3,17.7562
8551,3,843.095,3,858.447,4,0,17.7526
8552,3,843.095,3,861.02,3,0,17.7491
8553,3,843.095,3,861.02,4,3,17.7455
8554,3,843.095,3,861.02,1,2,17.742
8555,3,843.095,3,861.02,3,2,17.7384
8556,3,843.095,3,855.717,2,1,17.7349
8557,3,843.095,3,855.886,2,3,17.7313
8558,3,843.095,3,853.313,3,0,17.7278
8559,3,843.095,3,853.313,2,1,17.7242
8560,3,843.095,3,853.313,0,0,17.7207
8561,3,843.095,3,853.313,4,1,17.7171
8562,3,843.095,3,865.879,3,0,17.7136
8563,3,843.095,3,865.879,2,3,17.7101
8564,3,843.095,3,865.879,4,1,17.7065
8565,3,843.095,3,865.879,2,2,17.703
8566,3,843.095,3,865.879,1,2,17.6994
8567,3,843.095,3,858.747,2,1,17.6959
8568,3,843.095,3,858.747,2,2,17.6924
8569,3,843.095,3,858.747,1,2,17.6888
8570,3,843.095,3,863.759,4,3,17.6853
8571,3,843.095,3,863.759,2,3,17.6817
8572,3,843.095,3,857.681,0,0,17.6782
8573,3,843.095,3,857.628,4,2,17.6747
8574,3,843.095,3,857.628,1,1,17.6711
8575,3,843.095,3,857.263,3,2,17.6676
8576,3,843.095,3,858.126,4,1,17.6641
8577,3,843.095,3,858.126,1,3,17.6605
8578,3,843.095,3,858.126,4,0,17.657
8579,3,843.095,3,858.126,2,1,17.6535
8580,3,843.095,3,864.401,3,2,17.6499
8581,3,843.095,3,864.511,4,3,17.6464
8582,3,843.095,3,864.511,0,2,17.6429
8583,3,843.095,3,864.511,3,3,17.6393
8584,3,843.095,3,865.723,4,3,17.6358
8585,3,843.095,3,865.723,4,2,17.6323
8586,3,843.095,3,865.143,3,2,17.6288
8587,3,843.095,3,866.941,4,3,17.6252
8588,3,843.095,3,866.941,4,2,17.6217
8589,3,843.095,3,866.941,0,1,17.6182
8590,3,843.095,3,868.581,2,3,17.6147
8591,3,843.095,3,868.75,4,2,17.6111
8592,3,843.095,3,858.845,3,1,17.6076
8593,3,843.095,3,859.827,4,3,17.6041
8594,3,843.095,3,859.827,2,0,17.6006
8595,3,843.095,3,859.522,4,1,17.5971
8596,3,843.095,3,859.522,1,2,17.5935
8597,3,843.095,3,859.522,3,3,17.59
8598,3,843.095,3,859.522,1,2,17.5865
8599,3,843.095,3,859.353,2,1,17.583
8600,3,843.095,3,858.371,4,0,17.5795
8601,3,843.095,3,858.371,4,2,17.576
8602,3,843.095,3,857.905,4,2,17.5724
8603,3,843.095,3,851.756,4,2,17.5689
8604,3,843.095,3,851.756,3,3,17.5654
8605,3,843.095,3,851.756,1,1,17.5619
8606,3,843.095,3,851.756,2,1,17.5584
8607,3,843.095,3,851.756,0,1,17.5549
8608,3,843.095,3,851.756,1,2,17.5514
8609,3,843.095,3,851.756,1,0,17.5479
8610,3,843.095,3,851.756,3,0,17.5443
8611,3,843.095,3,851.756,1,3,17.5408
8612,3,843.095,3,851.756,3,2,17.5373
8613,3,843.095,3,851.756,1,1,17.5338
8614,3,843.095,3,851.867,3,3,17.5303
8615,3,843.095,3,856.807,4,1,17.5268
8616,3,843.095,3,856.807,0,0,17.5233
8617,3,843.095,3,856.807,2,1,17.5198
8618,3,843.095,3,856.807,1,3,17.5163
8619,3,843.095,3,856.807,0,1,17.5128
8620,3,843.095,3,857.273,2,0,17.5093
8621,3,843.095,3,858.871,0,3,17.5058
8622,3,843.095,3,858.871,3,0,17.5023
8623,3,843.095,3,863.311,3,0,17.4988
8624,3,843.095,3,867.895,4,0,17.4953
8625,3,843.095,3,867.895,3,1,17.4918
8626,3,843.095,3,867.895,2,1,17.4883
8627,3,843.095,3,866.262,0,1,17.4848
8628,3,843.095,3,866.262,2,1,17.4813
8629,3,843.095,3,866.262,0,3,17.4778
8630,3,843.095,3,866.262,0,3,17.4743
8631,3,843.095,3,866.262,2,2,17.4708
8632,3,843.095,3,866.262,0,1,17.4673
8633,3,843.095,3,872.264,2,3,17.4638
8634,3,843.095,3,872.264,3,0,17.4603
8635,3,843.095,3,867.681,4,0,17.4568
8636,3,843.095,3,867.681,1,1,17.4533
8637,3,843.095,3,867.681,1,2,17.4498
8638,3,843.095,3,867.681,1,3,17.4464
8639,3,843.095,3,867.681,4,1,17.4429
8640,3,843.095,3,867.681,3,0,17.4394
8641,3,843.095,3,867.681,3,1,17.4359
8642,3,843.095,3,864.964,0,2,17.4324
8643,3,843.095,3,865.133,4,3,17.4289
8644,3,843.095,3,865.133,1,3,17.4254
8645,3,843.095,3,862.581,2,2,17.4219
8646,3,843.095,3,862.581,0,2,17.4185
8647,3,843.095,3,862.581,1,0,17.415
8648,3,843.095,3,862.412,4,1,17.4115
8649,3,843.095,3,862.412,1,3,17.408
8650,3,843.095,3,862.412,3,0,17.4045
8651,3,843.095,3,862.412,1,2,17.4011
8652,3,843.095,3,862.412,1,2,17.3976
8653,3,843.095,3,862.412,2,0,17.3941
8654,3,843.095,3,861.678,3,3,17.3906
8655,3,843.095,3,860.904,2,1,17.3871
8656,3,843.095,3,863.456,2,2,17.3837
8657,3,843.095,3,863.773,0,0,17.3802
8658,3,843.095,3,863.773,0,2,17.3767
8659,3,843.095,3,863.773,2,3,17.3732
8660,3,843.095,3,863.773,3,0,17.3698
8661,3,843.095,3,863.773,3,0,17.3663
8662,3,843.095,3,863.773,3,3,17.3628
8663,3,843.095,3,863.663,3,1,17.3593
8664,3,843.095,3,866.95,0,1,17.3559
8665,3,843.095,3,859.672,2,2,17.3524
8666,3,843.095,3,859.672,1,3,17.3489
8667,3,843.095,3,863.663,4,3,17.3455
8668,3,843.095,3,863.663,3,3,17.342
8669,3,843.095,3,863.663,3,1,17.3385
8670,3,843.095,3,863.663,3,1,17.335
8671,3,843.095,3,863.663,3,1,17.3316
8672,3,843.095,3,866.95,2,0,17.3281
8673,3,843.095,3,866.95,4,1,17.3246
8674,3,843.095,3,866.95,0,0,17.3212
8675,3,843.095,3,867.336,0,0,17.3177
8676,3,843.095,3,868.73,3,3,17.3143
8677,3,843.095,3,868.73,1,1,17.3108
8678,3,843.095,3,868.027,3,0,17.3073
8679,3,843.095,3,868.027,4,1,17.3039
8680,3,843.095,3,865.816,2,3,17.3004
8681,3,843.095,3,865.816,1,1,17.2969
8682,3,843.095,3,865.653,2,1,17.2935
8683,3,843.095,3,867.431,0,2,17.29
8684,3,843.095,3,867.431,1,1,17.2866
8685,3,843.095,3,867.431,4,0,17.2831
8686,3,843.095,3,866.689,3,2,17.2797
8687,3,843.095,3,866.578,4,1,17.2762
8688,3,843.095,3,867.79,4,0,17.2727
8689,3,843.095,3,868.523,4,3,17.2693
8690,3,843.095,3,868.523,4,1,17.2658
8691,3,843.095,3,866.552,2,3,17.2624
8692,3,843.095,3,866.552,1,3,17.2589
8693,3,843.095,3,864.568,3,3,17.2555
8694,3,843.095,3,858.789,0,0,17.252
8695,3,843.095,3,858.789,4,3,17.2486
8696,3,843.095,3,858.17,3,0,17.2451
8697,3,843.095,3,857.7,2,2,17.2417
8698,3,843.095,3,857.7,3,3,17.2382
8699,3,843.095,3,856.958,4,2,17.2348
8700,3,843.095,3,856.958,0,2,17.2313
8701,3,843.095,3,856.866,0,2,17.2279
8702,3,843.095,3,856.866,2,0,17.2244
8703,3,843.095,3,856.866,1,2,17.221
8704,3,843.095,3,859.15,4,0,17.2176
8705,3,843.095,3,865.189,2,1,17.2141
8706,3,843.095,3,865.189,4,0,17.2107
8707,3,843.095,3,862.977,4,3,17.2072
8708,3,843.095,3,863.869,0,2,17.2038
8709,3,843.095,3,863.869,1,2,17.2003
8710,3,843.095,3,863.869,1,3,17.1969
8711,3,843.095,3,863.4,4,0,17.1935
8712,3,843.095,3,863.4,3,1,17.19
8713,3,843.095,3,863.4,0,0,17.1866
8714,3,843.095,3,863.4,0,1,17.1832
8715,3,843.095,3,863.4,0,3,17.1797
8716,3,843.095,3,863.4,0,0,17.1763
8717,3,843.095,3,863.4,1,1,17.1728
8718,3,843.095,3,863.4,3,2,17.1694
8719,3,843.095,3,863.4,1,3,17.166
8720,3,843.095,3,863.4,0,3,17.1625
8721,3,843.095,3,863.4,0,1,17.1591
8722,3,843.095,3,863.4,1,1,17.1557
8723,3,843.095,3,867.899,3,0,17.1522
8724,3,843.095,3,866.292,0,3,17.1488
8725,3,843.095,3,865.034,2,3,17.1454
8726,3,843.095,3,866.346,2,3,17.142
8727,3,843.095,3,866.346,3,0,17.1385
8728,3,843.095,3,864.923,2,2,17.1351
8729,3,843.095,3,864.923,2,1,17.1317
8730,3,843.095,3,868.21,2,0,17.1283
8731,3,843.095,3,868.21,4,2,17.1248
8732,3,843.095,3,868.21,2,0,17.1214
8733,3,843.095,3,868.21,1,3,17.118
8734,3,843.095,3,869.469,2,0,17.1146
8735,3,843.095,3,869.469,1,1,17.1111
8736,3,843.095,3,869.469,1,1,17.1077
8737,3,843.095,3,869.469,1,3,17.1043
8738,3,843.095,3,869.469,1,3,17.1009
8739,3,843.095,3,869.469,4,2,17.0974
8740,3,843.095,3,869.469,3,0,17.094
8741,3,843.095,3,869.469,1,1,17.0906
8742,3,843.095,3,869.469,3,2,17.0872
8743,3,843.095,3,869.469,4,0,17.0838
8744,3,843.095,3,869.469,3,1,17.0804
8745,3,843.095,3,867.496,2,3,17.0769
8746,3,843.095,3,867.496,1,0,17.0735
8747,3,843.095,3,867.496,1,2,17.0701
8748,3,843.095,3,867.496,4,0,17.0667
8749,3,843.095,3,868.918,2,3,17.0633
8750,3,843.095,3,867.606,2,2,17.0599
8751,3,843.095,3,866.991,2,1,17.0565
8752,3,843.095,3,866.991,2,0,17.053
8753,3,843.095,3,871.242,4,0,17.0496
8754,3,843.095,3,871.242,2,3,17.0462
8755,3,843.095,3,866.231,3,2,17.0428
8756,3,843.095,3,868.673,3,1,17.0394
8757,3,843.095,3,868.673,3,2,17.036
8758,3,843.095,3,868.673,4,1,17.0326
8759,3,843.095,3,868.673,3,2,17.0292
8760,3,843.095,3,869.885,0,0,17.0258
8761,3,843.095,3,869.885,1,2,17.0224
8762,3,843.095,3,869.885,1,3,17.019
8763,3,843.095,3,869.885,4,0,17.0156
8764,3,843.095,3,869.885,3,2,17.0122
8765,3,843.095,3,869.885,1,3,17.0088
8766,3,843.095,3,869.898,4,3,17.0054
8767,3,843.095,3,869.898,1,1,17.002
8768,3,843.095,3,873.389,3,2,16.9986
8769,3,843.095,3,873.389,1,3,16.9952
8770,3,843.095,3,873.389,0,3,16.9918
8771,3,843.095,3,873.389,0,2,16.9884
8772,3,843.095,3,873.389,2,1,16.985
8773,3,843.095,3,873.389,1,3,16.9816
8774,3,843.095,3,873.389,2,2,16.9782
8775,3,843.095,3,873.389,3,1,16.9748
8776,3,843.095,3,873.389,4,2,16.9714
8777,3,843.095,3,872.131,2,3,16.968
8778,3,843.095,3,872.131,4,0,16.9646
8779,3,843.095,3,872.131,0,2,16.9612
8780,3,843.095,3,893.639,3,3,16.9578
8781,3,843.095,3,874.937,0,3,16.9544
8782,3,843.095,3,874.937,3,2,16.951
8783,3,843.095,3,879.309,2,3,16.9476
8784,3,843.095,3,879.309,1,3,16.9442
8785,3,843.095,3,879.309,1,0,16.9409
8786,3,843.095,3,873.498,0,1,16.9375
8787,3,843.095,3,873.498,1,0,16.9341
8788,3,843.095,3,866.229,4,3,16.9307
8789,3,843.095,3,866.229,2,1,16.9273
8790,3,843.095,3,866.229,2,0,16.9239
8791,3,843.095,3,883.653,2,0,16.9205
8792,3,843.095,3,883.49,3,3,16.9172
8793,3,843.095,3,883.02,4,1,16.9138
8794,3,843.095,3,883.02,3,1,16.9104
8795,3,843.095,3,883.02,1,0,16.907
8796,3,843.095,3,864.481,4,0,16.9036
8797,3,843.095,3,864.481,1,0,16.9002
8798,3,843.095,3,866.198,3,3,16.8969
8799,3,843.095,3,864.481,2,1,16.8935
8800,3,843.095,3,864.413,0,1,16.8901
8801,3,843.095,3,865.672,2,0,16.8867
8802,3,843.095,3,865.672,3,3,16.8833
8803,3,843.095,3,865.672,2,1,16.88
8804,3,843.095,3,873.775,4,3,16.8766
8805,3,843.095,3,874.984,2,2,16.8732
8806,3,843.095,3,874.984,0,3,16.8698
8807,3,843.095,3,874.984,4,1,16.8665
8808,3,843.095,3,874.549,4,1,16.8631
8809,3,843.095,3,873.932,2,0,16.8597
8810,3,843.095,3,868.901,2,2,16.8564
8811,3,843.095,3,868.901,1,1,16.853
8812,3,843.095,3,868.434,4,0,16.8496
8813,3,843.095,3,868.434,1,2,16.8462
8814,3,843.095,3,868.434,3,2,16.8429
8815,3,843.095,3,868.434,4,1,16.8395
8816,3,843.095,3,868.434,2,2,16.8361
8817,3,843.095,3,879.677,0,3,16.8328
8818,3,843.095,3,869.66,2,3,16.8294
8819,3,843.095,3,869.66,2,3,16.826
8820,3,843.095,3,868.752,2,3,16.8227
8821,3,843.095,3,867.493,3,1,16.8193
8822,3,843.095,3,867.493,1,3,16.8159
8823,3,843.095,3,867.921,4,3,16.8126
8824,3,843.095,3,867.921,1,0,16.8092
8825,3,843.095,3,867.921,1,1,16.8059
8826,3,843.095,3,867.921,1,3,16.8025
8827,3,843.095,3,869.322,2,3,16.7991
8828,3,843.095,3,869.322,3,1,16.7958
8829,3,843.095,3,869.322,1,3,16.7924
8830,3,843.095,3,867.605,4,0,16.7891
8831,3,843.095,3,867.605,4,0,16.7857
8832,3,843.095,3,867.605,1,0,16.7823
8833,3,843.095,3,867.605,1,0,16.779
8834,3,843.095,3,867.288,3,3,16.7756
8835,3,843.095,3,867.288,1,2,16.7723
8836,3,843.095,3,867.288,4,1,16.7689
8837,3,843.095,3,866.789,2,0,16.7656
8838,3,843.095,3,866.789,1,1,16.7622
8839,3,843.095,3,867.998,2,3,16.7589
8840,3,843.095,3,873.654,2,3,16.7555
8841,3,843.095,3,873.97,4,1,16.7522
8842,3,843.095,3,867.105,2,0,16.7488
8843,3,843.095,3,866.789,4,0,16.7455
8844,3,843.095,3,867.998,3,1,16.7421
8845,3,843.095,3,866.789,2,0,16.7388
8846,3,843.095,3,866.789,2,1,16.7354
8847,3,843.095,3,868.375,3,0,16.7321
8848,3,843.095,3,868.375,4,0,16.7287
8849,3,843.095,3,868.375,1,0,16.7254
8850,3,843.095,3,868.375,0,0,16.722
8851,3,843.095,3,869.254,4,2,16.7187
8852,3,843.095,3,869.254,1,1,16.7153
8853,3,843.095,3,868.375,0,1,16.712
8854,3,843.095,3,868.375,0,3,16.7087
8855,3,843.095,3,868.375,1,2,16.7053
8856,3,843.095,3,862.456,4,2,16.702
8857,3,843.095,3,862.456,3,3,16.6986
8858,3,843.095,3,862.456,0,0,16.6953
8859,3,843.095,3,862.906,3,0,16.692
8860,3,843.095,3,862.906,1,0,16.6886
8861,3,843.095,3,862.906,1,2,16.6853
8862,3,843.095,3,862.906,2,1,16.6819
8863,3,843.095,3,862.906,0,1,16.6786
8864,3,843.095,3,862.906,2,0,16.6753
8865,3,843.095,3,862.906,2,2,16.6719
8866,3,843.095,3,862.906,2,2,16.6686
8867,3,843.095,3,862.906,3,0,16.6653
8868,3,843.095,3,862.906,3,1,16.6619
8869,3,843.095,3,862.906,0,2,16.6586
8870,3,843.095,3,863.339,2,2,16.6553
8871,3,843.095,3,860.801,3,0,16.6519
8872,3,843.095,3,860.801,4,1,16.6486
8873,3,843.095,3,860.801,0,1,16.6453
8874,3,843.095,3,860.801,1,2,16.6419
8875,3,843.095,3,865.379,3,3,16.6386
8876,3,843.095,3,865.379,4,1,16.6353
8877,3,843.095,3,865.379,1,0,16.632
8878,3,843.095,3,862.243,0,1,16.6286
8879,3,843.095,3,862.243,1,1,16.6253
8880,3,843.095,3,862.243,3,0,16.622
8881,3,843.095,3,862.243,1,1,16.6187
8882,3,843.095,3,860.841,2,2,16.6153
8883,3,843.095,3,871.271,4,2,16.612
8884,3,843.095,3,871.271,1,0,16.6087
8885,3,843.095,3,866.259,2,0,16.6054
8886,3,843.095,3,868.884,2,3,16.602
8887,3,843.095,3,864.859,0,3,16.5987
8888,3,843.095,3,864.859,1,0,16.5954
8889,3,843.095,3,864.859,0,0,16.5921
8890,3,843.095,3,864.67,0,2,16.5888
8891,3,843.095,3,864.237,4,0,16.5855
8892,3,843.095,3,861.136,4,1,16.5821
8893,3,843.095,3,861.136,1,3,16.5788
8894,3,843.095,3,859.296,4,2,16.5755
8895,3,843.095,3,859.296,1,3,16.5722
8896,3,843.095,3,859.296,1,0,16.5689
8897,3,843.095,3,859.444,3,3,16.5656
8898,3,843.095,3,859.444,2,1,16.5622
8899,3,843.095,3,873.804,2,3,16.5589
8900,3,843.095,3,886.831,2,1,16.5556
8901,3,843.095,3,886.672,4,2,16.5523
8902,3,843.095,3,886.672,0,1,16.549
8903,3,843.095,3,886.672,3,0,16.5457
8904,3,843.095,3,886.672,3,0,16.5424
8905,3,843.095,3,886.672,3,3,16.5391
8906,3,843.095,3,886.672,1,2,16.5358
8907,3,843.095,3,869.219,2,2,16.5325
8908,3,843.095,3,869.219,1,2,16.5292
8909,3,843.095,3,869.01,3,2,16.5258
8910,3,843.095,3,869.01,2,3,16.5225
8911,3,843.095,3,872.072,0,2,16.5192
8912,3,843.095,3,875.487,4,3,16.5159
8913,3,843.095,3,875.487,1,2,16.5126
8914,3,843.095,3,858.418,2,3,16.5093
8915,3,843.095,3,858.734,4,2,16.506
8916,3,843.095,3,858.418,2,1,16.5027
8917,3,843.095,3,858.418,0,2,16.4994
8918,3,843.095,3,858.418,3,1,16.4961
8919,3,843.095,3,858.418,3,1,16.4928
8920,3,843.095,3,858.418,2,0,16.4895
8921,3,843.095,3,858.418,4,3,16.4862
8922,3,843.095,3,858.418,1,2,16.4829
8923,3,843.095,3,858.418,3,1,16.4796
8924,3,843.095,3,858.418,4,3,16.4763
8925,3,843.095,3,858.418,0,1,16.473
8926,3,843.095,3,858.418,4,0,16.4697
8927,3,843.095,3,858.418,0,0,16.4665
8928,3,843.095,3,860.135,4,3,16.4632
8929,3,843.095,3,860.226,3,3,16.4599
8930,3,843.095,3,860.226,0,0,16.4566
8931,3,843.095,3,860.226,4,0,16.4533
8932,3,843.095,3,860.226,0,2,16.45
8933,3,843.095,3,860.226,1,2,16.4467
8934,3,843.095,3,860.99,2,1,16.4434
8935,3,843.095,3,860.99,4,3,16.4401
8936,3,843.095,3,860.99,4,1,16.4368
8937,3,843.095,3,860.99,4,0,16.4336
8938,3,843.095,3,857.159,2,1,16.4303
8939,3,843.095,3,857.159,2,0,16.427
8940,3,843.095,3,857.159,1,2,16.4237
8941,3,843.095,3,857.159,1,2,16.4204
8942,3,843.095,3,857.159,3,1,16.4171
8943,3,843.095,3,857.159,1,2,16.4138
8944,3,843.095,3,857.159,0,2,16.4106
8945,3,843.095,3,857.159,1,0,16.4073
8946,3,843.095,3,857.159,2,3,16.404
8947,3,843.095,3,857.159,3,3,16.4007
8948,3,843.095,3,857.159,0,2,16.3974
8949,3,843.095,3,857.159,3,3,16.3942
8950,3,843.095,3,861.599,4,0,16.3909
8951,3,843.095,3,861.599,0,0,16.3876
8952,3,843.095,3,861.599,0,2,16.3843
8953,3,843.095,3,863.399,2,2,16.381
8954,3,843.095,3,863.399,3,1,16.3778
8955,3,843.095,3,867.899,4,0,16.3745
8956,3,843.095,3,862.191,2,2,16.3712
8957,3,843.095,3,867.214,0,3,16.3679
8958,3,843.095,3,867.214,1,1,16.3647
8959,3,843.095,3,867.214,1,0,16.3614
8960,3,843.095,3,867.214,2,0,16.3581
8961,3,843.095,3,867.214,2,1,16.3549
8962,3,843.095,3,867.374,4,0,16.3516
8963,3,843.095,3,867.374,0,3,16.3483
8964,3,843.095,3,867.374,2,3,16.345
8965,3,843.095,3,867.374,1,2,16.3418
8966,3,843.095,3,867.374,4,0,16.3385
8967,3,843.095,3,864.427,2,1,16.3352
8968,3,843.095,3,858.794,3,1,16.332
8969,3,843.095,3,858.794,1,0,16.3287
8970,3,843.095,3,867.015,2,1,16.3254
8971,3,843.095,3,867.015,1,0,16.3222
8972,3,843.095,3,874.213,3,3,16.3189
8973,3,843.095,3,884.176,4,0,16.3156
8974,3,843.095,3,884.919,4,3,16.3124
8975,3,843.095,3,884.919,2,3,16.3091
8976,3,843.095,3,857.367,2,1,16.3059
8977,3,843.095,3,868.467,0,2,16.3026
8978,3,843.095,3,865.97,0,0,16.2993
8979,3,843.095,3,867.398,4,3,16.2961
8980,3,843.095,3,866.189,4,2,16.2928
8981,3,843.095,3,880.82,4,3,16.2896
8982,3,843.095,3,880.82,1,3,16.2863
8983,3,843.095,3,874.928,0,1,16.283
8984,3,843.095,3,874.928,3,2,16.2798
8985,3,843.095,3,873.501,3,1,16.2765
8986,3,843.095,3,873.501,2,2,16.2733
8987,3,843.095,3,871.937,3,2,16.27
8988,3,843.095,3,871.937,4,2,16.2668
8989,3,843.095,3,871.341,0,1,16.2635
8990,3,843.095,3,862.777,4,1,16.2603
8991,3,843.095,3,862.391,4,0,16.257
8992,3,843.095,3,854.391,0,2,16.2538
8993,3,843.095,3,855.011,0,2,16.2505
8994,3,843.095,3,855.011,0,3,16.2473
8995,3,843.095,3,855.011,1,2,16.244
8996,3,843.095,3,855.011,0,2,16.2408
8997,3,843.095,3,855.011,0,0,16.2375
8998,3,843.095,3,854.391,0,0,16.2343
8999,3,843.095,3,854.391,0,2,16.231
9000,3,843.095,3,852.823,0,0,16.2278
9001,3,843.095,3,852.823,0,2,16.2245
9002,3,843.095,3,852.823,0,2,16.2213
9003,3,843.095,3,852.823,2,1,16.218
9004,3,843.095,3,852.823,1,3,16.2148
9005,3,843.095,3,852.823,0,2,16.2115
9006,3,843.095,3,853.442,4,3,16.2083
9007,3,843.095,3,853.442,1,2,16.2051
9008,3,843.095,3,853.759,3,0,16.2018
9009,3,843.095,3,853.759,3,0,16.1986
9010,3,843.095,3,853.759,0,0,16.1953
9011,3,843.095,3,853.759,3,0,16.1921
9012,3,843.095,3,853.759,4,0,16.1889
9013,3,843.095,3,853.759,2,3,16.1856
9014,3,843.095,3,853.759,2,0,16.1824
9015,3,843.095,3,853.869,2,3,16.1792
9016,3,843.095,3,853.869,1,2,16.1759
9017,3,843.095,3,853.961,4,0,16.1727
9018,3,843.095,3,853.961,0,1,16.1694
9019,3,843.095,3,859.772,3,3,16.1662
9020,3,843.095,3,861.172,4,0,16.163
9021,3,843.095,3,860.663,0,2,16.1597
9022,3,843.095,3,860.663,4,1,16.1565
9023,3,843.095,3,862.881,3,0,16.1533
9024,3,843.095,3,862.881,4,0,16.1501
9025,3,843.095,3,868.748,4,3,16.1468
9026,3,843.095,3,881.143,3,2,16.1436
9027,3,843.095,3,881.143,1,2,16.1404
9028,3,843.095,3,881.143,3,0,16.1371
9029,3,843.095,3,875.403,4,0,16.1339
9030,3,843.095,3,875.403,3,2,16.1307
9031,3,843.095,3,875.403,3,3,16.1275
9032,3,843.095,3,873.805,4,1,16.1242
9033,3,843.095,3,873.805,2,2,16.121
9034,3,843.095,3,873.488,0,1,16.1178
9035,3,843.095,3,873.488,3,2,16.1146
9036,3,843.095,3,873.488,2,1,16.1113
9037,3,843.095,3,873.488,0,1,16.1081
9038,3,843.095,3,874.601,3,3,16.1049
9039,3,843.095,3,874.601,2,3,16.1017
9040,3,843.095,3,874.544,0,2,16.0984
9041,3,843.095,3,874.544,0,3,16.0952
9042,3,843.095,3,874.544,4,2,16.092
9043,3,843.095,3,872.397,4,1,16.0888
9044,3,843.095,3,872.397,3,1,16.0856
9045,3,843.095,3,870.998,2,1,16.0824
9046,3,843.095,3,870.998,0,3,16.0791
9047,3,843.095,3,870.998,1,2,16.0759
9048,3,843.095,3,870.998,1,3,16.0727
9049,3,843.095,3,870.998,0,0,16.0695
9050,3,843.095,3,870.998,0,2,16.0663
9051,3,843.095,3,868.999,3,2,16.0631
9052,3,843.095,3,868.999,0,0,16.0599
9053,3,843.095,3,868.999,3,2,16.0566
9054,3,843.095,3,867.951,3,0,16.0534
9055,3,843.095,3,874.845,4,0,16.0502
9056,3,843.095,3,867.744,0,3,16.047
9057,3,843.095,3,867.744,0,1,16.0438
9058,3,843.095,3,867.744,0,1,16.0406
9059,3,843.095,3,871.608,4,2,16.0374
9060,3,843.095,3,871.608,0,3,16.0342
9061,3,843.095,3,871.142,0,2,16.031
9062,3,843.095,3,871.142,1,1,16.0278
9063,3,843.095,3,871.142,3,0,16.0246
9064,3,843.095,3,868.703,4,0,16.0214
9065,3,843.095,3,864.838,2,1,16.0182
9066,3,843.095,3,864.452,0,2,16.0149
9067,3,843.095,3,864.452,1,2,16.0117
9068,3,843.095,3,862.201,2,1,16.0085
9069,3,843.095,3,860.485,3,2,16.0053
9070,3,843.095,3,866.953,2,3,16.0021
9071,3,843.095,3,866.953,1,0,15.9989
9072,3,843.095,3,866.784,3,1,15.9957
9073,3,843.095,3,869.279,0,2,15.9925
9074,3,843.095,3,869.279,1,3,15.9893
9075,3,843.095,3,869.279,1,3,15.9861
9076,3,843.095,3,867.84,2,0,15.9829
9077,3,843.095,3,868.326,3,2,15.9797
9078,3,843.095,3,868.326,4,3,15.9766
9079,3,843.095,3,868.326,3,2,15.9734
9080,3,843.095,3,863.97,3,1,15.9702
9081,3,843.095,3,861.326,3,1,15.967
9082,3,843.095,3,861.326,4,1,15.9638
9083,3,843.095,3,861.326,0,2,15.9606
9084,3,843.095,3,864.224,3,2,15.9574
9085,3,843.095,3,864.224,3,0,15.9542
9086,3,843.095,3,864.224,4,1,15.951
9087,3,843.095,3,856.825,4,0,15.9478
9088,3,843.095,3,857.599,0,3,15.9446
9089,3,843.095,3,857.599,3,1,15.9414
9090,3,843.095,3,857.869,4,3,15.9383
9091,3,843.095,3,857.312,0,1,15.9351
9092,3,843.095,3,857.312,0,2,15.9319
9093,3,843.095,3,857.312,1,3,15.9287
9094,3,843.095,3,857.312,0,0,15.9255
9095,3,843.095,3,857.312,0,3,15.9223
9096,3,843.095,3,857.312,1,0,15.9191
9097,3,843.095,3,857.042,4,0,15.916
9098,3,843.095,3,857.042,2,1,15.9128
9099,3,843.095,3,863.531,2,3,15.9096
9100,3,843.095,3,857.042,2,0,15.9064
9101,3,843.095,3,857.042,4,2,15.9032
9102,3,843.095,3,857.042,1,1,15.9
9103,3,843.095,3,857.042,4,2,15.8969
9104,3,843.095,3,857.042,1,3,15.8937
9105,3,843.095,3,858.443,3,3,15.8905
9106,3,843.095,3,858.443,0,3,15.8873
9107,3,843.095,3,858.443,0,0,15.8841
9108,3,843.095,3,858.443,2,1,15.881
9109,3,843.095,3,858.443,4,2,15.8778
9110,3,843.095,3,858.443,4,1,15.8746
9111,3,843.095,3,858.443,1,1,15.8714
9112,3,843.095,3,858.443,1,2,15.8683
9113,3,843.095,3,858.443,1,0,15.8651
9114,3,843.095,3,858.443,1,2,15.8619
9115,3,843.095,3,858.443,3,1,15.8588
9116,3,843.095,3,858.057,3,2,15.8556
9117,3,843.095,3,859.167,2,3,15.8524
9118,3,843.095,3,866.385,3,1,15.8492
9119,3,843.095,3,866.385,2,3,15.8461
9120,3,843.095,3,866.385,1,0,15.8429
9121,3,843.095,3,866.385,4,0,15.8397
9122,3,843.095,3,866.385,3,0,15.8366
9123,3,843.095,3,866.385,4,1,15.8334
9124,3,843.095,3,865.753,4,0,15.8302
9125,3,843.095,3,865.753,1,3,15.8271
9126,3,843.095,3,862.608,0,3,15.8239
9127,3,843.095,3,856.932,2,2,15.8207
9128,3,843.095,3,856.615,4,3,15.8176
9129,3,843.095,3,856.615,1,3,15.8144
9130,3,843.095,3,856.615,4,0,15.8112
9131,3,843.095,3,888.637,1,0,15.8081
9132,3,843.095,3,888.637,1,2,15.8049
9133,3,843.095,3,888.637,2,2,15.8018
9134,3,843.095,3,884.081,2,1,15.7986
9135,3,843.095,3,880.213,3,2,15.7954
9136,3,843.095,3,881.578,3,0,15.7923
9137,3,843.095,3,881.578,2,3,15.7891
9138,3,843.095,3,881.578,3,0,15.786
9139,3,843.095,3,881.578,2,3,15.7828
9140,3,843.095,3,880.097,0,2,15.7796
9141,3,843.095,3,880.097,2,0,15.7765
9142,3,843.095,3,880.097,1,2,15.7733
9143,3,843.095,3,880.413,3,0,15.7702
9144,3,843.095,3,880.413,2,0,15.767
9145,3,843.095,3,879.9,0,3,15.7639
9146,3,843.095,3,879.9,2,3,15.7607
9147,3,843.095,3,879.9,3,2,15.7576
9148,3,843.095,3,882.08,3,1,15.7544
9149,3,843.095,3,866.611,3,2,15.7513
9150,3,843.095,3,864.628,0,1,15.7481
9151,3,843.095,3,864.628,1,2,15.745
9152,3,843.095,3,864.628,0,3,15.7418
9153,3,843.095,3,864.628,1,3,15.7387
9154,3,843.095,3,864.628,2,0,15.7355
9155,3,843.095,3,866.867,2,3,15.7324
9156,3,843.095,3,866.867,1,0,15.7292
9157,3,843.095,3,866.867,4,2,15.7261
9158,3,843.095,3,866.867,1,0,15.7229
9159,3,843.095,3,866.867,0,3,15.7198
9160,3,843.095,3,866.867,3,2,15.7166
9161,3,843.095,3,866.867,0,2,15.7135
9162,3,843.095,3,864.325,0,2,15.7104
9163,3,843.095,3,864.325,3,3,15.7072
9164,3,843.095,3,864.325,0,0,15.7041
9165,3,843.095,3,864.325,2,1,15.7009
9166,3,843.095,3,861.7,3,2,15.6978
9167,3,843.095,3,861.7,4,1,15.6947
9168,3,843.095,3,861.7,2,0,15.6915
9169,3,843.095,3,861.7,1,2,15.6884
9170,3,843.095,3,861.7,1,3,15.6852
9171,3,843.095,3,868.375,2,3,15.6821
9172,3,843.095,3,868.375,3,2,15.679
9173,3,843.095,3,864.51,2,2,15.6758
9174,3,843.095,3,864.51,1,1,15.6727
9175,3,843.095,3,864.51,3,2,15.6696
9176,3,843.095,3,863.976,4,3,15.6664
9177,3,843.095,3,863.976,0,1,15.6633
9178,3,843.095,3,863.976,0,0,15.6602
9179,3,843.095,3,864.442,2,0,15.657
9180,3,843.095,3,864.442,0,2,15.6539
9181,3,843.095,3,864.442,2,3,15.6508
9182,3,843.095,3,864.553,2,3,15.6476
9183,3,843.095,3,868.485,2,3,15.6445
9184,3,843.095,3,868.375,0,2,15.6414
9185,3,843.095,3,868.375,1,3,15.6383
9186,3,843.095,3,867.498,3,1,15.6351
9187,3,843.095,3,867.498,1,2,15.632
9188,3,843.095,3,863.633,2,2,15.6289
9189,3,843.095,3,863.633,0,3,15.6257
9190,3,843.095,3,863.633,4,1,15.6226
9191,3,843.095,3,863.633,4,3,15.6195
9192,3,843.095,3,863.633,1,0,15.6164
9193,3,843.095,3,861.997,3,0,15.6132
9194,3,843.095,3,861.997,0,3,15.6101
9195,3,843.095,3,861.997,2,1,15.607
9196,3,843.095,3,861.997,0,1,15.6039
9197,3,843.095,3,861.997,0,2,15.6008
9198,3,843.095,3,861.997,1,2,15.5976
9199,3,843.095,3,861.997,3,2,15.5945
9200,3,843.095,3,861.997,1,3,15.5914
9201,3,843.095,3,861.997,2,1,15.5883
9202,3,843.095,3,861.997,4,0,15.5852
9203,3,843.095,3,871.679,2,0,15.5821
9204,3,843.095,3,871.679,0,2,15.5789
9205,3,843.095,3,871.679,2,0,15.5758
9206,3,843.095,3,871.679,2,0,15.5727
9207,3,843.095,3,871.679,2,0,15.5696
9208,3,843.095,3,864.815,0,3,15.5665
9209,3,843.095,3,865.576,4,3,15.5634
9210,3,843.095,3,865.576,1,1,15.5602
9211,3,843.095,3,865.576,1,3,15.5571
9212,3,843.095,3,866.219,0,3,15.554
9213,3,843.095,3,861.821,0,0,15.5509
9214,3,843.095,3,859.319,4,3,15.5478
9215,3,843.095,3,859.319,3,1,15.5447
9216,3,843.095,3,859.083,4,2,15.5416
9217,3,843.095,3,864.975,2,3,15.5385
9218,3,843.095,3,864.514,3,1,15.5354
9219,3,843.095,3,863.202,2,1,15.5323
9220,3,843.095,3,863.202,3,3,15.5292
9221,3,843.095,3,863.202,2,3,15.5261
9222,3,843.095,3,863.202,2,2,15.5229
9223,3,843.095,3,863.202,1,3,15.5198
9224,3,843.095,3,875.05,0,3,15.5167
9225,3,843.095,3,875.05,4,2,15.5136
9226,3,843.095,3,874.83,4,0,15.5105
9227,3,843.095,3,874.83,4,0,15.5074
9228,3,843.095,3,874.83,3,2,15.5043
9229,3,843.095,3,874.83,2,1,15.5012
9230,3,843.095,3,874.83,0,1,15.4981
9231,3,843.095,3,874.83,0,3,15.495
9232,3,843.095,3,874.83,1,1,15.4919
9233,3,843.095,3,874.83,0,0,15.4888
9234,3,843.095,3,874.363,3,2,15.4857
9235,3,843.095,3,874.363,1,2,15.4826
9236,3,843.095,3,874.363,2,1,15.4795
9237,3,843.095,3,872.964,3,1,15.4764
9238,3,843.095,3,872.964,0,0,15.4733
9239,3,843.095,3,872.964,2,0,15.4703
9240,3,843.095,3,872.964,3,1,15.4672
9241,3,843.095,3,872.964,1,3,15.4641
9242,3,843.095,3,872.964,3,0,15.461
9243,3,843.095,3,872.964,4,1,15.4579
9244,3,843.095,3,872.625,3,3,15.4548
9245,3,843.095,3,872.625,4,2,15.4517
9246,3,843.095,3,872.625,1,2,15.4486
9247,3,843.095,3,873.047,4,3,15.4455
9248,3,843.095,3,873.047,3,1,15.4424
9249,3,843.095,3,872.534,3,0,15.4393
9250,3,843.095,3,873.933,3,1,15.4363
9251,3,843.095,3,884.171,3,2,15.4332
9252,3,843.095,3,880.348,2,1,15.4301
9253,3,843.095,3,882.194,2,3,15.427
9254,3,843.095,3,877.075,3,3,15.4239
9255,3,843.095,3,877.075,3,2,15.4208
9256,3,843.095,3,877.075,0,0,15.4177
9257,3,843.095,3,875.523,4,3,15.4147
9258,3,843.095,3,874.139,4,2,15.4116
9259,3,843.095,3,869.699,3,3,15.4085
9260,3,843.095,3,869.699,3,0,15.4054
9261,3,843.095,3,872.806,3,0,15.4023
9262,3,843.095,3,867.116,4,1,15.3992
9263,3,843.095,3,867.116,1,3,15.3962
9264,3,843.095,3,866.65,4,2,15.3931
9265,3,843.095,3,866.65,3,2,15.39
9266,3,843.095,3,866.65,2,0,15.3869
9267,3,843.095,3,866.65,0,3,15.3839
9268,3,843.095,3,879.712,3,0,15.3808
9269,3,843.095,3,879.712,4,3,15.3777
9270,3,843.095,3,879.712,0,2,15.3746
9271,3,843.095,3,879.712,3,1,15.3715
9272,3,843.095,3,879.101,0,2,15.3685
9273,3,843.095,3,872.517,2,1,15.3654
9274,3,843.095,3,868.526,2,2,15.3623
9275,3,843.095,3,863.562,3,2,15.3593
9276,3,843.095,3,863.562,2,1,15.3562
9277,3,843.095,3,863.562,4,3,15.3531
9278,3,843.095,3,863.562,1,1,15.35
9279,3,843.095,3,859.512,2,0,15.347
9280,3,843.095,3,859.512,3,1,15.3439
9281,3,843.095,3,859.512,1,3,15.3408
9282,3,843.095,3,859.512,1,0,15.3378
9283,3,843.095,3,859.709,0,3,15.3347
9284,3,843.095,3,859.709,0,1,15.3316
9285,3,843.095,3,859.709,2,2,15.3286
9286,3,843.095,3,859.709,1,1,15.3255
9287,3,843.095,3,859.709,4,1,15.3224
9288,3,843.095,3,859.709,4,3,15.3194
9289,3,843.095,3,859.709,2,2,15.3163
9290,3,843.095,3,859.709,3,2,15.3132
9291,3,843.095,3,859.709,3,1,15.3102
9292,3,843.095,3,859.709,0,2,15.3071
9293,3,843.095,3,866.316,4,0,15.3041
9294,3,843.095,3,866.316,1,1,15.301
9295,3,843.095,3,866.316,4,2,15.2979
9296,3,843.095,3,860.124,2,0,15.2949
9297,3,843.095,3,860.124,0,2,15.2918
9298,3,843.095,3,858.826,4,2,15.2888
9299,3,843.095,3,858.826,3,0,15.2857
9300,3,843.095,3,858.826,4,3,15.2826
9301,3,843.095,3,858.826,3,0,15.2796
9302,3,843.095,3,858.826,4,1,15.2765
9303,3,843.095,3,859.633,0,0,15.2735
9304,3,843.095,3,859.633,1,3,15.2704
9305,3,843.095,3,859.633,0,3,15.2674
9306,3,843.095,3,863.624,2,3,15.2643
9307,3,843.095,3,863.624,4,3,15.2613
9308,3,843.095,3,861.961,4,2,15.2582
9309,3,843.095,3,862.557,0,0,15.2552
9310,3,843.095,3,862.557,1,0,15.2521
9311,3,843.095,3,862.557,0,1,15.2491
9312,3,843.095,3,862.557,3,3,15.246
9313,3,843.095,3,862.557,4,3,15.243
9314,3,843.095,3,862.557,1,1,15.2399
9315,3,843.095,3,862.557,0,1,15.2369
9316,3,843.095,3,861.736,0,0,15.2338
9317,3,843.095,3,861.736,1,1,15.2308
9318,3,843.095,3,861.736,1,1,15.2277
9319,3,843.095,3,861.736,3,1,15.2247
9320,3,843.095,3,861.736,4,2,15.2216
9321,3,843.095,3,857.745,4,2,15.2186
9322,3,843.095,3,857.745,4,2,15.2155
9323,3,843.095,3,857.745,0,0,15.2125
9324,3,843.095,3,858.178,4,2,15.2095
9325,3,843.095,3,856.176,4,1,15.2064
9326,3,843.095,3,855.911,2,1,15.2034
9327,3,843.095,3,855.911,2,2,15.2003
9328,3,843.095,3,855.911,1,1,15.1973
9329,3,843.095,3,853.987,4,3,15.1943
9330,3,843.095,3,854.252,4,1,15.1912
9331,3,843.095,3,854.252,2,2,15.1882
9332,3,843.095,3,853.445,4,1,15.1851
9333,3,843.095,3,853.445,2,3,15.1821
9334,3,843.095,3,853.445,4,1,15.1791
9335,3,843.095,3,852.548,4,0,15.176
9336,3,843.095,3,860.441,0,0,15.173
9337,3,843.095,3,859.98,4,1,15.17
9338,3,843.095,3,859.98,3,2,15.1669
9339,3,843.095,3,871.502,3,2,15.1639
9340,3,843.095,3,871.502,3,2,15.1609
9341,3,843.095,3,871.502,0,1,15.1578
9342,3,843.095,3,871.502,2,1,15.1548
9343,3,843.095,3,868.307,2,0,15.1518
9344,3,843.095,3,869.081,0,3,15.1487
9345,3,843.095,3,865.696,3,1,15.1457
9346,3,843.095,3,875.379,2,2,15.1427
9347,3,843.095,3,874.321,0,0,15.1396
9348,3,843.095,3,871.686,2,0,15.1366
9349,3,843.095,3,871.686,3,1,15.1336
9350,3,843.095,3,871.711,2,3,15.1306
9351,3,843.095,3,869.769,0,1,15.1275
9352,3,843.095,3,865.359,2,3,15.1245
9353,3,843.095,3,864.585,0,0,15.1215
9354,3,843.095,3,871.242,2,3,15.1185
9355,3,843.095,3,871.175,0,2,15.1154
9356,3,843.095,3,870.949,0,0,15.1124
9357,3,843.095,3,863.926,2,0,15.1094
9358,3,843.095,3,860.258,2,1,15.1064
9359,3,843.095,3,860.258,1,0,15.1034
9360,3,843.095,3,860.258,2,2,15.1003
9361,3,843.095,3,861.658,2,1,15.0973
9362,3,843.095,3,861.658,4,2,15.0943
9363,3,843.095,3,861.658,2,0,15.0913
9364,3,843.095,3,861.658,2,2,15.0883
9365,3,843.095,3,861.658,1,0,15.0852
9366,3,843.095,3,861.658,4,1,15.0822
9367,3,843.095,3,861.658,3,1,15.0792
9368,3,843.095,3,861.658,2,0,15.0762
9369,3,843.095,3,861.658,0,2,15.0732
9370,3,843.095,3,861.658,4,2,15.0702
9371,3,843.095,3,861.658,1,1,15.0671
9372,3,843.095,3,861.658,4,1,15.0641
9373,3,843.095,3,861.658,0,3,15.0611
9374,3,843.095,3,861.658,0,3,15.0581
9375,3,843.095,3,861.658,1,0,15.0551
9376,3,843.095,3,861.658,1,3,15.0521
9377,3,843.095,3,861.658,3,2,15.0491
9378,3,843.095,3,861.658,3,0,15.0461
9379,3,843.095,3,861.658,3,2,15.0431
9380,3,843.095,3,862.26,0,3,15.04
9381,3,843.095,3,863.041,3,0,15.037
9382,3,843.095,3,865.432,4,3,15.034
9383,3,843.095,3,865.432,1,1,15.031
9384,3,843.095,3,865.432,4,1,15.028
9385,3,843.095,3,863.415,4,1,15.025
9386,3,843.095,3,863.415,1,2,15.022
9387,3,843.095,3,863.415,1,0,15.019
9388,3,843.095,3,863.415,2,3,15.016
9389,3,843.095,3,862.139,3,1,15.013
9390,3,843.095,3,862.139,1,0,15.01
9391,3,843.095,3,862.139,1,2,15.007
9392,3,843.095,3,862.139,0,3,15.004
9393,3,843.095,3,862.139,1,0,15.001
9394,3,843.095,3,862.139,4,1,14.998
9395,3,843.095,3,862.139,1,0,14.995
9396,3,843.095,3,859.561,3,1,14.992
9397,3,843.095,3,858.231,0,1,14.989
9398,3,843.095,3,858.231,2,1,14.986
9399,3,843.095,3,857.353,0,2,14.983
9400,3,843.095,3,857.353,1,0,14.98
9401,3,843.095,3,857.353,3,3,14.977
9402,3,843.095,3,857.353,1,3,14.974
9403,3,843.095,3,856.546,3,0,14.971
9404,3,843.095,3,857.946,4,3,14.968
9405,3,843.095,3,858.115,3,3,14.965
9406,3,843.095,3,858.115,4,1,14.962
9407,3,843.095,3,858.115,1,0,14.959
9408,3,843.095,3,858.115,3,0,14.956
9409,3,843.095,3,856.715,3,2,14.9531
9410,3,843.095,3,856.715,4,3,14.9501
9411,3,843.095,3,857.516,0,3,14.9471
9412,3,843.095,3,856.715,2,1,14.9441
9413,3,843.095,3,856.715,2,1,14.9411
9414,3,843.095,3,862.102,3,3,14.9381
9415,3,843.095,3,862.102,1,1,14.9351
9416,3,843.095,3,862.102,1,2,14.9321
9417,3,843.095,3,862.102,2,2,14.9291
9418,3,843.095,3,862.102,2,1,14.9262
9419,3,843.095,3,862.102,1,2,14.9232
9420,3,843.095,3,861.716,3,1,14.9202
9421,3,843.095,3,861.716,1,2,14.9172
9422,3,843.095,3,861.716,4,0,14.9142
9423,3,843.095,3,854.366,3,1,14.9112
9424,3,843.095,3,854.366,4,2,14.9083
9425,3,843.095,3,854.366,1,3,14.9053
9426,3,843.095,3,854.366,2,2,14.9023
9427,3,843.095,3,854.366,2,2,14.8993
9428,3,843.095,3,854.366,3,0,14.8963
9429,3,843.095,3,854.366,1,1,14.8934
9430,3,843.095,3,854.687,3,1,14.8904
9431,3,843.095,3,854.687,2,2,14.8874
9432,3,843.095,3,854.687,4,2,14.8844
9433,3,843.095,3,854.687,3,1,14.8814
9434,3,843.095,3,854.687,1,2,14.8785
9435,3,843.095,3,854.687,1,2,14.8755
9436,3,843.095,3,854.687,0,2,14.8725
9437,3,843.095,3,854.687,0,2,14.8695
9438,3,843.095,3,854.687,3,0,14.8666
9439,3,843.095,3,854.687,0,3,14.8636
9440,3,843.095,3,854.687,4,1,14.8606
9441,3,843.095,3,854.687,2,2,14.8577
9442,3,843.095,3,854.687,2,0,14.8547
9443,3,843.095,3,855.28,4,0,14.8517
9444,3,843.095,3,855.28,4,2,14.8487
9445,3,843.095,3,855.28,2,3,14.8458
9446,3,843.095,3,855.28,3,0,14.8428
9447,3,843.095,3,855.28,3,3,14.8398
9448,3,843.095,3,854.473,2,3,14.8369
9449,3,843.095,3,852.721,4,2,14.8339
9450,3,843.095,3,852.721,2,3,14.8309
9451,3,843.095,3,852.721,0,0,14.828
9452,3,843.095,3,854.319,4,1,14.825
9453,3,843.095,3,852.721,4,0,14.822
9454,3,843.095,3,852.721,2,0,14.8191
9455,3,843.095,3,852.721,3,2,14.8161
9456,3,843.095,3,852.721,2,2,14.8131
9457,3,843.095,3,852.721,2,1,14.8102
9458,3,843.095,3,852.721,0,0,14.8072
9459,3,843.095,3,852.721,1,2,14.8043
9460,3,843.095,3,852.721,2,2,14.8013
9461,3,843.095,3,852.721,1,1,14.7983
9462,3,843.095,3,851.825,4,0,14.7954
9463,3,843.095,3,851.825,0,1,14.7924
9464,3,843.095,3,851.825,4,3,14.7895
9465,3,843.095,3,851.825,2,0,14.7865
9466,3,843.095,3,851.825,1,1,14.7835
9467,3,843.095,3,851.825,4,3,14.7806
9468,3,843.095,3,851.825,0,0,14.7776
9469,3,843.095,3,852.141,4,2,14.7747
9470,3,843.095,3,851.825,0,0,14.7717
9471,3,843.095,3,851.825,0,1,14.7688
9472,3,843.095,3,851.825,3,2,14.7658
9473,3,843.095,3,851.825,1,0,14.7629
9474,3,843.095,3,851.825,3,1,14.7599
9475,3,843.095,3,851.825,0,2,14.757
9476,3,843.095,3,851.825,0,2,14.754
9477,3,843.095,3,851.825,4,3,14.751
9478,3,843.095,3,851.825,1,1,14.7481
9479,3,843.095,3,851.825,1,2,14.7451
9480,3,843.095,3,851.825,4,3,14.7422
9481,3,843.095,3,851.825,1,0,14.7393
9482,3,843.095,3,851.825,1,1,14.7363
9483,3,843.095,3,851.825,4,1,14.7334
9484,3,843.095,3,851.825,3,2,14.7304
9485,3,843.095,3,851.825,1,0,14.7275
9486,3,843.095,3,851.825,1,3,14.7245
9487,3,843.095,3,851.825,4,1,14.7216
9488,3,843.095,3,851.825,0,1,14.7186
9489,3,843.095,3,851.825,1,1,14.7157
9490,3,843.095,3,851.825,4,1,14.7127
9491,3,843.095,3,851.825,1,1,14.7098
9492,3,843.095,3,853.263,2,1,14.7069
9493,3,843.095,3,851.825,2,3,14.7039
9494,3,843.095,3,854.229,0,0,14.701
9495,3,843.095,3,854.229,0,1,14.698
9496,3,843.095,3,854.229,0,2,14.6951
9497,3,843.095,3,854.229,1,0,14.6922
9498,3,843.095,3,854.229,0,3,14.6892
9499,3,843.095,3,853.013,3,3,14.6863
9500,3,843.095,3,853.013,2,2,14.6833
9501,3,843.095,3,853.498,3,2,14.6804
9502,3,843.095,3,853.498,1,0,14.6775
9503,3,843.095,3,853.498,3,2,14.6745
9504,3,843.095,3,851.094,0,1,14.6716
9505,3,843.095,3,851.094,4,0,14.6687
9506,3,843.095,3,851.094,2,0,14.6657
9507,3,843.095,3,851.094,3,3,14.6628
9508,3,843.095,3,851.094,1,0,14.6599
9509,3,843.095,3,851.094,1,0,14.6569
9510,3,843.095,3,851.094,2,2,14.654
9511,3,843.095,3,851.094,0,2,14.6511
9512,3,843.095,3,851.094,1,3,14.6481
9513,3,843.095,3,849.693,0,2,14.6452
9514,3,843.095,3,849.693,0,0,14.6423
9515,3,843.095,3,849.524,3,3,14.6394
9516,3,843.095,3,851.86,3,0,14.6364
9517,3,843.095,3,851.86,1,0,14.6335
9518,3,843.095,3,851.86,2,2,14.6306
9519,3,843.095,3,851.86,3,0,14.6276
9520,3,843.095,3,851.86,1,0,14.6247
9521,3,843.095,3,851.86,0,1,14.6218
9522,3,843.095,3,851.86,4,0,14.6189
9523,3,843.095,3,851.86,2,3,14.6159
9524,3,843.095,3,851.86,0,2,14.613
9525,3,843.095,3,851.86,4,1,14.6101
9526,3,843.095,3,851.86,3,2,14.6072
9527,3,843.095,3,851.86,4,2,14.6043
9528,3,843.095,3,851.86,4,3,14.6013
9529,3,843.095,3,851.86,1,1,14.5984
9530,3,843.095,3,851.86,3,0,14.5955
9531,3,843.095,3,851.86,2,1,14.5926
9532,3,843.095,3,853.076,2,0,14.5897
9533,3,843.095,3,853.076,2,3,14.5867
9534,3,843.095,3,853.076,2,0,14.5838
9535,3,843.095,3,853.076,2,2,14.5809
9536,3,843.095,3,853.076,0,0,14.578
9537,3,843.095,3,853.076,0,3,14.5751
9538,3,843.095,3,854.478,2,0,14.5722
9539,3,843.095,3,854.478,4,2,14.5692
9540,3,843.095,3,854.478,1,1,14.5663
9541,3,843.095,3,859.112,4,3,14.5634
9542,3,843.095,3,859.008,3,1,14.5605
9543,3,843.095,3,856.38,2,0,14.5576
9544,3,843.095,3,856.38,1,0,14.5547
9545,3,843.095,3,856.38,1,0,14.5518
9546,3,843.095,3,870.664,3,3,14.5489
9547,3,843.095,3,870.664,1,3,14.546
9548,3,843.095,3,861.304,0,2,14.543
9549,3,843.095,3,861.897,4,2,14.5401
9550,3,843.095,3,862.703,0,3,14.5372
9551,3,843.095,3,869.254,2,0,14.5343
9552,3,843.095,3,869.254,1,2,14.5314
9553,3,843.095,3,862.715,0,3,14.5285
9554,3,843.095,3,861.963,4,1,14.5256
9555,3,843.095,3,861.066,3,1,14.5227
9556,3,843.095,3,861.066,2,2,14.5198
9557,3,843.095,3,861.066,2,0,14.5169
9558,3,843.095,3,861.066,1,0,14.514
9559,3,843.095,3,861.066,3,1,14.5111
9560,3,843.095,3,855.521,4,2,14.5082
9561,3,843.095,3,855.521,0,0,14.5053
9562,3,843.095,3,855.521,1,1,14.5024
9563,3,843.095,3,855.521,1,2,14.4995
9564,3,843.095,3,855.521,0,1,14.4966
9565,3,843.095,3,857.857,3,3,14.4937
9566,3,843.095,3,857.857,2,1,14.4908
9567,3,843.095,3,857.857,1,0,14.4879
9568,3,843.095,3,857.857,1,2,14.485
9569,3,843.095,3,857.857,2,1,14.4821
9570,3,843.095,3,857.541,0,1,14.4792
9571,3,843.095,3,857.541,2,0,14.4763
9572,3,843.095,3,857.541,0,1,14.4734
9573,3,843.095,3,857.541,3,1,14.4705
9574,3,843.095,3,857.541,1,0,14.4676
9575,3,843.095,3,853.751,0,3,14.4647
9576,3,843.095,3,854.425,2,0,14.4618
9577,3,843.095,3,854.425,2,1,14.4589
9578,3,843.095,3,854.425,3,0,14.456
9579,3,843.095,3,854.425,2,2,14.4531
9580,3,843.095,3,854.425,0,3,14.4503
9581,3,843.095,3,854.425,0,3,14.4474
9582,3,843.095,3,854.425,2,0,14.4445
9583,3,843.095,3,854.425,3,1,14.4416
9584,3,843.095,3,854.425,4,0,14.4387
9585,3,843.095,3,854.425,1,3,14.4358
9586,3,843.095,3,854.425,2,3,14.4329
9587,3,843.095,3,854.425,1,1,14.43
9588,3,843.095,3,854.425,4,1,14.4272
9589,3,843.095,3,854.425,2,2,14.4243
9590,3,843.095,3,854.425,1,2,14.4214
9591,3,843.095,3,854.425,2,0,14.4185
9592,3,843.095,3,854.425,4,0,14.4156
9593,3,843.095,3,854.425,3,1,14.4127
9594,3,843.095,3,854.425,2,1,14.4098
9595,3,843.095,3,854.425,4,2,14.407
9596,3,843.095,3,854.425,3,3,14.4041
9597,3,843.095,3,854.425,1,1,14.4012
9598,3,843.095,3,854.425,0,0,14.3983
9599,3,843.095,3,854.425,2,1,14.3954
9600,3,843.095,3,854.425,0,2,14.3926
9601,3,843.095,3,854.425,1,2,14.3897
9602,3,843.095,3,854.425,0,0,14.3868
9603,3,843.095,3,854.425,0,0,14.3839
9604,3,843.095,3,854.425,4,3,14.3811
9605,3,843.095,3,854.425,4,1,14.3782
9606,3,843.095,3,854.425,3,1,14.3753
9607,3,843.095,3,854.425,1,2,14.3724
9608,3,843.095,3,854.425,1,0,14.3696
9609,3,843.095,3,854.425,3,1,14.3667
9610,3,843.095,3,855.304,3,0,14.3638
9611,3,843.095,3,855.304,3,1,14.3609
9612,3,843.095,3,874.727,2,3,14.3581
9613,3,843.095,3,866.683,2,2,14.3552
9614,3,843.095,3,866.683,1,1,14.3523
9615,3,843.095,3,866.683,1,3,14.3494
9616,3,843.095,3,866.683,2,3,14.3466
9617,3,843.095,3,866.267,3,1,14.3437
9618,3,843.095,3,866.267,3,0,14.3408
9619,3,843.095,3,866.267,1,0,14.338
9620,3,843.095,3,866.267,2,2,14.3351
9621,3,843.095,3,867.904,2,0,14.3322
9622,3,843.095,3,867.904,4,2,14.3294
9623,3,843.095,3,867.904,4,0,14.3265
9624,3,843.095,3,868.157,4,2,14.3236
9625,3,843.095,3,868.157,3,2,14.3208
9626,3,843.095,3,868.157,1,3,14.3179
9627,3,843.095,3,868.157,2,0,14.315
9628,3,843.095,3,868.157,1,3,14.3122
9629,3,843.095,3,859.007,4,1,14.3093
9630,3,843.095,3,859.007,2,3,14.3065
9631,3,843.095,3,859.007,1,3,14.3036
9632,3,843.095,3,859.007,1,0,14.3007
9633,3,843.095,3,859.007,3,0,14.2979
9634,3,843.095,3,859.007,3,0,14.295
9635,3,843.095,3,860.075,2,3,14.2922
9636,3,843.095,3,860.075,0,0,14.2893
9637,3,843.095,3,859.473,0,1,14.2864
9638,3,843.095,3,859.473,4,2,14.2836
9639,3,843.095,3,859.007,3,0,14.2807
9640,3,843.095,3,859.323,4,0,14.2779
9641,3,843.095,3,854.74,4,1,14.275
9642,3,843.095,3,864.989,2,3,14.2722
9643,3,843.095,3,864.989,1,0,14.2693
9644,3,843.095,3,864.989,4,1,14.2665
9645,3,843.095,3,854.958,3,1,14.2636
9646,3,843.095,3,854.958,0,1,14.2607
9647,3,843.095,3,854.958,0,1,14.2579
9648,3,843.095,3,854.423,2,1,14.255
9649,3,843.095,3,854.423,4,0,14.2522
9650,3,843.095,3,854.423,3,1,14.2493
9651,3,843.095,3,854.423,2,2,14.2465
9652,3,843.095,3,853.024,0,1,14.2436
9653,3,843.095,3,853.024,1,0,14.2408
9654,3,843.095,3,853.024,1,2,14.2379
9655,3,843.095,3,853.024,0,0,14.2351
9656,3,843.095,3,853.005,4,3,14.2323
9657,3,843.095,3,853.005,2,0,14.2294
9658,3,843.095,3,850.577,4,1,14.2266
9659,3,843.095,3,856.989,3,0,14.2237
9660,3,843.095,3,856.989,1,0,14.2209
9661,3,843.095,3,856.989,4,2,14.218
9662,3,843.095,3,856.989,2,1,14.2152
9663,3,843.095,3,856.989,1,1,14.2123
9664,3,843.095,3,856.989,3,1,14.2095
9665,3,843.095,3,856.989,4,1,14.2067
9666,3,843.095,3,856.989,3,1,14.2038
9667,3,843.095,3,857.306,4,3,14.201
9668,3,843.095,3,857.306,1,3,14.1981
9669,3,843.095,3,857.306,0,1,14.1953
9670,3,843.095,3,856.989,0,2,14.1925
9671,3,843.095,3,869.266,3,0,14.1896
9672,3,843.095,3,869.266,1,1,14.1868
9673,3,843.095,3,869.266,3,3,14.1839
9674,3,843.095,3,864.035,0,2,14.1811
9675,3,843.095,3,864.035,1,3,14.1783
9676,3,843.095,3,864.035,1,2,14.1754
9677,3,843.095,3,864.035,2,3,14.1726
9678,3,843.095,3,864.035,1,2,14.1698
9679,3,843.095,3,864.035,1,2,14.1669
9680,3,843.095,3,864.035,1,3,14.1641
9681,3,843.095,3,862.854,4,1,14.1613
9682,3,843.095,3,858.501,2,1,14.1584
9683,3,843.095,3,857.68,4,1,14.1556
9684,3,843.095,3,857.68,1,2,14.1528
9685,3,843.095,3,851.976,3,1,14.1499
9686,3,843.095,3,851.976,3,2,14.1471
9687,3,843.095,3,851.976,2,3,14.1443
9688,3,843.095,3,851.976,3,1,14.1414
9689,3,843.095,3,851.976,2,1,14.1386
9690,3,843.095,3,851.976,2,2,14.1358
9691,3,843.095,3,851.976,3,2,14.133
9692,3,843.095,3,850.577,0,0,14.1301
9693,3,843.095,3,850.577,2,0,14.1273
9694,3,843.095,3,850.577,3,1,14.1245
9695,3,843.095,3,850.577,2,2,14.1217
9696,3,843.095,3,850.577,2,3,14.1188
9697,3,843.095,3,850.577,4,2,14.116
9698,3,843.095,3,850.577,4,1,14.1132
9699,3,843.095,3,850.577,1,1,14.1104
9700,3,843.095,3,850.577,1,0,14.1075
9701,3,843.095,3,850.813,4,3,14.1047
9702,3,843.095,3,852.212,2,1,14.1019
9703,3,843.095,3,851.976,0,3,14.0991
9704,3,843.095,3,858.389,0,3,14.0963
9705,3,843.095,3,858.389,2,3,14.0934
9706,3,843.095,3,858.625,4,1,14.0906
9707,3,843.095,3,866.516,4,2,14.0878
9708,3,843.095,3,866.516,3,1,14.085
9709,3,843.095,3,861.049,2,0,14.0822
9710,3,843.095,3,861.049,4,2,14.0794
9711,3,843.095,3,861.049,1,1,14.0765
9712,3,843.095,3,861.049,4,0,14.0737
9713,3,843.095,3,861.049,0,3,14.0709
9714,3,843.095,3,861.049,1,3,14.0681
9715,3,843.095,3,870.137,2,3,14.0653
9716,3,843.095,3,869.925,0,0,14.0625
9717,3,843.095,3,869.925,1,2,14.0597
9718,3,843.095,3,864.121,3,3,14.0568
9719,3,843.095,3,864.091,2,1,14.054
9720,3,843.095,3,864.091,1,2,14.0512
9721,3,843.095,3,864.091,0,3,14.0484
9722,3,843.095,3,859.655,2,2,14.0456
9723,3,843.095,3,859.655,0,2,14.0428
9724,3,843.095,3,859.655,4,1,14.04
9725,3,843.095,3,859.655,0,2,14.0372
9726,3,843.095,3,864.091,3,1,14.0344
9727,3,843.095,3,864.091,3,1,14.0316
9728,3,843.095,3,864.091,2,2,14.0288
9729,3,843.095,3,864.091,1,2,14.0259
9730,3,843.095,3,864.091,1,2,14.0231
9731,3,843.095,3,864.091,0,3,14.0203
9732,3,843.095,3,864.091,1,3,14.0175
9733,3,843.095,3,864.091,0,0,14.0147
9734,3,843.095,3,864.835,3,2,14.0119
9735,3,843.095,3,871.35,3,0,14.0091
9736,3,843.095,3,873.515,0,3,14.0063
9737,3,843.095,3,873.001,0,1,14.0035
9738,3,843.095,3,873.001,0,3,14.0007
9739,3,843.095,3,873.001,1,0,13.9979
9740,3,843.095,3,873.001,0,1,13.9951
9741,3,843.095,3,873.001,0,0,13.9923
9742,3,843.095,3,873.001,2,0,13.9895
9743,3,843.095,3,872.491,2,3,13.9867
9744,3,843.095,3,869.865,2,3,13.9839
9745,3,843.095,3,869.865,0,0,13.9811
9746,3,843.095,3,869.865,3,2,13.9783
9747,3,843.095,3,863.879,4,1,13.9755
9748,3,843.095,3,863.879,4,1,13.9727
9749,3,843.095,3,863.879,3,2,13.97
9750,3,843.095,3,863.879,0,1,13.9672
9751,3,843.095,3,863.879,3,0,13.9644
9752,3,843.095,3,863.879,3,3,13.9616
9753,3,843.095,3,861.385,2,3,13.9588
9754,3,843.095,3,861.385,0,3,13.956
9755,3,843.095,3,861.385,1,1,13.9532
9756,3,843.095,3,861.149,3,1,13.9504
9757,3,843.095,3,861.149,3,0,13.9476
9758,3,843.095,3,861.149,4,2,13.9448
9759,3,843.095,3,860.538,0,0,13.942
9760,3,843.095,3,857.295,4,1,13.9392
9761,3,843.095,3,857.531,2,1,13.9365
9762,3,843.095,3,857.531,4,1,13.9337
9763,3,843.095,3,857.531,0,0,13.9309
9764,3,843.095,3,857.531,1,3,13.9281
9765,3,843.095,3,857.531,3,0,13.9253
9766,3,843.095,3,857.295,3,2,13.9225
9767,3,843.095,3,858.647,4,0,13.9197
9768,3,843.095,3,858.647,4,3,13.917
9769,3,843.095,3,858.647,1,1,13.9142
9770,3,843.095,3,858.647,3,3,13.9114
9771,3,843.095,3,858.647,0,0,13.9086
9772,3,843.095,3,858.647,3,2,13.9058
9773,3,843.095,3,858.882,4,3,13.9031
9774,3,843.095,3,858.882,1,3,13.9003
9775,3,843.095,3,858.882,3,0,13.8975
9776,3,843.095,3,857.726,2,1,13.8947
9777,3,843.095,3,857.726,0,2,13.8919
9778,3,843.095,3,857.818,4,2,13.8892
9779,3,843.095,3,859.873,2,3,13.8864
9780,3,843.095,3,859.873,3,1,13.8836
9781,3,843.095,3,859.873,1,3,13.8808
9782,3,843.095,3,859.82,0,0,13.878
9783,3,843.095,3,859.82,2,0,13.8753
9784,3,843.095,3,859.82,1,3,13.8725
9785,3,843.095,3,859.82,2,2,13.8697
9786,3,843.095,3,859.82,4,0,13.8669
9787,3,843.095,3,859.82,1,0,13.8642
9788,3,843.095,3,859.82,1,1,13.8614
9789,3,843.095,3,859.82,1,2,13.8586
9790,3,843.095,3,859.82,3,0,13.8559
9791,3,843.095,3,859.82,1,2,13.8531
9792,3,843.095,3,859.82,4,2,13.8503
9793,3,843.095,3,859.82,1,2,13.8475
9794,3,843.095,3,859.82,4,0,13.8448
9795,3,843.095,3,859.82,1,2,13.842
9796,3,843.095,3,859.82,3,3,13.8392
9797,3,843.095,3,859.82,0,0,13.8365
9798,3,843.095,3,859.82,1,0,13.8337
9799,3,843.095,3,859.82,1,1,13.8309
9800,3,843.095,3,859.82,3,3,13.8282
9801,3,843.095,3,860.136,4,0,13.8254
9802,3,843.095,3,860.991,2,3,13.8226
9803,3,843.095,3,853.824,2,0,13.8199
9804,3,843.095,3,853.824,2,2,13.8171
9805,3,843.095,3,856.45,2,3,13.8143
9806,3,843.095,3,856.45,0,1,13.8116
9807,3,843.095,3,856.45,1,1,13.8088
9808,3,843.095,3,856.45,0,1,13.8061
9809,3,843.095,3,856.238,0,0,13.8033
9810,3,843.095,3,856.238,1,0,13.8005
9811,3,843.095,3,856.238,1,2,13.7978
9812,3,843.095,3,856.238,2,0,13.795
9813,3,843.095,3,853.824,2,1,13.7923
9814,3,843.095,3,853.824,2,0,13.7895
9815,3,843.095,3,853.824,0,1,13.7867
9816,3,843.095,3,853.824,1,1,13.784
9817,3,843.095,3,853.824,4,0,13.7812
9818,3,843.095,3,853.824,0,1,13.7785
9819,3,843.095,3,853.824,4,3,13.7757
9820,3,843.095,3,853.824,0,3,13.773
9821,3,843.095,3,853.824,0,1,13.7702
9822,3,843.095,3,853.061,4,3,13.7675
9823,3,843.095,3,851.429,0,1,13.7647
9824,3,843.095,3,851.112,3,1,13.7619
9825,3,843.095,3,851.112,3,0,13.7592
9826,3,843.095,3,851.112,1,3,13.7564
9827,3,843.095,3,851.112,0,1,13.7537
9828,3,843.095,3,851.021,3,1,13.7509
9829,3,843.095,3,851.021,0,1,13.7482
9830,3,843.095,3,851.021,1,2,13.7454
9831,3,843.095,3,851.021,1,1,13.7427
9832,3,843.095,3,851.257,3,3,13.7399
9833,3,843.095,3,850.813,3,1,13.7372
9834,3,843.095,3,851.634,3,2,13.7344
9835,3,843.095,3,851.634,1,2,13.7317
9836,3,843.095,3,851.634,1,2,13.729
9837,3,843.095,3,851.634,0,2,13.7262
9838,3,843.095,3,851.634,1,3,13.7235
9839,3,843.095,3,851.634,1,0,13.7207
9840,3,843.095,3,850.813,3,1,13.718
9841,3,843.095,3,850.923,2,3,13.7152
9842,3,843.095,3,850.923,4,3,13.7125
9843,3,843.095,3,850.923,3,3,13.7097
9844,3,843.095,3,853.559,2,3,13.707
9845,3,843.095,3,853.559,1,1,13.7043
9846,3,843.095,3,852.621,2,2,13.7015
9847,3,843.095,3,852.621,1,0,13.6988
9848,3,843.095,3,852.68,3,3,13.696
9849,3,843.095,3,852.68,0,3,13.6933
9850,3,843.095,3,852.68,1,0,13.6906
9851,3,843.095,3,852.68,2,2,13.6878
9852,3,843.095,3,852.68,3,1,13.6851
9853,3,843.095,3,852.511,0,2,13.6824
9854,3,843.095,3,852.511,4,2,13.6796
9855,3,843.095,3,852.511,0,1,13.6769
9856,3,843.095,3,852.511,1,2,13.6741
9857,3,843.095,3,852.511,1,0,13.6714
9858,3,843.095,3,852.511,0,1,13.6687
9859,3,843.095,3,852.827,4,2,13.6659
9860,3,843.095,3,852.827,2,2,13.6632
9861,3,843.095,3,854.629,4,3,13.6605
9862,3,843.095,3,854.629,2,2,13.6577
9863,3,843.095,3,855.096,2,0,13.655
9864,3,843.095,3,855.096,2,2,13.6523
9865,3,843.095,3,854.779,4,1,13.6495
9866,3,843.095,3,854.779,3,3,13.6468
9867,3,843.095,3,862.271,4,0,13.6441
9868,3,843.095,3,861.805,4,2,13.6414
9869,3,843.095,3,861.805,3,0,13.6386
9870,3,843.095,3,861.805,3,0,13.6359
9871,3,843.095,3,860.722,3,2,13.6332
9872,3,843.095,3,860.722,4,1,13.6305
9873,3,843.095,3,860.722,2,2,13.6277
9874,3,843.095,3,860.722,3,1,13.625
9875,3,843.095,3,860.722,2,3,13.6223
9876,3,843.095,3,860.722,1,3,13.6195
9877,3,843.095,3,860.722,4,2,13.6168
9878,3,843.095,3,853.321,4,3,13.6141
9879,3,843.095,3,853.321,0,1,13.6114
9880,3,843.095,3,853.321,4,0,13.6087
9881,3,843.095,3,854.176,0,3,13.6059
9882,3,843.095,3,854.966,3,3,13.6032
9883,3,843.095,3,854.966,1,0,13.6005
9884,3,843.095,3,854.966,0,2,13.5978
9885,3,843.095,3,854.639,2,3,13.5951
9886,3,843.095,3,854.639,1,3,13.5923
9887,3,843.095,3,854.639,0,2,13.5896
9888,3,843.095,3,850.577,3,1,13.5869
9889,3,843.095,3,850.577,4,1,13.5842
9890,3,843.095,3,854.656,0,2,13.5815
9891,3,843.095,3,854.656,4,3,13.5787
9892,3,843.095,3,854.747,2,3,13.576
9893,3,843.095,3,855.685,2,3,13.5733
9894,3,843.095,3,855.685,3,2,13.5706
9895,3,843.095,3,855.685,4,0,13.5679
9896,3,843.095,3,855.685,2,3,13.5652
9897,3,843.095,3,855.685,4,0,13.5625
9898,3,843.095,3,855.685,1,3,13.5597
9899,3,843.095,3,866.362,2,0,13.557
9900,3,843.095,3,866.362,1,1,13.5543
9901,3,843.095,3,866.362,1,1,13.5516
9902,3,843.095,3,859.017,2,0,13.5489
9903,3,843.095,3,858.392,4,2,13.5462
9904,3,843.095,3,856.992,2,1,13.5435
9905,3,843.095,3,856.992,4,3,13.5408
9906,3,843.095,3,856.992,2,0,13.5381
9907,3,843.095,3,856.992,2,1,13.5354
9908,3,843.095,3,863.602,3,3,13.5327
9909,3,843.095,3,863.298,3,2,13.5299
9910,3,843.095,3,863.298,4,3,13.5272
9911,3,843.095,3,863.298,1,3,13.5245
9912,3,843.095,3,859.219,0,1,13.5218
9913,3,843.095,3,858.756,4,3,13.5191
9914,3,843.095,3,855.005,2,1,13.5164
9915,3,843.095,3,855.005,3,0,13.5137
9916,3,843.095,3,855.005,2,2,13.511
9917,3,843.095,3,855.005,1,1,13.5083
9918,3,843.095,3,855.005,4,1,13.5056
9919,3,843.095,3,855.005,1,3,13.5029
9920,3,843.095,3,855.601,3,3,13.5002
9921,3,843.095,3,855.601,2,3,13.4975
9922,3,843.095,3,855.601,2,1,13.4948
9923,3,843.095,3,855.015,0,2,13.4921
9924,3,843.095,3,855.015,1,0,13.4894
9925,3,843.095,3,854.779,2,3,13.4867
9926,3,843.095,3,854.779,4,1,13.484
9927,3,843.095,3,861.805,4,0,13.4813
9928,3,843.095,3,862.122,3,0,13.4786
9929,3,843.095,3,862.122,1,2,13.4759
9930,3,843.095,3,862.588,2,0,13.4732
9931,3,843.095,3,861.805,0,3,13.4705
9932,3,843.095,3,861.805,3,2,13.4678
9933,3,843.095,3,862.339,3,3,13.4652
9934,3,843.095,3,862.339,1,1,13.4625
9935,3,843.095,3,874.597,0,3,13.4598
9936,3,843.095,3,874.063,3,1,13.4571
9937,3,843.095,3,877.742,4,1,13.4544
9938,3,843.095,3,881.677,0,3,13.4517
9939,3,843.095,3,879.582,0,0,13.449
9940,3,843.095,3,875.647,3,2,13.4463
9941,3,843.095,3,875.647,0,1,13.4436
9942,3,843.095,3,875.647,4,1,13.4409
9943,3,843.095,3,875.647,1,2,13.4382
9944,3,843.095,3,875.647,3,1,13.4356
9945,3,843.095,3,875.647,3,0,13.4329
9946,3,843.095,3,875.647,1,1,13.4302
9947,3,843.095,3,875.647,1,3,13.4275
9948,3,843.095,3,867.617,0,2,13.4248
9949,3,843.095,3,867.617,4,2,13.4221
9950,3,843.095,3,870.904,4,3,13.4194
9951,3,843.095,3,870.904,1,2,13.4168
9952,3,843.095,3,862.278,4,1,13.4141
9953,3,843.095,3,862.278,3,2,13.4114
9954,3,843.095,3,862.278,3,2,13.4087
9955,3,843.095,3,862.278,3,2,13.406
9956,3,843.095,3,861.765,3,3,13.4033
9957,3,843.095,3,861.765,3,1,13.4007
9958,3,843.095,3,861.765,0,2,13.398
9959,3,843.095,3,858.076,4,2,13.3953
9960,3,843.095,3,858.076,4,1,13.3926
9961,3,843.095,3,858.076,3,0,13.39
9962,3,843.095,3,858.076,3,0,13.3873
9963,3,843.095,3,863.979,0,3,13.3846
9964,3,843.095,3,855.634,2,2,13.3819
9965,3,843.095,3,855.634,1,3,13.3792
9966,3,843.095,3,855.634,3,3,13.3766
9967,3,843.095,3,855.634,2,1,13.3739
9968,3,843.095,3,855.634,1,1,13.3712
9969,3,843.095,3,855.634,1,0,13.3685
9970,3,843.095,3,855.634,0,2,13.3659
9971,3,843.095,3,855.634,1,3,13.3632
9972,3,843.095,3,856.409,3,3,13.3605
9973,3,843.095,3,856.409,1,3,13.3579
9974,3,843.095,3,856.409,2,1,13.3552
9975,3,843.095,3,856.409,2,0,13.3525
9976,3,843.095,3,856.409,2,2,13.3498
9977,3,843.095,3,856.409,4,0,13.3472
9978,3,843.095,3,856.409,3,1,13.3445
9979,3,843.095,3,856.409,1,2,13.3418
9980,3,843.095,3,856.409,1,3,13.3392
9981,3,843.095,3,856.409,2,0,13.3365
9982,3,843.095,3,856.409,3,0,13.3338
9983,3,843.095,3,856.409,4,1,13.3312
9984,3,843.095,3,856.409,0,1,13.3285
9985,3,843.095,3,855.634,0,2,13.3258
9986,3,843.095,3,855.634,2,1,13.3232
9987,3,843.095,3,854.244,4,1,13.3205
9988,3,843.095,3,854.244,0,2,13.3178
9989,3,843.095,3,854.244,1,2,13.3152
9990,3,843.095,3,854.244,3,3,13.3125
9991,3,843.095,3,852.845,4,1,13.3098
9992,3,843.095,3,852.845,3,3,13.3072
9993,3,843.095,3,885.925,1,3,13.3045
9994,3,843.095,3,879.395,2,2,13.3019
9995,3,843.095,3,877.613,4,0,13.2992
9996,3,843.095,3,879.093,4,3,13.2965
9997,3,843.095,3,879.093,3,2,13.2939
9998,3,843.095,3,879.151,0,0,13.2912
9999,3,843.095,3,879.151,2,3,13.2886
10000,3,843.095,3,879.151,4,2,13.2859
10001,3,843.095,3,879.151,1,3,13.2832
10002,3,843.095,3,879.151,4,0,13.2806
10003,3,843.095,3,878.896,0,2,13.2779
10004,3,843.095,3,878.867,0,3,13.2753
10005,3,843.095,3,878.867,3,1,13.2726
10006,3,843.095,3,877.467,0,1,13.27
10007,3,843.095,3,877.467,4,1,13.2673
10008,3,843.095,3,878.989,4,2,13.2647
10009,3,843.095,3,878.34,3,3,13.262
10010,3,843.095,3,878.34,1,3,13.2594
10011,3,843.095,3,880.42,4,2,13.2567
10012,3,843.095,3,880.42,2,2,13.2541
10013,3,843.095,3,877.86,4,0,13.2514
10014,3,843.095,3,877.86,0,1,13.2488
10015,3,843.095,3,880.858,3,3,13.2461
10016,3,843.095,3,879.26,0,1,13.2435
10017,3,843.095,3,879.26,0,1,13.2408
10018,3,843.095,3,879.26,2,0,13.2382
10019,3,843.095,3,879.26,2,1,13.2355
10020,3,843.095,3,879.26,1,1,13.2329
10021,3,843.095,3,879.726,2,0,13.2302
10022,3,843.095,3,879.726,2,3,13.2276
10023,3,843.095,3,879.726,1,3,13.2249
10024,3,843.095,3,879.726,2,3,13.2223
10025,3,843.095,3,879.726,1,2,13.2196
10026,3,843.095,3,879.726,2,0,13.217
10027,3,843.095,3,879.726,2,0,13.2143
10028,3,843.095,3,879.726,1,2,13.2117
10029,3,843.095,3,879.726,1,3,13.2091
10030,3,843.095,3,879.726,4,1,13.2064
10031,3,843.095,3,877.442,2,1,13.2038
10032,3,843.095,3,873.371,2,3,13.2011
10033,3,843.095,3,872.522,3,1,13.1985
10034,3,843.095,3,861.734,2,0,13.1959
10035,3,843.095,3,861.734,3,2,13.1932
10036,3,843.095,3,861.734,1,1,13.1906
10037,3,843.095,3,861.734,4,0,13.1879
10038,3,843.095,3,861.734,4,1,13.1853
10039,3,843.095,3,863.674,2,2,13.1827
10040,3,843.095,3,863.674,0,0,13.18
10041,3,843.095,3,863.674,4,0,13.1774
10042,3,843.095,3,863.742,2,3,13.1748
10043,3,843.095,3,868.598,0,2,13.1721
10044,3,843.095,3,867.933,0,2,13.1695
10045,3,843.095,3,862.944,3,1,13.1669
10046,3,843.095,3,862.944,2,3,13.1642
10047,3,843.095,3,862.944,4,0,13.1616
10048,3,843.095,3,862.192,4,0,13.159
10049,3,843.095,3,862.192,4,0,13.1563
10050,3,843.095,3,862.192,1,2,13.1537
10051,3,843.095,3,862.283,2,2,13.1511
10052,3,843.095,3,862.452,3,2,13.1484
10053,3,843.095,3,862.452,1,0,13.1458
10054,3,843.095,3,859.877,3,3,13.1432
10055,3,843.095,3,859.877,1,3,13.1405
10056,3,843.095,3,859.877,1,3,13.1379
10057,3,843.095,3,859.786,3,0,13.1353
10058,3,843.095,3,856.728,2,2,13.1327
10059,3,843.095,3,862.975,2,3,13.13
10060,3,843.095,3,862.975,1,1,13.1274
10061,3,843.095,3,862.975,1,2,13.1248
10062,3,843.095,3,862.975,1,2,13.1222
10063,3,843.095,3,862.975,1,1,13.1195
10064,3,843.095,3,862.975,1,1,13.1169
10065,3,843.095,3,862.975,4,0,13.1143
10066,3,843.095,3,860.163,3,3,13.1117
10067,3,843.095,3,860.163,3,3,13.109
10068,3,843.095,3,859.846,3,2,13.1064
10069,3,843.095,3,859.846,3,1,13.1038
10070,3,843.095,3,859.846,3,0,13.1012
10071,3,843.095,3,859.846,1,1,13.0986
10072,3,843.095,3,859.846,0,0,13.0959
10073,3,843.095,3,859.846,1,3,13.0933
10074,3,843.095,3,859.846,3,0,13.0907
10075,3,843.095,3,859.846,3,2,13.0881
10076,3,843.095,3,859.846,2,2,13.0855
10077,3,843.095,3,859.846,1,0,13.0829
10078,3,843.095,3,859.846,1,1,13.0802
10079,3,843.095,3,859.846,4,3,13.0776
10080,3,843.095,3,859.846,1,1,13.075
10081,3,843.095,3,859.846,0,2,13.0724
10082,3,843.095,3,859.846,4,1,13.0698
10083,3,843.095,3,864.858,4,2,13.0672
10084,3,843.095,3,863.981,2,1,13.0645
10085,3,843.095,3,863.981,0,1,13.0619
10086,3,843.095,3,864.298,0,0,13.0593
10087,3,843.095,3,864.298,0,2,13.0567
10088,3,843.095,3,864.298,1,1,13.0541
10089,3,843.095,3,865.073,0,3,13.0515
10090,3,843.095,3,865.073,2,0,13.0489
10091,3,843.095,3,865.242,4,2,13.0463
10092,3,843.095,3,865.242,4,2,13.0437
10093,3,843.095,3,864.775,4,2,13.041
10094,3,843.095,3,864.775,1,2,13.0384
10095,3,843.095,3,864.001,0,2,13.0358
10096,3,843.095,3,864.001,1,0,13.0332
10097,3,843.095,3,864.001,3,1,13.0306
10098,3,843.095,3,864.001,4,1,13.028
10099,3,843.095,3,864.001,0,3,13.0254
10100,3,843.095,3,864.001,3,1,13.0228
10101,3,843.095,3,864.001,0,3,13.0202
10102,3,843.095,3,861.322,4,0,13.0176
10103,3,843.095,3,859.923,0,1,13.015
10104,3,843.095,3,859.923,3,2,13.0124
10105,3,843.095,3,859.923,0,0,13.0098
10106,3,843.095,3,859.923,1,1,13.0072
10107,3,843.095,3,858.485,2,1,13.0046
10108,3,843.095,3,862.243,3,2,13.002
10109,3,843.095,3,870.257,3,0,12.9994
10110,3,843.095,3,870.257,1,3,12.9968
10111,3,843.095,3,870.257,4,2,12.9942
10112,3,843.095,3,862.63,2,0,12.9916
10113,3,843.095,3,862.63,0,3,12.989
10114,3,843.095,3,861.418,4,1,12.9864
10115,3,843.095,3,861.418,3,0,12.9838
10116,3,843.095,3,861.418,4,0,12.9812
10117,3,843.095,3,861.418,2,1,12.9786
10118,3,843.095,3,861.418,0,1,12.976
10119,3,843.095,3,861.418,4,0,12.9734
10120,3,843.095,3,861.418,4,0,12.9708
10121,3,843.095,3,861.418,0,2,12.9682
10122,3,843.095,3,861.418,4,3,12.9656
10123,3,843.095,3,866.429,3,0,12.963
10124,3,843.095,3,866.429,1,1,12.9604
10125,3,843.095,3,866.429,2,1,12.9578
10126,3,843.095,3,866.429,2,1,12.9553
10127,3,843.095,3,891.651,2,0,12.9527
10128,3,843.095,3,889.91,3,1,12.9501
10129,3,843.095,3,889.91,1,1,12.9475
10130,3,843.095,3,893.249,3,1,12.9449
10131,3,843.095,3,888.087,3,2,12.9423
10132,3,843.095,3,870.178,2,1,12.9397
10133,3,843.095,3,870.414,3,0,12.9371
10134,3,843.095,3,871.626,0,0,12.9345
10135,3,843.095,3,871.626,3,0,12.932
10136,3,843.095,3,871.346,3,1,12.9294
10137,3,843.095,3,869.58,3,1,12.9268
10138,3,843.095,3,857.176,2,2,12.9242
10139,3,843.095,3,857.176,2,3,12.9216
10140,3,843.095,3,859.64,3,3,12.919
10141,3,843.095,3,859.64,3,0,12.9164
10142,3,843.095,3,857.219,0,2,12.9139
10143,3,843.095,3,857.219,2,3,12.9113
10144,3,843.095,3,857.219,4,2,12.9087
10145,3,843.095,3,857.219,4,3,12.9061
10146,3,843.095,3,857.219,4,3,12.9035
10147,3,843.095,3,857.219,3,0,12.9009
10148,3,843.095,3,857.219,1,0,12.8984
10149,3,843.095,3,859.802,3,0,12.8958
10150,3,843.095,3,859.802,2,1,12.8932
10151,3,843.095,3,859.802,2,1,12.8906
10152,3,843.095,3,863.125,2,3,12.8881
10153,3,843.095,3,860.542,4,3,12.8855
10154,3,843.095,3,860.542,4,1,12.8829
10155,3,843.095,3,858.28,0,0,12.8803
10156,3,843.095,3,858.28,0,0,12.8777
10157,3,843.095,3,858.28,4,0,12.8752
10158,3,843.095,3,855.728,2,3,12.8726
10159,3,843.095,3,855.728,4,0,12.87
10160,3,843.095,3,860.329,2,3,12.8674
10161,3,843.095,3,860.189,0,3,12.8649
10162,3,843.095,3,871.712,2,3,12.8623
10163,3,843.095,3,871.712,1,3,12.8597
10164,3,843.095,3,871.712,4,0,12.8572
10165,3,843.095,3,871.948,0,3,12.8546
10166,3,843.095,3,866.195,3,3,12.852
10167,3,843.095,3,866.195,1,1,12.8494
10168,3,843.095,3,866.195,0,0,12.8469
10169,3,843.095,3,872.413,4,3,12.8443
10170,3,843.095,3,869.699,2,1,12.8417
10171,3,843.095,3,873.523,4,0,12.8392
10172,3,843.095,3,873.523,3,0,12.8366
10173,3,843.095,3,873.523,4,0,12.834
10174,3,843.095,3,871.428,3,2,12.8315
10175,3,843.095,3,871.428,4,2,12.8289
10176,3,843.095,3,871.636,4,1,12.8263
10177,3,843.095,3,866.625,3,1,12.8238
10178,3,843.095,3,866.625,4,2,12.8212
10179,3,843.095,3,866.625,4,3,12.8186
10180,3,843.095,3,866.625,1,3,12.8161
10181,3,843.095,3,866.625,3,1,12.8135
10182,3,843.095,3,867.091,2,0,12.8109
10183,3,843.095,3,867.091,1,0,12.8084
10184,3,843.095,3,867.091,1,0,12.8058
10185,3,843.095,3,871.025,2,0,12.8033
10186,3,843.095,3,869.764,3,0,12.8007
10187,3,843.095,3,865.525,4,0,12.7981
10188,3,843.095,3,867.62,4,3,12.7956
10189,3,843.095,3,867.62,1,1,12.793
10190,3,843.095,3,867.147,0,3,12.7905
10191,3,843.095,3,865.052,2,1,12.7879
10192,3,843.095,3,865.052,3,3,12.7853
10193,3,843.095,3,864.586,3,0,12.7828
10194,3,843.095,3,866.999,0,3,12.7802
10195,3,843.095,3,865.599,4,2,12.7777
10196,3,843.095,3,865.599,1,3,12.7751
10197,3,843.095,3,865.599,4,2,12.7726
10198,3,843.095,3,867.93,2,3,12.77
10199,3,843.095,3,868.142,3,3,12.7675
10200,3,843.095,3,868.142,1,3,12.7649
10201,3,843.095,3,868.142,0,0,12.7624
10202,3,843.095,3,865.517,0,3,12.7598
10203,3,843.095,3,863.186,3,2,12.7572
10204,3,843.095,3,863.186,1,2,12.7547
10205,3,843.095,3,863.659,4,1,12.7521
10206,3,843.095,3,863.976,4,3,12.7496
10207,3,843.095,3,864.145,0,3,12.747
10208,3,843.095,3,858.331,3,2,12.7445
10209,3,843.095,3,858.331,1,0,12.7419
10210,3,843.095,3,858.331,2,0,12.7394
10211,3,843.095,3,858.331,1,2,12.7369
10212,3,843.095,3,858.331,3,3,12.7343
10213,3,843.095,3,858.331,2,1,12.7318
10214,3,843.095,3,858.331,0,0,12.7292
10215,3,843.095,3,858.331,3,0,12.7267
10216,3,843.095,3,859.208,0,3,12.7241
10217,3,843.095,3,858.153,3,0,12.7216
10218,3,843.095,3,857.276,0,1,12.719
10219,3,843.095,3,857.328,2,3,12.7165
10220,3,843.095,3,857.328,4,3,12.7139
10221,3,843.095,3,856.959,0,1,12.7114
10222,3,843.095,3,856.959,3,3,12.7089
10223,3,843.095,3,856.959,3,2,12.7063
10224,3,843.095,3,860.551,4,2,12.7038
10225,3,843.095,3,860.551,3,3,12.7012
10226,3,843.095,3,860.551,1,1,12.6987
10227,3,843.095,3,860.588,2,3,12.6962
10228,3,843.095,3,860.588,4,3,12.6936
10229,3,843.095,3,860.588,2,0,12.6911
10230,3,843.095,3,860.588,3,2,12.6885
10231,3,843.095,3,858.15,3,0,12.686
10232,3,843.095,3,859.338,3,0,12.6835
10233,3,843.095,3,859.338,4,2,12.6809
10234,3,843.095,3,859.338,4,3,12.6784
10235,3,843.095,3,859.338,1,1,12.6759
10236,3,843.095,3,859.338,2,2,12.6733
10237,3,843.095,3,859.338,2,1,12.6708
10238,3,843.095,3,859.338,3,1,12.6683
10239,3,843.095,3,859.338,0,0,12.6657
10240,3,843.095,3,859.338,0,1,12.6632
10241,3,843.095,3,859.338,0,2,12.6607
10242,3,843.095,3,859.338,4,3,12.6581
10243,3,843.095,3,859.338,0,0,12.6556
10244,3,843.095,3,859.338,2,0,12.6531
10245,3,843.095,3,859.338,4,0,12.6505
10246,3,843.095,3,859.338,4,1,12.648
10247,3,843.095,3,859.655,3,0,12.6455
10248,3,843.095,3,859.338,3,2,12.6429
10249,3,843.095,3,865.612,3,0,12.6404
10250,3,843.095,3,870.665,4,0,12.6379
10251,3,843.095,3,870.665,0,1,12.6354
10252,3,843.095,3,870.665,2,0,12.6328
10253,3,843.095,3,870.665,2,2,12.6303
10254,3,843.095,3,870.665,4,0,12.6278
10255,3,843.095,3,870.665,4,0,12.6252
10256,3,843.095,3,870.665,4,1,12.6227
10257,3,843.095,3,865.061,3,2,12.6202
10258,3,843.095,3,864.892,2,3,12.6177
10259,3,843.095,3,864.892,0,1,12.6152
10260,3,843.095,3,864.892,0,0,12.6126
10261,3,843.095,3,864.892,0,3,12.6101
10262,3,843.095,3,864.892,3,1,12.6076
10263,3,843.095,3,864.892,3,0,12.6051
10264,3,843.095,3,864.892,4,0,12.6025
10265,3,843.095,3,864.812,0,0,12.6
10266,3,843.095,3,862.811,3,0,12.5975
10267,3,843.095,3,862.811,1,1,12.595
10268,3,843.095,3,862.811,1,2,12.5925
10269,3,843.095,3,862.811,0,1,12.5899
10270,3,843.095,3,862.811,2,0,12.5874
10271,3,843.095,3,862.811,1,2,12.5849
10272,3,843.095,3,862.811,2,2,12.5824
10273,3,843.095,3,862.811,3,0,12.5799
10274,3,843.095,3,862.811,3,2,12.5774
10275,3,843.095,3,862.811,2,0,12.5748
10276,3,843.095,3,862.432,3,1,12.5723
10277,3,843.095,3,862.432,2,3,12.5698
10278,3,843.095,3,862.196,0,0,12.5673
10279,3,843.095,3,862.196,4,0,12.5648
10280,3,843.095,3,862.196,3,1,12.5623
10281,3,843.095,3,867.806,2,3,12.5598
10282,3,843.095,3,867.806,1,0,12.5572
10283,3,843.095,3,865.253,2,2,12.5547
10284,3,843.095,3,865.253,0,0,12.5522
10285,3,843.095,3,866.136,3,3,12.5497
10286,3,843.095,3,866.136,2,2,12.5472
10287,3,843.095,3,865.597,0,2,12.5447
10288,3,843.095,3,865.531,4,0,12.5422
10289,3,843.095,3,865.531,3,0,12.5397
10290,3,843.095,3,865.597,0,0,12.5372
10291,3,843.095,3,865.597,0,1,12.5347
10292,3,843.095,3,859.448,4,1,12.5322
10293,3,843.095,3,859.617,3,2,12.5297
10294,3,843.095,3,859.617,4,0,12.5271
10295,3,843.095,3,859.617,2,1,12.5246
10296,3,843.095,3,859.617,0,0,12.5221
10297,3,843.095,3,860.219,2,3,12.5196
10298,3,843.095,3,860.219,4,3,12.5171
10299,3,843.095,3,860.219,4,1,12.5146
10300,3,843.095,3,860.219,1,3,12.5121
10301,3,843.095,3,858.877,4,3,12.5096
10302,3,843.095,3,858.877,2,2,12.5071
10303,3,843.095,3,858.061,3,3,12.5046
10304,3,843.095,3,858.061,0,2,12.5021
10305,3,843.095,3,858.061,1,1,12.4996
10306,3,843.095,3,861.925,3,3,12.4971
10307,3,843.095,3,861.925,4,2,12.4946
10308,3,843.095,3,861.925,3,0,12.4921
10309,3,843.095,3,861.925,1,0,12.4896
10310,3,843.095,3,858.061,2,2,12.4871
10311,3,843.095,3,858.061,0,1,12.4846
10312,3,843.095,3,858.061,3,0,12.4821
10313,3,843.095,3,866.963,2,0,12.4796
10314,3,843.095,3,859.471,0,0,12.4771
10315,3,843.095,3,866.963,4,3,12.4746
10316,3,843.095,3,866.963,1,1,12.4721
10317,3,843.095,3,866.963,0,3,12.4696
10318,3,843.095,3,866.963,4,3,12.4672
10319,3,843.095,3,866.963,1,1,12.4647
10320,3,843.095,3,866.963,1,2,12.4622
10321,3,843.095,3,859.471,3,0,12.4597
10322,3,843.095,3,859.471,0,1,12.4572
10323,3,843.095,3,859.471,1,2,12.4547
10324,3,843.095,3,871.602,4,2,12.4522
10325,3,843.095,3,871.602,1,1,12.4497
10326,3,843.095,3,871.75,3,0,12.4472
10327,3,843.095,3,871.75,1,3,12.4447
10328,3,843.095,3,871.75,1,0,12.4422
10329,3,843.095,3,865.399,4,1,12.4398
10330,3,843.095,3,865.399,1,2,12.4373
10331,3,843.095,3,865.399,3,1,12.4348
10332,3,843.095,3,892.162,4,3,12.4323
10333,3,843.095,3,855.605,0,1,12.4298
10334,3,843.095,3,855.605,1,3,12.4273
10335,3,843.095,3,855.605,0,1,12.4248
10336,3,843.095,3,855.605,0,3,12.4223
10337,3,843.095,3,855.605,0,1,12.4199
10338,3,843.095,3,855.605,4,1,12.4174
10339,3,843.095,3,855.605,2,0,12.4149
10340,3,843.095,3,855.605,0,0,12.4124
10341,3,843.095,3,855.605,4,3,12.4099
10342,3,843.095,3,855.605,2,3,12.4074
10343,3,843.095,3,856.514,4,2,12.405
10344,3,843.095,3,856.514,1,2,12.4025
10345,3,843.095,3,856.514,2,2,12.4
10346,3,843.095,3,856.278,0,2,12.3975
10347,3,843.095,3,856.278,0,3,12.395
10348,3,843.095,3,856.278,1,3,12.3926
10349,3,843.095,3,856.278,2,2,12.3901
10350,3,843.095,3,856.278,1,3,12.3876
10351,3,843.095,3,856.278,1,3,12.3851
10352,3,843.095,3,856.278,4,0,12.3827
10353,3,843.095,3,856.278,1,0,12.3802
10354,3,843.095,3,856.278,3,2,12.3777
10355,3,843.095,3,856.278,2,2,12.3752
10356,3,843.095,3,856.278,4,1,12.3728
10357,3,843.095,3,856.278,3,3,12.3703
10358,3,843.095,3,856.278,3,2,12.3678
10359,3,843.095,3,856.278,1,3,12.3653
10360,3,843.095,3,856.278,1,2,12.3629
10361,3,843.095,3,856.278,2,3,12.3604
10362,3,843.095,3,856.278,1,0,12.3579
10363,3,843.095,3,862.466,3,2,12.3554
10364,3,843.095,3,862.149,3,1,12.353
10365,3,843.095,3,862.149,3,0,12.3505
10366,3,843.095,3,862.149,2,2,12.348
10367,3,843.095,3,862.149,4,0,12.3456
10368,3,843.095,3,862.466,4,2,12.3431
10369,3,843.095,3,862.466,1,3,12.3406
10370,3,843.095,3,862.466,1,1,12.3382
10371,3,843.095,3,868.816,2,3,12.3357
10372,3,843.095,3,863.282,3,3,12.3332
10373,3,843.095,3,863.282,1,3,12.3308
10374,3,843.095,3,863.282,2,2,12.3283
10375,3,843.095,3,864.494,3,0,12.3258
10376,3,843.095,3,863.884,3,0,12.3234
10377,3,843.095,3,863.884,1,2,12.3209
10378,3,843.095,3,863.884,0,1,12.3184
10379,3,843.095,3,863.567,0,0,12.316
10380,3,843.095,3,863.567,0,2,12.3135
10381,3,843.095,3,863.567,2,0,12.311
10382,3,843.095,3,863.567,1,3,12.3086
10383,3,843.095,3,863.567,1,1,12.3061
10384,3,843.095,3,863.567,1,3,12.3037
10385,3,843.095,3,862.75,0,3,12.3012
10386,3,843.095,3,862.75,2,2,12.2987
10387,3,843.095,3,862.75,2,2,12.2963
10388,3,843.095,3,862.75,1,0,12.2938
10389,3,843.095,3,862.75,0,1,12.2914
10390,3,843.095,3,862.281,4,2,12.2889
10391,3,843.095,3,858.503,2,2,12.2864
10392,3,843.095,3,858.503,2,2,12.284
10393,3,843.095,3,858.871,3,3,12.2815
10394,3,843.095,3,861.558,2,2,12.2791
10395,3,843.095,3,861.558,0,0,12.2766
10396,3,843.095,3,861.558,0,1,12.2742
10397,3,843.095,3,861.558,1,0,12.2717
10398,3,843.095,3,861.558,4,1,12.2692
10399,3,843.095,3,867.971,2,0,12.2668
10400,3,843.095,3,864.377,4,3,12.2643
10401,3,843.095,3,860.961,2,2,12.2619
10402,3,843.095,3,859.685,4,2,12.2594
10403,3,843.095,3,859.424,3,2,12.257
10404,3,843.095,3,856.092,2,2,12.2545
10405,3,843.095,3,856.092,0,3,12.2521
10406,3,843.095,3,858.849,4,3,12.2496
10407,3,843.095,3,859.201,0,0,12.2472
10408,3,843.095,3,859.201,4,1,12.2447
10409,3,843.095,3,859.305,4,1,12.2423
10410,3,843.095,3,864.067,3,2,12.2398
10411,3,843.095,3,864.067,3,3,12.2374
10412,3,843.095,3,856.26,0,3,12.2349
10413,3,843.095,3,856.26,1,2,12.2325
10414,3,843.095,3,856.26,0,1,12.23
10415,3,843.095,3,860.012,0,0,12.2276
10416,3,843.095,3,860.012,1,2,12.2252
10417,3,843.095,3,860.012,3,0,12.2227
10418,3,843.095,3,860.012,1,3,12.2203
10419,3,843.095,3,859.494,4,3,12.2178
10420,3,843.095,3,860.956,3,0,12.2154
10421,3,843.095,3,860.956,4,1,12.2129
10422,3,843.095,3,860.956,3,0,12.2105
10423,3,843.095,3,857.205,2,1,12.208
10424,3,843.095,3,857.205,3,2,12.2056
10425,3,843.095,3,856.175,4,2,12.2032
10426,3,843.095,3,856.175,1,1,12.2007
10427,3,843.095,3,854.963,0,1,12.1983
10428,3,843.095,3,854.963,2,0,12.1958
10429,3,843.095,3,854.963,4,0,12.1934
10430,3,843.095,3,854.963,2,0,12.191
10431,3,843.095,3,854.62,4,3,12.1885
10432,3,843.095,3,854.62,2,2,12.1861
10433,3,843.095,3,863.378,4,2,12.1837
10434,3,843.095,3,863.378,4,1,12.1812
10435,3,843.095,3,863.378,2,3,12.1788
10436,3,843.095,3,863.378,4,3,12.1763
10437,3,843.095,3,863.378,4,2,12.1739
10438,3,843.095,3,863.378,4,1,12.1715
10439,3,843.095,3,855.064,3,2,12.169
10440,3,843.095,3,855.064,1,0,12.1666
10441,3,843.095,3,859.872,3,0,12.1642
10442,3,843.095,3,859.872,2,2,12.1617
10443,3,843.095,3,859.872,2,2,12.1593
10444,3,843.095,3,860.096,0,0,12.1569
10445,3,843.095,3,860.529,4,0,12.1544
10446,3,843.095,3,855.497,0,2,12.152
10447,3,843.095,3,853.584,3,2,12.1496
10448,3,843.095,3,853.584,1,1,12.1472
10449,3,843.095,3,853.584,3,0,12.1447
10450,3,843.095,3,853.584,0,1,12.1423
10451,3,843.095,3,853.584,1,3,12.1399
10452,3,843.095,3,853.584,3,3,12.1374
10453,3,843.095,3,853.584,3,3,12.135
10454,3,843.095,3,853.584,1,2,12.1326
10455,3,843.095,3,853.584,2,2,12.1302
10456,3,843.095,3,853.584,1,1,12.1277
10457,3,843.095,3,853.584,0,3,12.1253
10458,3,843.095,3,853.584,2,1,12.1229
10459,3,843.095,3,853.584,0,1,12.1205
10460,3,843.095,3,853.584,2,0,12.118
10461,3,843.095,3,853.952,4,0,12.1156
10462,3,843.095,3,853.584,2,1,12.1132
10463,3,843.095,3,853.584,3,0,12.1108
10464,3,843.095,3,853.584,3,2,12.1083
10465,3,843.095,3,852.777,0,1,12.1059
10466,3,843.095,3,853.584,4,2,12.1035
10467,3,843.095,3,853.584,1,1,12.1011
10468,3,843.095,3,852.777,2,1,12.0987
10469,3,843.095,3,852.777,1,1,12.0962
10470,3,843.095,3,852.777,1,3,12.0938
10471,3,843.095,3,852.777,3,2,12.0914
10472,3,843.095,3,852.777,3,3,12.089
10473,3,843.095,3,852.777,0,3,12.0866
10474,3,843.095,3,852.777,3,3,12.0841
10475,3,843.095,3,852.777,0,0,12.0817
10476,3,843.095,3,852.777,2,0,12.0793
10477,3,843.095,3,852.777,1,3,12.0769
10478,3,843.095,3,852.777,2,1,12.0745
10479,3,843.095,3,852.777,2,0,12.0721
10480,3,843.095,3,852.777,2,2,12.0697
10481,3,843.095,3,852.777,1,2,12.0672
10482,3,843.095,3,852.777,1,1,12.0648
10483,3,843.095,3,852.777,0,3,12.0624
10484,3,843.095,3,852.777,1,2,12.06
10485,3,843.095,3,852.777,3,1,12.0576
10486,3,843.095,3,853.145,3,0,12.0552
10487,3,843.095,3,853.145,0,0,12.0528
10488,3,843.095,3,853.145,4,2,12.0504
10489,3,843.095,3,853.145,3,1,12.0479
10490,3,843.095,3,853.145,0,0,12.0455
10491,3,843.095,3,853.145,2,0,12.0431
10492,3,843.095,3,857.393,4,3,12.0407
10493,3,843.095,3,857.393,1,2,12.0383
10494,3,843.095,3,857.393,2,2,12.0359
10495,3,843.095,3,860.856,4,2,12.0335
10496,3,843.095,3,860.856,0,2,12.0311
10497,3,843.095,3,860.856,3,1,12.0287
10498,3,843.095,3,860.856,1,2,12.0263
10499,3,843.095,3,860.856,0,1,12.0239
10500,3,843.095,3,860.856,3,0,12.0215
10501,3,843.095,3,860.856,1,3,12.0191
10502,3,843.095,3,860.856,3,1,12.0167
10503,3,843.095,3,860.856,0,1,12.0143
10504,3,843.095,3,860.856,0,1,12.0119
10505,3,843.095,3,860.448,4,1,12.0094
10506,3,843.095,3,860.448,4,1,12.007
10507,3,843.095,3,860.448,0,0,12.0046
10508,3,843.095,3,860.448,2,3,12.0022
10509,3,843.095,3,862.046,4,3,11.9998
10510,3,843.095,3,862.046,1,2,11.9974
10511,3,843.095,3,862.046,1,0,11.995
10512,3,843.095,3,862.046,3,1,11.9926
10513,3,843.095,3,860.448,0,0,11.9902
10514,3,843.095,3,861.929,0,2,11.9878
10515,3,843.095,3,861.929,1,3,11.9855
10516,3,843.095,3,861.929,1,1,11.9831
10517,3,843.095,3,857.674,2,3,11.9807
10518,3,843.095,3,857.99,4,2,11.9783
10519,3,843.095,3,857.99,1,3,11.9759
10520,3,843.095,3,857.99,1,2,11.9735
10521,3,843.095,3,862.781,4,2,11.9711
10522,3,843.095,3,870.533,0,3,11.9687
10523,3,843.095,3,869.75,4,2,11.9663
10524,3,843.095,3,865.919,2,3,11.9639
10525,3,843.095,3,865.919,1,1,11.9615
10526,3,843.095,3,870.359,2,1,11.9591
10527,3,843.095,3,865.673,0,0,11.9567
10528,3,843.095,3,857.224,3,2,11.9543
10529,3,843.095,3,857.224,3,1,11.9519
10530,3,843.095,3,857.224,1,3,11.9495
10531,3,843.095,3,857.224,3,3,11.9472
10532,3,843.095,3,857.224,1,0,11.9448
10533,3,843.095,3,857.224,1,0,11.9424
10534,3,843.095,3,857.815,2,0,11.94
10535,3,843.095,3,854.156,0,3,11.9376
10536,3,843.095,3,854.156,1,3,11.9352
10537,3,843.095,3,854.156,0,0,11.9328
10538,3,843.095,3,854.156,0,3,11.9304
10539,3,843.095,3,854.156,2,0,11.9281
10540,3,843.095,3,852.985,0,2,11.9257
10541,3,843.095,3,852.985,1,2,11.9233
10542,3,843.095,3,857.798,3,1,11.9209
10543,3,843.095,3,857.798,4,1,11.9185
10544,3,843.095,3,857.798,2,2,11.9161
10545,3,843.095,3,857.798,4,0,11.9137
10546,3,843.095,3,857.798,3,2,11.9114
10547,3,843.095,3,857.798,4,0,11.909
10548,3,843.095,3,853.429,2,1,11.9066
10549,3,843.095,3,852.911,2,1,11.9042
10550,3,843.095,3,852.911,1,2,11.9018
10551,3,843.095,3,852.911,3,3,11.8995
10552,3,843.095,3,852.911,0,2,11.8971
10553,3,843.095,3,852.911,0,0,11.8947
10554,3,843.095,3,855.178,4,0,11.8923
10555,3,843.095,3,855.178,2,2,11.8899
10556,3,843.095,3,852.806,0,2,11.8876
10557,3,843.095,3,865.866,3,0,11.8852
10558,3,843.095,3,865.866,1,2,11.8828
10559,3,843.095,3,865.866,2,1,11.8804
10560,3,843.095,3,865.866,3,0,11.8781
10561,3,843.095,3,853.843,2,1,11.8757
10562,3,843.095,3,853.843,0,2,11.8733
10563,3,843.095,3,853.843,1,2,11.8709
10564,3,843.095,3,853.843,0,2,11.8686
10565,3,843.095,3,853.843,3,3,11.8662
10566,3,843.095,3,853.843,3,2,11.8638
10567,3,843.095,3,853.843,1,2,11.8614
10568,3,843.095,3,852.362,0,0,11.8591
10569,3,843.095,3,852.362,1,2,11.8567
10570,3,843.095,3,852.362,1,2,11.8543
10571,3,843.095,3,852.362,0,1,11.8519
10572,3,843.095,3,852.362,0,1,11.8496
10573,3,843.095,3,852.362,0,1,11.8472
10574,3,843.095,3,852.362,0,3,11.8448
10575,3,843.095,3,852.362,3,0,11.8425
10576,3,843.095,3,852.362,4,2,11.8401
10577,3,843.095,3,852.362,1,0,11.8377
10578,3,843.095,3,852.362,1,3,11.8354
10579,3,843.095,3,852.362,4,1,11.833
10580,3,843.095,3,853.96,4,2,11.8306
10581,3,843.095,3,853.96,0,1,11.8283
10582,3,843.095,3,854.446,3,2,11.8259
10583,3,843.095,3,854.446,1,2,11.8235
10584,3,843.095,3,854.446,1,1,11.8212
10585,3,843.095,3,854.446,3,2,11.8188
10586,3,843.095,3,854.446,3,2,11.8164
10587,3,843.095,3,854.446,4,2,11.8141
10588,3,843.095,3,855.252,3,3,11.8117
10589,3,843.095,3,854.446,0,1,11.8094
10590,3,843.095,3,854.129,4,0,11.807
10591,3,843.095,3,854.129,2,0,11.8046
10592,3,843.095,3,854.129,0,3,11.8023
10593,3,843.095,3,852.531,2,1,11.7999
10594,3,843.095,3,852.531,1,0,11.7975
10595,3,843.095,3,852.531,4,3,11.7952
10596,3,843.095,3,852.531,1,2,11.7928
10597,3,843.095,3,852.531,4,0,11.7905
10598,3,843.095,3,852.531,4,1,11.7881
10599,3,843.095,3,852.531,1,1,11.7858
10600,3,843.095,3,853.338,4,0,11.7834
10601,3,843.095,3,853.154,3,2,11.781
10602,3,843.095,3,853.154,0,2,11.7787
10603,3,843.095,3,853.154,3,0,11.7763
10604,3,843.095,3,852.636,2,1,11.774
10605,3,843.095,3,852.636,4,0,11.7716
10606,3,843.095,3,852.636,3,0,11.7693
10607,3,843.095,3,852.636,3,1,11.7669
10608,3,843.095,3,873.116,2,0,11.7646
10609,3,843.095,3,878.927,2,3,11.7622
10610,3,843.095,3,879.075,2,0,11.7599
10611,3,843.095,3,879.075,1,3,11.7575
10612,3,843.095,3,873.264,2,3,11.7552
10613,3,843.095,3,873.264,3,0,11.7528
10614,3,843.095,3,873.264,4,3,11.7504
10615,3,843.095,3,866.183,2,3,11.7481
10616,3,843.095,3,866.183,0,1,11.7457
10617,3,843.095,3,866.183,1,2,11.7434
10618,3,843.095,3,866.111,4,3,11.7411
10619,3,843.095,3,866.111,3,1,11.7387
10620,3,843.095,3,866.111,0,0,11.7364
10621,3,843.095,3,865.528,4,3,11.734
10622,3,843.095,3,860.741,2,1,11.7317
10623,3,843.095,3,860.375,2,3,11.7293
10624,3,843.095,3,860.375,4,3,11.727
10625,3,843.095,3,865.678,2,2,11.7246
10626,3,843.095,3,865.678,1,3,11.7223
10627,3,843.095,3,865.678,2,2,11.7199
10628,3,843.095,3,871.079,4,2,11.7176
10629,3,843.095,3,871.079,0,1,11.7152
10630,3,843.095,3,871.079,2,1,11.7129
10631,3,843.095,3,870.843,0,1,11.7106
10632,3,843.095,3,870.843,0,2,11.7082
10633,3,843.095,3,870.762,3,1,11.7059
10634,3,843.095,3,870.762,3,0,11.7035
10635,3,843.095,3,870.762,3,1,11.7012
10636,3,843.095,3,870.762,0,0,11.6989
10637,3,843.095,3,870.762,4,0,11.6965
10638,3,843.095,3,872.198,0,0,11.6942
10639,3,843.095,3,864.304,2,1,11.6918
10640,3,843.095,3,864.304,1,1,11.6895
10641,3,843.095,3,865.694,4,0,11.6872
10642,3,843.095,3,865.694,1,1,11.6848
10643,3,843.095,3,864.569,4,1,11.6825
10644,3,843.095,3,864.068,0,3,11.6802
10645,3,843.095,3,864.068,4,0,11.6778
10646,3,843.095,3,864.068,1,0,11.6755
10647,3,843.095,3,864.068,3,1,11.6731
10648,3,843.095,3,864.068,3,1,11.6708
10649,3,843.095,3,864.068,1,1,11.6685
10650,3,843.095,3,864.068,0,2,11.6661
10651,3,843.095,3,864.068,3,1,11.6638
10652,3,843.095,3,857.645,4,1,11.6615
10653,3,843.095,3,857.645,1,3,11.6591
10654,3,843.095,3,857.645,3,0,11.6568
10655,3,843.095,3,857.645,0,0,11.6545
10656,3,843.095,3,857.645,3,0,11.6521
10657,3,843.095,3,857.775,3,1,11.6498
10658,3,843.095,3,857.775,1,1,11.6475
10659,3,843.095,3,857.775,4,1,11.6452
10660,3,843.095,3,857.775,3,1,11.6428
10661,3,843.095,3,857.775,2,1,11.6405
10662,3,843.095,3,857.775,4,0,11.6382
10663,3,843.095,3,857.775,3,3,11.6358
10664,3,843.095,3,859.858,2,0,11.6335
10665,3,843.095,3,858.388,4,1,11.6312
10666,3,843.095,3,858.388,1,2,11.6289
10667,3,843.095,3,858.99,3,3,11.6265
10668,3,843.095,3,858.456,4,3,11.6242
10669,3,843.095,3,857.056,0,2,11.6219
10670,3,843.095,3,857.056,2,3,11.6196
10671,3,843.095,3,857.056,4,0,11.6172
10672,3,843.095,3,852.463,2,1,11.6149
10673,3,843.095,3,852.463,1,3,11.6126
10674,3,843.095,3,852.463,3,1,11.6103
10675,3,843.095,3,852.463,1,1,11.608
10676,3,843.095,3,852.463,0,1,11.6056
10677,3,843.095,3,852.463,3,2,11.6033
10678,3,843.095,3,852.463,4,1,11.601
10679,3,843.095,3,852.463,1,2,11.5987
10680,3,843.095,3,852.463,4,3,11.5963
10681,3,843.095,3,852.463,1,0,11.594
10682,3,843.095,3,852.463,1,2,11.5917
10683,3,843.095,3,852.463,0,2,11.5894
10684,3,843.095,3,852.463,3,1,11.5871
10685,3,843.095,3,852.463,2,2,11.5848
10686,3,843.095,3,852.463,2,3,11.5824
10687,3,843.095,3,852.463,1,2,11.5801
10688,3,843.095,3,852.463,3,2,11.5778
10689,3,843.095,3,852.463,0,0,11.5755
10690,3,843.095,3,852.463,0,3,11.5732
10691,3,843.095,3,852.463,1,1,11.5709
10692,3,843.095,3,853.401,0,3,11.5685
10693,3,843.095,3,852.463,2,3,11.5662
10694,3,843.095,3,852.463,0,2,11.5639
10695,3,843.095,3,857.475,4,0,11.5616
10696,3,843.095,3,858.921,3,3,11.5593
10697,3,843.095,3,858.921,2,1,11.557
10698,3,843.095,3,857.031,0,3,11.5547
10699,3,843.095,3,857.031,4,1,11.5524
10700,3,843.095,3,857.031,2,1,11.55
10701,3,843.095,3,857.031,0,1,11.5477
10702,3,843.095,3,857.031,1,1,11.5454
10703,3,843.095,3,857.2,3,2,11.5431
10704,3,843.095,3,857.436,2,3,11.5408
10705,3,843.095,3,855.078,4,3,11.5385
10706,3,843.095,3,855.078,1,0,11.5362
10707,3,843.095,3,854.842,0,1,11.5339
10708,3,843.095,3,854.842,3,0,11.5316
10709,3,843.095,3,854.842,1,1,11.5293
10710,3,843.095,3,854.842,1,1,11.527
10711,3,843.095,3,854.842,2,3,11.5247
10712,3,843.095,3,854.842,4,3,11.5224
10713,3,843.095,3,854.842,1,0,11.5201
10714,3,843.095,3,854.842,2,3,11.5178
10715,3,843.095,3,854.842,1,1,11.5154
10716,3,843.095,3,854.842,0,2,11.5131
10717,3,843.095,3,854.842,1,1,11.5108
10718,3,843.095,3,854.842,0,3,11.5085
10719,3,843.095,3,854.673,2,1,11.5062
10720,3,843.095,3,854.673,0,2,11.5039
10721,3,843.095,3,854.673,0,0,11.5016
10722,3,843.095,3,854.356,3,1,11.4993
10723,3,843.095,3,854.356,0,0,11.497
10724,3,843.095,3,854.356,2,2,11.4947
10725,3,843.095,3,854.356,1,2,11.4924
10726,3,843.095,3,854.356,2,0,11.4901
10727,3,843.095,3,854.592,0,2,11.4878
10728,3,843.095,3,854.592,2,2,11.4855
10729,3,843.095,3,854.592,1,3,11.4832
10730,3,843.095,3,854.356,4,2,11.481
10731,3,843.095,3,854.356,4,2,11.4787
10732,3,843.095,3,854.356,1,1,11.4764
10733,3,843.095,3,854.356,3,2,11.4741
10734,3,843.095,3,854.356,4,2,11.4718
10735,3,843.095,3,854.356,1,3,11.4695
10736,3,843.095,3,854.356,2,0,11.4672
10737,3,843.095,3,854.842,4,2,11.4649
10738,3,843.095,3,854.842,1,2,11.4626
10739,3,843.095,3,854.842,4,3,11.4603
10740,3,843.095,3,854.909,0,0,11.458
10741,3,843.095,3,854.909,1,1,11.4557
10742,3,843.095,3,854.909,1,3,11.4534
10743,3,843.095,3,854.909,1,1,11.4511
10744,3,843.095,3,854.909,3,2,11.4488
10745,3,843.095,3,854.909,2,3,11.4466
10746,3,843.095,3,854.909,2,1,11.4443
10747,3,843.095,3,854.909,3,3,11.442
10748,3,843.095,3,854.592,3,2,11.4397
10749,3,843.095,3,854.592,3,2,11.4374
10750,3,843.095,3,854.592,1,0,11.4351
10751,3,843.095,3,854.356,2,1,11.4328
10752,3,843.095,3,854.356,1,3,11.4305
10753,3,843.095,3,854.356,2,0,11.4283
10754,3,843.095,3,854.356,3,1,11.426
10755,3,843.095,3,860.071,4,2,11.4237
10756,3,843.095,3,860.071,0,0,11.4214
10757,3,843.095,3,860.071,4,0,11.4191
10758,3,843.095,3,860.241,3,3,11.4168
10759,3,843.095,3,864.639,4,3,11.4145
10760,3,843.095,3,860.241,2,2,11.4123
10761,3,843.095,3,862.023,0,3,11.41
10762,3,843.095,3,862.023,1,2,11.4077
10763,3,843.095,3,862.456,3,3,11.4054
10764,3,843.095,3,862.023,4,2,11.4031
10765,3,843.095,3,862.023,3,0,11.4009
10766,3,843.095,3,862.023,0,0,11.3986
10767,3,843.095,3,862.625,0,2,11.3963
10768,3,843.095,3,862.456,0,0,11.394
10769,3,843.095,3,862.773,4,3,11.3917
10770,3,843.095,3,862.773,0,2,11.3895
10771,3,843.095,3,862.773,1,1,11.3872
10772,3,843.095,3,865.576,4,0,11.3849
10773,3,843.095,3,865.576,3,3,11.3826
10774,3,843.095,3,865.576,2,1,11.3804
10775,3,843.095,3,865.576,2,2,11.3781
10776,3,843.095,3,868.936,2,3,11.3758
10777,3,843.095,3,865.576,2,3,11.3735
10778,3,843.095,3,865.576,1,0,11.3712
10779,3,843.095,3,865.576,3,1,11.369
10780,3,843.095,3,868.202,3,3,11.3667
10781,3,843.095,3,866.419,3,3,11.3644
10782,3,843.095,3,866.419,1,1,11.3622
10783,3,843.095,3,866.419,2,3,11.3599
10784,3,843.095,3,866.419,1,2,11.3576
10785,3,843.095,3,863.794,0,3,11.3553
10786,3,843.095,3,855.215,2,1,11.3531
10787,3,843.095,3,855.215,3,1,11.3508
10788,3,843.095,3,855.215,3,1,11.3485
10789,3,843.095,3,855.215,0,2,11.3463
10790,3,843.095,3,855.215,0,1,11.344
10791,3,843.095,3,855.215,4,1,11.3417
10792,3,843.095,3,855.215,2,2,11.3395
10793,3,843.095,3,855.215,0,0,11.3372
10794,3,843.095,3,855.215,1,1,11.3349
10795,3,843.095,3,855.215,0,1,11.3326
10796,3,843.095,3,855.215,2,3,11.3304
10797,3,843.095,3,854.409,2,1,11.3281
10798,3,843.095,3,854.409,1,2,11.3259
10799,3,843.095,3,854.409,1,0,11.3236
10800,3,843.095,3,854.409,3,0,11.3213
10801,3,843.095,3,854.409,0,1,11.3191
10802,3,843.095,3,854.409,4,2,11.3168
10803,3,843.095,3,854.409,0,2,11.3145
10804,3,843.095,3,854.409,3,3,11.3123
10805,3,843.095,3,856.315,4,2,11.31
10806,3,843.095,3,856.315,4,0,11.3077
10807,3,843.095,3,856.315,4,3,11.3055
10808,3,843.095,3,856.315,3,1,11.3032
10809,3,843.095,3,856.315,3,3,11.301
10810,3,843.095,3,856.315,1,0,11.2987
10811,3,843.095,3,854.409,2,2,11.2964
10812,3,843.095,3,854.409,0,1,11.2942
10813,3,843.095,3,854.409,2,1,11.2919
10814,3,843.095,3,854.409,3,2,11.2897
10815,3,843.095,3,854.409,4,1,11.2874
10816,3,843.095,3,854.409,4,0,11.2851
10817,3,843.095,3,854.409,3,1,11.2829
10818,3,843.095,3,854.409,1,2,11.2806
10819,3,843.095,3,857.53,4,2,11.2784
10820,3,843.095,3,857.53,3,3,11.2761
10821,3,843.095,3,857.53,2,3,11.2739
10822,3,843.095,3,854.409,2,0,11.2716
10823,3,843.095,3,854.409,0,0,11.2694
10824,3,843.095,3,860.714,3,3,11.2671
10825,3,843.095,3,860.714,0,1,11.2648
10826,3,843.095,3,860.714,3,3,11.2626
10827,3,843.095,3,862.621,4,2,11.2603
10828,3,843.095,3,862.621,0,3,11.2581
10829,3,843.095,3,861.616,0,1,11.2558
10830,3,843.095,3,861.616,3,3,11.2536
10831,3,843.095,3,857.864,2,0,11.2513
10832,3,843.095,3,861.035,0,0,11.2491
10833,3,843.095,3,865.475,4,0,11.2468
10834,3,843.095,3,865.475,1,3,11.2446
10835,3,843.095,3,868.762,2,2,11.2423
10836,3,843.095,3,869.548,0,3,11.2401
10837,3,843.095,3,869.216,3,3,11.2378
10838,3,843.095,3,869.216,1,1,11.2356
10839,3,843.095,3,868.269,2,3,11.2333
10840,3,843.095,3,868.411,4,0,11.2311
10841,3,843.095,3,868.248,2,1,11.2289
10842,3,843.095,3,868.248,4,1,11.2266
10843,3,843.095,3,865.475,2,1,11.2244
10844,3,843.095,3,865.475,1,1,11.2221
10845,3,843.095,3,862.304,2,3,11.2199
10846,3,843.095,3,861.616,0,1,11.2176
10847,3,843.095,3,862.023,4,3,11.2154
10848,3,843.095,3,858.272,2,3,11.2131
10849,3,843.095,3,857.806,0,1,11.2109
10850,3,843.095,3,857.806,3,3,11.2087
10851,3,843.095,3,856.406,3,3,11.2064
10852,3,843.095,3,856.406,4,2,11.2042
10853,3,843.095,3,856.406,2,1,11.2019
10854,3,843.095,3,856.406,1,3,11.1997
10855,3,843.095,3,856.406,2,0,11.1975
10856,3,843.095,3,855.999,0,0,11.1952
10857,3,843.095,3,855.999,3,3,11.193
10858,3,843.095,3,855.999,2,1,11.1907
10859,3,843.095,3,855.999,1,0,11.1885
10860,3,843.095,3,855.999,0,2,11.1863
10861,3,843.095,3,855.999,3,1,11.184
10862,3,843.095,3,855.999,1,0,11.1818
10863,3,843.095,3,855.999,3,1,11.1796
10864,3,843.095,3,854.092,3,3,11.1773
10865,3,843.095,3,852.876,4,3,11.1751
10866,3,843.095,3,852.876,3,0,11.1728
10867,3,843.095,3,852.876,4,2,11.1706
10868,3,843.095,3,852.876,0,2,11.1684
10869,3,843.095,3,852.876,4,1,11.1661
10870,3,843.095,3,852.876,1,2,11.1639
10871,3,843.095,3,852.876,0,0,11.1617
10872,3,843.095,3,852.876,1,2,11.1594
10873,3,843.095,3,852.876,2,1,11.1572
10874,3,843.095,3,852.876,1,2,11.155
10875,3,843.095,3,852.876,4,3,11.1528
10876,3,843.095,3,852.876,1,1,11.1505
10877,3,843.095,3,852.876,1,0,11.1483
10878,3,843.095,3,853.192,4,0,11.1461
10879,3,843.095,3,853.192,4,1,11.1438
10880,3,843.095,3,853.192,4,0,11.1416
10881,3,843.095,3,853.192,0,1,11.1394
10882,3,843.095,3,862.67,0,2,11.1371
10883,3,843.095,3,862.67,4,2,11.1349
10884,3,843.095,3,862.67,4,1,11.1327
10885,3,843.095,3,862.67,4,2,11.1305
10886,3,843.095,3,863.477,2,2,11.1282
10887,3,843.095,3,863.477,2,2,11.126
10888,3,843.095,3,863.477,2,1,11.1238
10889,3,843.095,3,863.477,0,2,11.1216
10890,3,843.095,3,863.477,1,3,11.1193
10891,3,843.095,3,863.477,0,0,11.1171
10892,3,843.095,3,863.477,3,0,11.1149
10893,3,843.095,3,862.67,2,1,11.1127
10894,3,843.095,3,862.67,1,2,11.1104
10895,3,843.095,3,862.67,0,2,11.1082
10896,3,843.095,3,862.67,0,2,11.106
10897,3,843.095,3,862.67,1,1,11.1038
10898,3,843.095,3,862.67,0,0,11.1016
10899,3,843.095,3,862.67,0,1,11.0993
10900,3,843.095,3,862.67,1,1,11.0971
10901,3,843.095,3,854.092,0,1,11.0949
10902,3,843.095,3,854.092,4,1,11.0927
10903,3,843.095,3,855.067,4,3,11.0905
10904,3,843.095,3,858.534,3,0,11.0882
10905,3,843.095,3,853.353,0,2,11.086
10906,3,843.095,3,853.353,3,0,11.0838
10907,3,843.095,3,856.475,4,2,11.0816
10908,3,843.095,3,854.877,4,1,11.0794
10909,3,843.095,3,853.689,2,2,11.0772
10910,3,843.095,3,853.689,0,1,11.0749
10911,3,843.095,3,853.689,4,3,11.0727
10912,3,843.095,3,853.689,1,1,11.0705
10913,3,843.095,3,853.155,2,1,11.0683
10914,3,843.095,3,853.155,0,0,11.0661
10915,3,843.095,3,853.155,0,2,11.0639
10916,3,843.095,3,853.155,1,0,11.0617
10917,3,843.095,3,853.155,1,0,11.0595
10918,3,843.095,3,853.155,2,2,11.0572
10919,3,843.095,3,853.155,1,2,11.055
10920,3,843.095,3,853.689,2,2,11.0528
10921,3,843.095,3,853.689,4,2,11.0506
10922,3,843.095,3,853.689,2,3,11.0484
10923,3,843.095,3,853.689,1,2,11.0462
10924,3,843.095,3,853.689,2,2,11.044
10925,3,843.095,3,853.689,0,1,11.0418
10926,3,843.095,3,853.689,1,2,11.0396
10927,3,843.095,3,853.689,3,2,11.0374
10928,3,843.095,3,853.689,2,3,11.0351
10929,3,843.095,3,853.155,3,2,11.0329
10930,3,843.095,3,853.155,1,1,11.0307
10931,3,843.095,3,853.155,1,0,11.0285
10932,3,843.095,3,853.155,0,0,11.0263
10933,3,843.095,3,853.155,0,1,11.0241
10934,3,843.095,3,853.155,1,2,11.0219
10935,3,843.095,3,853.155,3,3,11.0197
10936,3,843.095,3,853.155,0,3,11.0175
10937,3,843.095,3,853.155,1,0,11.0153
10938,3,843.095,3,858.098,2,3,11.0131
10939,3,843.095,3,858.03,3,3,11.0109
10940,3,843.095,3,858.03,1,1,11.0087
10941,3,843.095,3,853.79,4,3,11.0065
10942,3,843.095,3,853.79,1,2,11.0043
10943,3,843.095,3,853.79,0,0,11.0021
10944,3,843.095,3,853.79,1,0,10.9999
10945,3,843.095,3,853.64,3,2,10.9977
10946,3,843.095,3,853.471,3,1,10.9955
10947,3,843.095,3,853.471,0,1,10.9933
10948,3,843.095,3,853.471,0,3,10.9911
10949,3,843.095,3,853.471,1,3,10.9889
10950,3,843.095,3,853.471,0,3,10.9867
10951,3,843.095,3,853.471,0,1,10.9845
10952,3,843.095,3,853.471,4,0,10.9823
10953,3,843.095,3,853.788,3,2,10.9801
10954,3,843.095,3,853.788,0,1,10.9779
10955,3,843.095,3,853.788,0,3,10.9757
10956,3,843.095,3,853.471,0,2,10.9735
10957,3,843.095,3,852.072,2,1,10.9713
10958,3,843.095,3,852.072,2,3,10.9691
10959,3,843.095,3,851.755,2,1,10.9669
10960,3,843.095,3,851.755,4,2,10.9647
10961,3,843.095,3,851.755,2,1,10.9625
10962,3,843.095,3,851.755,1,2,10.9604
10963,3,843.095,3,851.755,2,0,10.9582
10964,3,843.095,3,858.883,0,3,10.956
10965,3,843.095,3,851.755,2,3,10.9538
10966,3,843.095,3,851.755,3,0,10.9516
10967,3,843.095,3,851.755,1,2,10.9494
10968,3,843.095,3,851.755,2,3,10.9472
10969,3,843.095,3,851.755,4,3,10.945
10970,3,843.095,3,853.155,4,2,10.9428
10971,3,843.095,3,853.155,3,3,10.9406
10972,3,843.095,3,853.472,4,0,10.9385
10973,3,843.095,3,853.472,2,2,10.9363
10974,3,843.095,3,853.472,0,2,10.9341
10975,3,843.095,3,852.072,3,0,10.9319
10976,3,843.095,3,864.509,4,3,10.9297
10977,3,843.095,3,864.936,3,3,10.9275
10978,3,843.095,3,864.62,4,1,10.9253
10979,3,843.095,3,864.62,1,3,10.9231
10980,3,843.095,3,864.62,1,3,10.921
10981,3,843.095,3,864.62,2,1,10.9188
10982,3,843.095,3,864.62,0,0,10.9166
10983,3,843.095,3,864.62,1,1,10.9144
10984,3,843.095,3,864.62,3,0,10.9122
10985,3,843.095,3,864.62,0,0,10.91
10986,3,843.095,3,864.46,4,2,10.9079
10987,3,843.095,3,864.46,4,0,10.9057
10988,3,843.095,3,864.46,3,2,10.9035
10989,3,843.095,3,872.833,2,3,10.9013
10990,3,843.095,3,872.091,4,0,10.8991
10991,3,843.095,3,869.618,4,1,10.897
10992,3,843.095,3,868.484,0,0,10.8948
10993,3,843.095,3,864.989,0,2,10.8926
10994,3,843.095,3,864.989,2,2,10.8904
10995,3,843.095,3,864.989,1,0,10.8882
10996,3,843.095,3,864.989,1,1,10.8861
10997,3,843.095,3,864.989,3,3,10.8839
10998,3,843.095,3,864.101,4,3,10.8817
10999,3,843.095,3,864.101,1,0,10.8795
11000,3,843.095,3,864.261,4,3,10.8774
11001,3,843.095,3,866.991,2,0,10.8752
11002,3,843.095,3,866.991,4,3,10.873
11003,3,843.095,3,865.79,3,3,10.8708
11004,3,843.095,3,865.79,1,3,10.8687
11005,3,843.095,3,864.578,2,2,10.8665
11006,3,843.095,3,864.578,1,3,10.8643
11007,3,843.095,3,864.578,2,1,10.8621
11008,3,843.095,3,864.101,4,1,10.86
11009,3,843.095,3,864.101,1,0,10.8578
11010,3,843.095,3,864.101,2,0,10.8556
11011,3,843.095,3,864.101,1,1,10.8535
11012,3,843.095,3,864.101,1,0,10.8513
11013,3,843.095,3,864.101,2,3,10.8491
11014,3,843.095,3,866.561,2,1,10.8469
11015,3,843.095,3,866.561,1,1,10.8448
11016,3,843.095,3,866.561,2,0,10.8426
11017,3,843.095,3,866.561,1,3,10.8404
11018,3,843.095,3,866.797,3,0,10.8383
11019,3,843.095,3,867.575,3,1,10.8361
11020,3,843.095,3,870.355,3,3,10.8339
11021,3,843.095,3,870.355,0,0,10.8318
11022,3,843.095,3,870.355,2,3,10.8296
11023,3,843.095,3,871.095,3,2,10.8274
11024,3,843.095,3,871.422,3,3,10.8253
11025,3,843.095,3,866.409,2,2,10.8231
11026,3,843.095,3,866.409,1,1,10.8209
11027,3,843.095,3,865.918,4,0,10.8188
11028,3,843.095,3,867.13,4,0,10.8166
11029,3,843.095,3,866.894,4,2,10.8144
11030,3,843.095,3,866.894,3,2,10.8123
11031,3,843.095,3,867.287,3,3,10.8101
11032,3,843.095,3,867.287,1,3,10.808
11033,3,843.095,3,864.206,0,1,10.8058
11034,3,843.095,3,871.191,2,0,10.8036
11035,3,843.095,3,871.191,0,2,10.8015
11036,3,843.095,3,868.03,2,2,10.7993
11037,3,843.095,3,868.03,1,2,10.7972
11038,3,843.095,3,868.03,3,1,10.795
11039,3,843.095,3,868.03,1,3,10.7928
11040,3,843.095,3,868.03,3,2,10.7907
11041,3,843.095,3,868.266,0,0,10.7885
11042,3,843.095,3,868.266,1,0,10.7864
11043,3,843.095,3,868.03,3,1,10.7842
11044,3,843.095,3,868.03,4,0,10.7821
11045,3,843.095,3,868.03,2,1,10.7799
11046,3,843.095,3,857.814,4,0,10.7777
11047,3,843.095,3,857.814,2,1,10.7756
11048,3,843.095,3,865.239,4,3,10.7734
11049,3,843.095,3,865.239,0,3,10.7713
11050,3,843.095,3,865.239,3,1,10.7691
11051,3,843.095,3,865.239,1,0,10.767
11052,3,843.095,3,866.597,2,1,10.7648
11053,3,843.095,3,866.597,2,1,10.7627
11054,3,843.095,3,866.597,0,2,10.7605
11055,3,843.095,3,866.597,1,1,10.7584
11056,3,843.095,3,866.281,0,2,10.7562
11057,3,843.095,3,866.281,4,2,10.7541
11058,3,843.095,3,866.281,4,2,10.7519
11059,3,843.095,3,866.281,0,1,10.7498
11060,3,843.095,3,866.281,4,1,10.7476
11061,3,843.095,3,862.202,0,3,10.7455
11062,3,843.095,3,862.438,4,3,10.7433
11063,3,843.095,3,862.438,1,1,10.7412
11064,3,843.095,3,860.898,0,3,10.739
11065,3,843.095,3,860.898,4,0,10.7369
11066,3,843.095,3,860.378,4,3,10.7347
11067,3,843.095,3,860.378,3,2,10.7326
11068,3,843.095,3,856.627,3,2,10.7304
11069,3,843.095,3,856.627,4,2,10.7283
11070,3,843.095,3,856.627,1,3,10.7261
11071,3,843.095,3,856.391,0,0,10.724
11072,3,843.095,3,856.391,1,2,10.7218
11073,3,843.095,3,856.222,2,3,10.7197
11074,3,843.095,3,856.222,1,0,10.7175
11075,3,843.095,3,856.222,4,0,10.7154
11076,3,843.095,3,874.794,2,3,10.7133
11077,3,843.095,3,874.378,2,1,10.7111
11078,3,843.095,3,868.063,3,3,10.709
11079,3,843.095,3,868.063,4,2,10.7068
11080,3,843.095,3,868.063,1,3,10.7047
11081,3,843.095,3,868.063,0,1,10.7026
11082,3,843.095,3,868.131,2,3,10.7004
11083,3,843.095,3,868.131,3,1,10.6983
11084,3,843.095,3,868.131,3,1,10.6961
11085,3,843.095,3,868.131,2,3,10.694
11086,3,843.095,3,868.131,1,0,10.6919
11087,3,843.095,3,868.131,1,1,10.6897
11088,3,843.095,3,856.29,2,1,10.6876
11089,3,843.095,3,856.29,2,2,10.6854
11090,3,843.095,3,871.317,2,2,10.6833
11091,3,843.095,3,870.783,4,1,10.6812
11092,3,843.095,3,859.572,2,1,10.679
11093,3,843.095,3,859.572,1,3,10.6769
11094,3,843.095,3,859.572,0,0,10.6748
11095,3,843.095,3,859.572,0,2,10.6726
11096,3,843.095,3,859.572,3,0,10.6705
11097,3,843.095,3,858.173,0,1,10.6684
11098,3,843.095,3,858.173,3,1,10.6662
11099,3,843.095,3,863.669,3,2,10.6641
11100,3,843.095,3,863.669,3,1,10.662
11101,3,843.095,3,869.056,0,0,10.6598
11102,3,843.095,3,869.056,0,3,10.6577
11103,3,843.095,3,870.073,3,3,10.6556
11104,3,843.095,3,870.073,1,3,10.6534
11105,3,843.095,3,869.056,4,3,10.6513
11106,3,843.095,3,869.056,3,2,10.6492
11107,3,843.095,3,872.177,2,2,10.647
11108,3,843.095,3,872.347,4,3,10.6449
11109,3,843.095,3,872.347,4,1,10.6428
11110,3,843.095,3,872.347,3,2,10.6406
11111,3,843.095,3,872.177,0,1,10.6385
11112,3,843.095,3,870.927,0,3,10.6364
11113,3,843.095,3,870.927,0,0,10.6343
11114,3,843.095,3,870.927,4,0,10.6321
11115,3,843.095,3,871.175,0,3,10.63
11116,3,843.095,3,871.175,3,3,10.6279
11117,3,843.095,3,865.113,3,0,10.6258
11118,3,843.095,3,864.797,4,1,10.6236
11119,3,843.095,3,864.797,0,0,10.6215
11120,3,843.095,3,864.797,2,3,10.6194
11121,3,843.095,3,865.204,3,3,10.6173
11122,3,843.095,3,865.204,4,3,10.6151
11123,3,843.095,3,865.204,4,0,10.613
11124,3,843.095,3,867.151,4,3,10.6109
11125,3,843.095,3,865.145,0,1,10.6088
11126,3,843.095,3,865.145,3,2,10.6067
11127,3,843.095,3,865.145,0,3,10.6045
11128,3,843.095,3,865.553,3,3,10.6024
11129,3,843.095,3,863.14,3,3,10.6003
11130,3,843.095,3,863.14,0,2,10.5982
11131,3,843.095,3,867.131,0,3,10.596
11132,3,843.095,3,867.131,4,2,10.5939
11133,3,843.095,3,866.866,4,1,10.5918
11134,3,843.095,3,866.866,4,1,10.5897
11135,3,843.095,3,866.866,3,1,10.5876
11136,3,843.095,3,866.866,2,2,10.5855
11137,3,843.095,3,866.866,4,2,10.5833
11138,3,843.095,3,866.866,4,3,10.5812
11139,3,843.095,3,866.866,0,2,10.5791
11140,3,843.095,3,868.379,2,2,10.577
11141,3,843.095,3,868.379,3,3,10.5749
11142,3,843.095,3,868.379,1,1,10.5728
11143,3,843.095,3,866.979,3,2,10.5706
11144,3,843.095,3,866.979,4,1,10.5685
11145,3,843.095,3,866.979,2,0,10.5664
11146,3,843.095,3,869.532,2,3,10.5643
11147,3,843.095,3,866.979,2,1,10.5622
11148,3,843.095,3,866.979,0,0,10.5601
11149,3,843.095,3,866.979,1,0,10.558
11150,3,843.095,3,866.979,4,0,10.5559
11151,3,843.095,3,866.979,4,2,10.5537
11152,3,843.095,3,866.979,3,3,10.5516
11153,3,843.095,3,869.532,4,0,10.5495
11154,3,843.095,3,870.325,3,0,10.5474
11155,3,843.095,3,867.091,2,2,10.5453
11156,3,843.095,3,867.091,1,1,10.5432
11157,3,843.095,3,867.091,3,1,10.5411
11158,3,843.095,3,867.091,0,2,10.539
11159,3,843.095,3,867.091,1,0,10.5369
11160,3,843.095,3,863.1,0,3,10.5348
11161,3,843.095,3,861.649,0,1,10.5327
11162,3,843.095,3,861.649,3,1,10.5305
11163,3,843.095,3,861.649,0,3,10.5284
11164,3,843.095,3,861.649,2,0,10.5263
11165,3,843.095,3,863.583,2,3,10.5242
11166,3,843.095,3,863.583,3,1,10.5221
11167,3,843.095,3,863.583,1,1,10.52
11168,3,843.095,3,863.049,2,2,10.5179
11169,3,843.095,3,863.515,2,0,10.5158
11170,3,843.095,3,863.049,3,2,10.5137
11171,3,843.095,3,864.6,3,2,10.5116
11172,3,843.095,3,863.583,2,3,10.5095
11173,3,843.095,3,863.583,0,0,10.5074
11174,3,843.095,3,863.583,1,0,10.5053
11175,3,843.095,3,863.583,1,0,10.5032
11176,3,843.095,3,863.583,4,3,10.5011
11177,3,843.095,3,863.583,1,1,10.499
11178,3,843.095,3,863.583,0,1,10.4969
11179,3,843.095,3,863.583,2,2,10.4948
11180,3,843.095,3,863.583,3,2,10.4927
11181,3,843.095,3,863.583,3,3,10.4906
11182,3,843.095,3,863.583,1,0,10.4885
11183,3,843.095,3,864.809,0,0,10.4864
11184,3,843.095,3,864.809,2,1,10.4843
11185,3,843.095,3,864.809,2,3,10.4822
11186,3,843.095,3,863.583,4,1,10.4801
11187,3,843.095,3,863.583,2,3,10.478
11188,3,843.095,3,863.583,1,1,10.4759
11189,3,843.095,3,863.583,1,0,10.4738
11190,3,843.095,3,863.583,3,0,10.4717
11191,3,843.095,3,863.583,1,0,10.4696
11192,3,843.095,3,863.583,4,1,10.4675
11193,3,843.095,3,863.583,3,2,10.4655
11194,3,843.095,3,863.049,3,0,10.4634
11195,3,843.095,3,863.049,1,3,10.4613
11196,3,843.095,3,863.049,1,0,10.4592
11197,3,843.095,3,862.732,3,1,10.4571
11198,3,843.095,3,865.112,4,3,10.455
11199,3,843.095,3,865.112,1,1,10.4529
11200,3,843.095,3,865.112,2,2,10.4508
11201,3,843.095,3,871.893,2,3,10.4487
11202,3,843.095,3,868.774,2,2,10.4466
11203,3,843.095,3,865.79,2,2,10.4445
11204,3,843.095,3,865.79,0,3,10.4425
11205,3,843.095,3,865.96,4,2,10.4404
11206,3,843.095,3,865.96,1,1,10.4383
11207,3,843.095,3,865.96,0,3,10.4362
11208,3,843.095,3,865.96,1,3,10.4341
11209,3,843.095,3,862.162,4,1,10.432
11210,3,843.095,3,862.162,4,3,10.4299
11211,3,843.095,3,879.543,4,3,10.4278
11212,3,843.095,3,879.543,0,0,10.4258
11213,3,843.095,3,879.543,3,1,10.4237
11214,3,843.095,3,878.143,0,2,10.4216
11215,3,843.095,3,878.143,0,2,10.4195
11216,3,843.095,3,878.143,2,2,10.4174
11217,3,843.095,3,876.918,3,3,10.4153
11218,3,843.095,3,892.562,3,3,10.4133
11219,3,843.095,3,889.937,4,1,10.4112
11220,3,843.095,3,873.108,3,3,10.4091
11221,3,843.095,3,864.053,4,2,10.407
11222,3,843.095,3,864.053,0,3,10.4049
11223,3,843.095,3,864.053,1,3,10.4028
11224,3,843.095,3,864.053,0,0,10.4008
11225,3,843.095,3,864.053,0,1,10.3987
11226,3,843.095,3,864.053,0,1,10.3966
11227,3,843.095,3,864.569,2,2,10.3945
11228,3,843.095,3,864.569,1,1,10.3924
11229,3,843.095,3,864.053,2,1,10.3904
11230,3,843.095,3,864.053,1,0,10.3883
11231,3,843.095,3,864.053,4,1,10.3862
11232,3,843.095,3,868.928,3,3,10.3841
11233,3,843.095,3,868.451,3,1,10.3821
11234,3,843.095,3,864.053,2,3,10.38
11235,3,843.095,3,864.053,4,0,10.3779
11236,3,843.095,3,865.492,3,1,10.3758
11237,3,843.095,3,865.492,1,3,10.3738
11238,3,843.095,3,865.492,0,0,10.3717
11239,3,843.095,3,872.921,2,2,10.3696
11240,3,843.095,3,872.921,0,2,10.3675
11241,3,843.095,3,866.102,0,1,10.3655
11242,3,843.095,3,866.102,4,0,10.3634
11243,3,843.095,3,866.154,2,2,10.3613
11244,3,843.095,3,866.154,4,1,10.3592
11245,3,843.095,3,860.615,3,0,10.3572
11246,3,843.095,3,860.615,1,1,10.3551
11247,3,843.095,3,858.422,0,1,10.353
11248,3,843.095,3,858.422,1,2,10.351
11249,3,843.095,3,857.039,4,1,10.3489
11250,3,843.095,3,860.301,2,0,10.3468
11251,3,843.095,3,860.301,0,1,10.3447
11252,3,843.095,3,860.301,3,1,10.3427
11253,3,843.095,3,861.899,0,0,10.3406
11254,3,843.095,3,861.899,0,0,10.3385
11255,3,843.095,3,864.166,3,3,10.3365
11256,3,843.095,3,858.991,4,1,10.3344
11257,3,843.095,3,857.422,3,2,10.3323
11258,3,843.095,3,857.422,3,2,10.3303
11259,3,843.095,3,857.422,2,3,10.3282
11260,3,843.095,3,856.146,0,1,10.3261
11261,3,843.095,3,856.146,1,1,10.3241
11262,3,843.095,3,856.146,2,3,10.322
11263,3,843.095,3,856.146,3,2,10.3199
11264,3,843.095,3,855.34,0,2,10.3179
11265,3,843.095,3,855.509,2,3,10.3158
11266,3,843.095,3,855.509,1,2,10.3138
11267,3,843.095,3,855.239,2,2,10.3117
11268,3,843.095,3,855.239,4,1,10.3096
11269,3,843.095,3,853.641,4,2,10.3076
11270,3,843.095,3,853.641,1,2,10.3055
11271,3,843.095,3,853.641,3,0,10.3034
11272,3,843.095,3,853.641,3,0,10.3014
11273,3,843.095,3,853.641,0,0,10.2993
11274,3,843.095,3,853.641,3,2,10.2973
11275,3,843.095,3,853.641,0,1,10.2952
11276,3,843.095,3,853.746,3,1,10.2931
11277,3,843.095,3,853.746,0,2,10.2911
11278,3,843.095,3,853.577,3,3,10.289
11279,3,843.095,3,853.577,0,2,10.287
11280,3,843.095,3,853.472,2,1,10.2849
11281,3,843.095,3,853.472,1,3,10.2829
11282,3,843.095,3,853.472,4,2,10.2808
11283,3,843.095,3,853.472,4,1,10.2787
11284,3,843.095,3,853.472,3,1,10.2767
11285,3,843.095,3,853.472,1,1,10.2746
11286,3,843.095,3,853.472,0,0,10.2726
11287,3,843.095,3,854.279,0,3,10.2705
11288,3,843.095,3,854.279,4,3,10.2685
11289,3,843.095,3,854.279,1,2,10.2664
11290,3,843.095,3,854.279,2,1,10.2644
11291,3,843.095,3,854.279,1,2,10.2623
11292,3,843.095,3,854.279,0,3,10.2603
11293,3,843.095,3,861.14,2,0,10.2582
11294,3,843.095,3,861.14,2,1,10.2562
11295,3,843.095,3,861.14,2,3,10.2541
11296,3,843.095,3,861.14,0,1,10.2521
11297,3,843.095,3,860.333,2,3,10.25
11298,3,843.095,3,860.333,1,1,10.248
11299,3,843.095,3,860.333,2,0,10.2459
11300,3,843.095,3,860.333,0,1,10.2439
11301,3,843.095,3,860.333,1,3,10.2418
11302,3,843.095,3,860.333,1,1,10.2398
11303,3,843.095,3,860.333,3,2,10.2377
11304,3,843.095,3,860.333,2,2,10.2357
11305,3,843.095,3,860.333,0,1,10.2336
11306,3,843.095,3,860.333,1,0,10.2316
11307,3,843.095,3,857.966,2,1,10.2295
11308,3,843.095,3,858.135,0,3,10.2275
11309,3,843.095,3,861.564,3,3,10.2254
11310,3,843.095,3,858.391,3,1,10.2234
11311,3,843.095,3,858.391,2,2,10.2213
11312,3,843.095,3,858.391,4,1,10.2193
11313,3,843.095,3,858.391,2,0,10.2173
11314,3,843.095,3,858.222,2,1,10.2152
11315,3,843.095,3,858.222,4,2,10.2132
11316,3,843.095,3,858.222,0,2,10.2111
11317,3,843.095,3,858.222,2,2,10.2091
11318,3,843.095,3,858.222,4,0,10.207
11319,3,843.095,3,858.222,4,1,10.205
11320,3,843.095,3,855.938,4,1,10.203
11321,3,843.095,3,855.938,3,1,10.2009
11322,3,843.095,3,856.174,4,2,10.1989
11323,3,843.095,3,856.174,3,0,10.1968
11324,3,843.095,3,856.174,1,3,10.1948
11325,3,843.095,3,856.174,3,1,10.1928
11326,3,843.095,3,856.174,1,3,10.1907
11327,3,843.095,3,856.174,3,3,10.1887
11328,3,843.095,3,856.174,3,0,10.1866
11329,3,843.095,3,856.174,1,2,10.1846
11330,3,843.095,3,855.938,2,0,10.1826
11331,3,843.095,3,855.938,1,0,10.1805
11332,3,843.095,3,855.938,0,2,10.1785
11333,3,843.095,3,855.938,0,1,10.1765
11334,3,843.095,3,855.938,1,2,10.1744
11335,3,843.095,3,855.938,1,1,10.1724
11336,3,843.095,3,855.938,1,2,10.1704
11337,3,843.095,3,855.264,4,2,10.1683
11338,3,843.095,3,855.264,1,2,10.1663
11339,3,843.095,3,855.264,1,0,10.1643
11340,3,843.095,3,855.264,2,1,10.1622
11341,3,843.095,3,855.264,4,0,10.1602
11342,3,843.095,3,855.264,1,3,10.1582
11343,3,843.095,3,855.264,4,2,10.1561
11344,3,843.095,3,855.264,1,1,10.1541
11345,3,843.095,3,855.938,2,3,10.1521
11346,3,843.095,3,854.499,3,2,10.15
11347,3,843.095,3,854.499,4,3,10.148
11348,3,843.095,3,854.499,1,1,10.146
11349,3,843.095,3,854.499,4,2,10.1439
11350,3,843.095,3,854.499,4,1,10.1419
11351,3,843.095,3,854.499,0,0,10.1399
11352,3,843.095,3,854.499,0,1,10.1379
11353,3,843.095,3,854.499,2,0,10.1358
11354,3,843.095,3,860.189,3,0,10.1338
11355,3,843.095,3,860.311,0,2,10.1318
11356,3,843.095,3,854.499,2,1,10.1297
11357,3,843.095,3,854.499,0,2,10.1277
11358,3,843.095,3,854.499,1,3,10.1257
11359,3,843.095,3,854.499,1,1,10.1237
11360,3,843.095,3,854.499,1,2,10.1216
11361,3,843.095,3,854.816,2,2,10.1196
11362,3,843.095,3,854.816,2,2,10.1176
11363,3,843.095,3,854.816,2,0,10.1156
11364,3,843.095,3,854.816,2,3,10.1136
11365,3,843.095,3,854.985,0,2,10.1115
11366,3,843.095,3,854.985,4,2,10.1095
11367,3,843.095,3,854.985,3,1,10.1075
11368,3,843.095,3,854.985,0,1,10.1055
11369,3,843.095,3,854.985,1,0,10.1034
11370,3,843.095,3,854.985,2,0,10.1014
11371,3,843.095,3,854.985,1,3,10.0994
11372,3,843.095,3,854.985,1,1,10.0974
11373,3,843.095,3,859.049,2,3,10.0954
11374,3,843.095,3,856.424,0,1,10.0933
11375,3,843.095,3,856.424,3,0,10.0913
11376,3,843.095,3,856.424,3,1,10.0893
11377,3,843.095,3,858.906,2,3,10.0873
11378,3,843.095,3,860.614,4,3,10.0853
11379,3,843.095,3,858.955,2,1,10.0833
11380,3,843.095,3,856.491,2,0,10.0812
11381,3,843.095,3,856.491,1,0,10.0792
11382,3,843.095,3,861.641,4,0,10.0772
11383,3,843.095,3,861.641,1,3,10.0752
11384,3,843.095,3,856.255,2,1,10.0732
11385,3,843.095,3,856.255,1,1,10.0712
11386,3,843.095,3,856.255,4,1,10.0691
11387,3,843.095,3,856.255,4,0,10.0671
11388,3,843.095,3,856.255,2,2,10.0651
11389,3,843.095,3,856.255,0,0,10.0631
11390,3,843.095,3,858.497,3,3,10.0611
11391,3,843.095,3,858.497,3,1,10.0591
11392,3,843.095,3,859.099,2,3,10.0571
11393,3,843.095,3,858.244,2,3,10.0551
11394,3,843.095,3,858.244,2,3,10.053
11395,3,843.095,3,856.968,4,2,10.051
11396,3,843.095,3,856.968,4,1,10.049
11397,3,843.095,3,857.741,2,0,10.047
11398,3,843.095,3,857.741,4,0,10.045
11399,3,843.095,3,857.741,4,1,10.043
11400,3,843.095,3,857.741,4,1,10.041
11401,3,843.095,3,857.741,1,3,10.039
11402,3,843.095,3,856.862,3,1,10.037
11403,3,843.095,3,855.212,4,1,10.035
11404,3,843.095,3,855.212,1,1,10.033
11405,3,843.095,3,855.212,1,3,10.031
11406,3,843.095,3,862.737,3,0,10.0289
11407,3,843.095,3,862.737,1,3,10.0269
11408,3,843.095,3,862.737,2,1,10.0249
11409,3,843.095,3,862.737,1,2,10.0229
11410,3,843.095,3,856.723,3,2,10.0209
11411,3,843.095,3,855.091,2,1,10.0189
11412,3,843.095,3,855.898,3,2,10.0169
11413,3,843.095,3,855.091,2,0,10.0149
11414,3,843.095,3,857.643,2,3,10.0129
11415,3,843.095,3,857.643,1,0,10.0109
11416,3,843.095,3,853.652,2,1,10.0089
11417,3,843.095,3,853.652,1,2,10.0069
11418,3,843.095,3,853.652,1,3,10.0049
11419,3,843.095,3,853.652,2,2,10.0029
11420,3,843.095,3,853.652,4,2,10.0009
11421,3,843.095,3,853.652,0,1,9.9989
11422,3,843.095,3,853.652,2,1,9.9969
11423,3,843.095,3,855.25,4,2,9.9949
11424,3,843.095,3,855.25,4,1,9.9929
11425,3,843.095,3,856.129,0,3,9.99091
11426,3,843.095,3,858.05,2,3,9.98891
11427,3,843.095,3,858.05,4,0,9.98691
11428,3,843.095,3,854.774,4,1,9.98491
11429,3,843.095,3,857.327,2,2,9.98292
11430,3,843.095,3,857.327,1,1,9.98092
11431,3,843.095,3,857.327,4,1,9.97892
11432,3,843.095,3,857.327,1,1,9.97693
11433,3,843.095,3,852.491,2,3,9.97493
11434,3,843.095,3,852.66,0,2,9.97294
11435,3,843.095,3,852.66,3,2,9.97094
11436,3,843.095,3,852.491,0,3,9.96895
11437,3,843.095,3,856.265,0,0,9.96695
11438,3,843.095,3,856.265,2,1,9.96496
11439,3,843.095,3,856.265,1,3,9.96297
11440,3,843.095,3,856.265,3,2,9.96097
11441,3,843.095,3,856.265,2,2,9.95898
11442,3,843.095,3,856.265,3,0,9.95699
11443,3,843.095,3,856.265,2,2,9.955
11444,3,843.095,3,856.265,1,1,9.95301
11445,3,843.095,3,856.265,3,1,9.95102
11446,3,843.095,3,856.265,0,1,9.94903
11447,3,843.095,3,858.89,3,3,9.94704
11448,3,843.095,3,857.023,0,0,9.94505
11449,3,843.095,3,857.023,1,0,9.94306
11450,3,843.095,3,857.023,2,2,9.94107
11451,3,843.095,3,857.023,1,3,9.93908
11452,3,843.095,3,854.398,4,1,9.93709
11453,3,843.095,3,854.398,1,2,9.93511
11454,3,843.095,3,854.398,4,0,9.93312
11455,3,843.095,3,853.113,0,1,9.93113
11456,3,843.095,3,852.596,0,0,9.92915
11457,3,843.095,3,852.596,4,0,9.92716
11458,3,843.095,3,852.596,3,3,9.92518
11459,3,843.095,3,852.596,4,2,9.92319
11460,3,843.095,3,852.596,2,0,9.92121
11461,3,843.095,3,852.596,2,1,9.91922
11462,3,843.095,3,852.596,3,0,9.91724
11463,3,843.095,3,852.596,4,1,9.91526
11464,3,843.095,3,852.596,0,2,9.91327
11465,3,843.095,3,852.596,0,1,9.91129
11466,3,843.095,3,852.596,3,2,9.90931
11467,3,843.095,3,852.596,1,3,9.90733
11468,3,843.095,3,852.596,4,0,9.90534
11469,3,843.095,3,852.596,0,0,9.90336
11470,3,843.095,3,852.596,3,1,9.90138
11471,3,843.095,3,854.185,3,3,9.8994
11472,3,843.095,3,861.115,4,2,9.89742
11473,3,843.095,3,863.719,3,0,9.89544
11474,3,843.095,3,864.341,3,2,9.89346
11475,3,843.095,3,864.341,0,2,9.89148
11476,3,843.095,3,864.341,3,2,9.88951
11477,3,843.095,3,865.523,0,3,9.88753
11478,3,843.095,3,865.523,2,2,9.88555
11479,3,843.095,3,865.839,2,2,9.88357
11480,3,843.095,3,865.839,0,2,9.8816
11481,3,843.095,3,864.698,3,1,9.87962
11482,3,843.095,3,864.698,3,0,9.87764
11483,3,843.095,3,864.698,4,3,9.87567
11484,3,843.095,3,864.18,2,2,9.87369
11485,3,843.095,3,864.18,4,2,9.87172
11486,3,843.095,3,864.18,4,1,9.86975
11487,3,843.095,3,864.18,4,2,9.86777
11488,3,843.095,3,863.712,4,3,9.8658
11489,3,843.095,3,863.395,0,2,9.86382
11490,3,843.095,3,863.395,0,1,9.86185
11491,3,843.095,3,862.595,4,2,9.85988
11492,3,843.095,3,862.595,3,0,9.85791
11493,3,843.095,3,862.595,1,1,9.85594
11494,3,843.095,3,862.595,0,3,9.85396
11495,3,843.095,3,862.595,1,3,9.85199
11496,3,843.095,3,862.595,0,3,9.85002
11497,3,843.095,3,862.595,3,1,9.84805
11498,3,843.095,3,862.595,1,2,9.84608
11499,3,843.095,3,866.459,2,3,9.84411
11500,3,843.095,3,866.459,1,0,9.84215
11501,3,843.095,3,866.459,1,1,9.84018
11502,3,843.095,3,866.523,0,3,9.83821
11503,3,843.095,3,866.523,4,1,9.83624
11504,3,843.095,3,866.523,4,3,9.83427
11505,3,843.095,3,866.523,1,3,9.83231
11506,3,843.095,3,862.764,3,1,9.83034
11507,3,843.095,3,863.282,0,2,9.82838
11508,3,843.095,3,863.189,2,1,9.82641
11509,3,843.095,3,863.189,1,1,9.82444
11510,3,843.095,3,863.189,1,2,9.82248
11511,3,843.095,3,863.189,1,0,9.82051
11512,3,843.095,3,867.734,2,0,9.81855
11513,3,843.095,3,867.734,1,1,9.81659
11514,3,843.095,3,872.172,4,3,9.81462
11515,3,843.095,3,872.172,2,0,9.81266
11516,3,843.095,3,872.172,1,0,9.8107
11517,3,843.095,3,872.172,3,3,9.80874
11518,3,843.095,3,872.172,0,2,9.80677
11519,3,843.095,3,872.172,1,1,9.80481
11520,3,843.095,3,872.062,2,2,9.80285
11521,3,843.095,3,872.062,1,3,9.80089
11522,3,843.095,3,872.062,1,1,9.79893
11523,3,843.095,3,872.062,0,2,9.79697
11524,3,843.095,3,868.231,4,2,9.79501
11525,3,843.095,3,868.231,4,1,9.79305
11526,3,843.095,3,867.426,0,0,9.79109
11527,3,843.095,3,866.908,0,1,9.78914
11528,3,843.095,3,866.908,0,1,9.78718
11529,3,843.095,3,858.902,0,3,9.78522
11530,3,843.095,3,858.902,4,2,9.78326
11531,3,843.095,3,858.902,1,2,9.78131
11532,3,843.095,3,858.902,1,0,9.77935
11533,3,843.095,3,858.902,4,0,9.7774
11534,3,843.095,3,858.641,3,0,9.77544
11535,3,843.095,3,858.641,2,0,9.77348
11536,3,843.095,3,858.03,4,3,9.77153
11537,3,843.095,3,858.03,3,3,9.76958
11538,3,843.095,3,854.682,4,0,9.76762
11539,3,843.095,3,854.682,0,2,9.76567
11540,3,843.095,3,855.305,3,0,9.76371
11541,3,843.095,3,855.305,1,2,9.76176
11542,3,843.095,3,855.305,0,0,9.75981
11543,3,843.095,3,855.305,4,2,9.75786
11544,3,843.095,3,855.305,0,3,9.75591
11545,3,843.095,3,855.621,3,2,9.75396
11546,3,843.095,3,855.621,4,1,9.752
11547,3,843.095,3,855.136,3,3,9.75005
11548,3,843.095,3,855.136,3,2,9.7481
11549,3,843.095,3,855.136,2,2,9.74615
11550,3,843.095,3,855.136,2,1,9.74421
11551,3,843.095,3,854.618,0,2,9.74226
11552,3,843.095,3,854.618,3,0,9.74031
11553,3,843.095,3,854.618,0,1,9.73836
11554,3,843.095,3,854.618,1,0,9.73641
11555,3,843.095,3,854.513,0,2,9.73446
11556,3,843.095,3,854.513,2,0,9.73252
11557,3,843.095,3,854.513,1,0,9.73057
11558,3,843.095,3,854.513,0,2,9.72863
11559,3,843.095,3,854.513,0,2,9.72668
11560,3,843.095,3,854.83,3,0,9.72473
11561,3,843.095,3,854.83,1,3,9.72279
11562,3,843.095,3,854.83,3,3,9.72084
11563,3,843.095,3,854.513,3,2,9.7189
11564,3,843.095,3,854.513,4,2,9.71696
11565,3,843.095,3,854.513,1,1,9.71501
11566,3,843.095,3,854.513,1,3,9.71307
11567,3,843.095,3,854.513,4,0,9.71113
11568,3,843.095,3,854.513,2,0,9.70919
11569,3,843.095,3,854.513,0,0,9.70724
11570,3,843.095,3,854.513,4,0,9.7053
11571,3,843.095,3,854.513,1,3,9.70336
11572,3,843.095,3,854.513,0,3,9.70142
11573,3,843.095,3,854.513,0,1,9.69948
11574,3,843.095,3,854.513,1,0,9.69754
11575,3,843.095,3,854.513,3,3,9.6956
11576,3,843.095,3,854.513,3,1,9.69366
11577,3,843.095,3,854.513,0,3,9.69172
11578,3,843.095,3,854.513,2,2,9.68978
11579,3,843.095,3,854.513,0,0,9.68785
11580,3,843.095,3,854.513,0,1,9.68591
11581,3,843.095,3,854.513,1,0,9.68397
11582,3,843.095,3,854.513,2,2,9.68204
11583,3,843.095,3,854.513,1,0,9.6801
11584,3,843.095,3,854.513,4,1,9.67816
11585,3,843.095,3,854.513,0,2,9.67623
11586,3,843.095,3,854.513,0,2,9.67429
11587,3,843.095,3,854.513,3,0,9.67236
11588,3,843.095,3,857.065,3,3,9.67042
11589,3,843.095,3,857.065,4,2,9.66849
11590,3,843.095,3,857.065,4,1,9.66655
11591,3,843.095,3,857.065,3,1,9.66462
11592,3,843.095,3,857.065,4,3,9.66269
11593,3,843.095,3,857.065,0,1,9.66076
11594,3,843.095,3,857.065,0,2,9.65882
11595,3,843.095,3,857.065,1,0,9.65689
11596,3,843.095,3,857.065,0,2,9.65496
11597,3,843.095,3,857.065,3,2,9.65303
11598,3,843.095,3,857.065,4,0,9.6511
11599,3,843.095,3,857.065,1,2,9.64917
11600,3,843.095,3,854.513,2,1,9.64724
11601,3,843.095,3,854.513,4,2,9.64531
11602,3,843.095,3,854.513,0,1,9.64338
11603,3,843.095,3,854.513,4,2,9.64145
11604,3,843.095,3,854.513,0,0,9.63952
11605,3,843.095,3,854.513,4,1,9.6376
11606,3,843.095,3,854.513,4,3,9.63567
11607,3,843.095,3,854.513,1,1,9.63374
11608,3,843.095,3,854.513,4,0,9.63181
11609,3,843.095,3,853.388,4,1,9.62989
11610,3,843.095,3,853.388,1,0,9.62796
11611,3,843.095,3,853.388,1,0,9.62604
11612,3,843.095,3,855.048,0,3,9.62411
11613,3,843.095,3,855.048,1,0,9.62219
11614,3,843.095,3,855.048,4,1,9.62026
11615,3,843.095,3,855.048,3,3,9.61834
11616,3,843.095,3,855.048,0,0,9.61641
11617,3,843.095,3,853.388,2,0,9.61449
11618,3,843.095,3,853.388,3,3,9.61257
11619,3,843.095,3,853.388,3,3,9.61065
11620,3,843.095,3,853.388,4,0,9.60872
11621,3,843.095,3,855.94,2,3,9.6068
11622,3,843.095,3,855.94,0,1,9.60488
11623,3,843.095,3,853.388,2,0,9.60296
11624,3,843.095,3,854.148,4,3,9.60104
11625,3,843.095,3,854.148,1,2,9.59912
11626,3,843.095,3,854.148,2,1,9.5972
11627,3,843.095,3,854.148,2,3,9.59528
11628,3,843.095,3,854.148,1,3,9.59336
11629,3,843.095,3,854.77,3,3,9.59144
11630,3,843.095,3,853.369,2,1,9.58952
11631,3,843.095,3,853.369,2,1,9.58761
11632,3,843.095,3,853.369,1,3,9.58569
11633,3,843.095,3,853.369,1,1,9.58377
11634,3,843.095,3,853.369,1,1,9.58185
11635,3,843.095,3,852.851,0,1,9.57994
11636,3,843.095,3,852.851,3,2,9.57802
11637,3,843.095,3,852.851,3,2,9.57611
11638,3,843.095,3,852.851,0,2,9.57419
11639,3,843.095,3,852.794,2,0,9.57228
11640,3,843.095,3,856.625,2,3,9.57036
11641,3,843.095,3,859.177,2,3,9.56845
11642,3,843.095,3,859.177,2,3,9.56653
11643,3,843.095,3,859.177,0,2,9.56462
11644,3,843.095,3,859.177,1,2,9.56271
11645,3,843.095,3,856.625,2,2,9.56079
11646,3,843.095,3,856.625,0,3,9.55888
11647,3,843.095,3,851.897,3,0,9.55697
11648,3,843.095,3,851.897,0,0,9.55506
11649,3,843.095,3,851.897,1,1,9.55315
11650,3,843.095,3,851.897,1,1,9.55124
11651,3,843.095,3,851.897,0,1,9.54933
11652,3,843.095,3,851.897,4,2,9.54742
11653,3,843.095,3,851.897,4,3,9.54551
11654,3,843.095,3,851.897,1,0,9.5436
11655,3,843.095,3,851.897,3,2,9.54169
11656,3,843.095,3,851.792,2,0,9.53978
11657,3,843.095,3,851.792,2,0,9.53787
11658,3,843.095,3,851.792,1,0,9.53597
11659,3,843.095,3,851.792,1,0,9.53406
11660,3,843.095,3,851.792,3,2,9.53215
11661,3,843.095,3,851.792,4,1,9.53025
11662,3,843.095,3,851.792,3,1,9.52834
11663,3,843.095,3,851.792,2,2,9.52643
11664,3,843.095,3,851.792,4,1,9.52453
11665,3,843.095,3,857.179,2,0,9.52262
11666,3,843.095,3,859.281,4,3,9.52072
11667,3,843.095,3,860.053,3,2,9.51882
11668,3,843.095,3,854.22,4,2,9.51691
11669,3,843.095,3,854.22,3,2,9.51501
11670,3,843.095,3,854.22,0,0,9.51311
11671,3,843.095,3,854.22,4,3,9.5112
11672,3,843.095,3,854.22,2,3,9.5093
11673,3,843.095,3,865.836,2,0,9.5074
11674,3,843.095,3,865.836,4,0,9.5055
11675,3,843.095,3,865.836,1,2,9.5036
11676,3,843.095,3,856.154,2,0,9.5017
11677,3,843.095,3,856.154,4,2,9.49979
11678,3,843.095,3,854.86,3,1,9.49789
11679,3,843.095,3,854.86,0,0,9.496
11680,3,843.095,3,854.86,3,3,9.4941
11681,3,843.095,3,854.86,1,0,9.4922
11682,3,843.095,3,854.86,4,1,9.4903
11683,3,843.095,3,855.666,4,2,9.4884
11684,3,843.095,3,855.666,1,1,9.4865
11685,3,843.095,3,854.068,0,0,9.48461
11686,3,843.095,3,853.262,4,1,9.48271
11687,3,843.095,3,851.823,2,2,9.48081
11688,3,843.095,3,858.119,4,3,9.47892
11689,3,843.095,3,858.119,3,1,9.47702
11690,3,843.095,3,858.119,4,3,9.47513
11691,3,843.095,3,858.119,1,1,9.47323
11692,3,843.095,3,858.119,4,3,9.47134
11693,3,843.095,3,858.008,4,0,9.46944
11694,3,843.095,3,858.008,2,2,9.46755
11695,3,843.095,3,858.008,3,2,9.46565
11696,3,843.095,3,858.475,2,0,9.46376
11697,3,843.095,3,858.475,3,1,9.46187
11698,3,843.095,3,858.475,4,3,9.45998
11699,3,843.095,3,858.008,2,2,9.45808
11700,3,843.095,3,858.008,3,3,9.45619
11701,3,843.095,3,858.008,0,1,9.4543
11702,3,843.095,3,862.38,4,3,9.45241
11703,3,843.095,3,862.38,3,0,9.45052
11704,3,843.095,3,862.38,2,0,9.44863
11705,3,843.095,3,857.106,4,2,9.44674
11706,3,843.095,3,852.719,4,0,9.44485
11707,3,843.095,3,856.179,4,0,9.44296
11708,3,843.095,3,854.895,0,1,9.44107
11709,3,843.095,3,853.665,3,3,9.43918
11710,3,843.095,3,852.83,0,0,9.4373
11711,3,843.095,3,854.237,3,0,9.43541
11712,3,843.095,3,856.574,4,0,9.43352
11713,3,843.095,3,856.574,0,0,9.43164
11714,3,843.095,3,857.211,2,0,9.42975
11715,3,843.095,3,857.211,3,0,9.42786
11716,3,843.095,3,857.211,2,3,9.42598
11717,3,843.095,3,857.211,0,0,9.42409
11718,3,843.095,3,857.211,3,0,9.42221
11719,3,843.095,3,866.925,2,0,9.42032
11720,3,843.095,3,866.925,3,1,9.41844
11721,3,843.095,3,866.925,4,0,9.41656
11722,3,843.095,3,856.778,0,3,9.41467
11723,3,843.095,3,856.778,1,3,9.41279
11724,3,843.095,3,856.778,3,2,9.41091
11725,3,843.095,3,856.778,4,3,9.40902
11726,3,843.095,3,856.778,1,2,9.40714
11727,3,843.095,3,856.778,4,2,9.40526
11728,3,843.095,3,857.095,4,2,9.40338
11729,3,843.095,3,857.095,4,1,9.4015
11730,3,843.095,3,857.095,1,0,9.39962
11731,3,843.095,3,857.095,3,2,9.39774
11732,3,843.095,3,857.095,3,2,9.39586
11733,3,843.095,3,857.095,4,1,9.39398
11734,3,843.095,3,857.095,0,1,9.3921
11735,3,843.095,3,857.095,3,3,9.39022
11736,3,843.095,3,857.095,0,1,9.38835
11737,3,843.095,3,856.778,0,1,9.38647
11738,3,843.095,3,856.778,3,2,9.38459
11739,3,843.095,3,858.217,2,2,9.38271
11740,3,843.095,3,858.217,4,1,9.38084
11741,3,843.095,3,858.217,1,0,9.37896
11742,3,843.095,3,858.217,1,2,9.37708
11743,3,843.095,3,858.217,0,0,9.37521
11744,3,843.095,3,858.217,0,2,9.37333
11745,3,843.095,3,858.217,1,2,9.37146
11746,3,843.095,3,858.217,1,3,9.36959
11747,3,843.095,3,858.217,4,1,9.36771
11748,3,843.095,3,858.217,3,1,9.36584
11749,3,843.095,3,859.207,2,0,9.36396
11750,3,843.095,3,858.891,3,1,9.36209
11751,3,843.095,3,858.983,3,3,9.36022
11752,3,843.095,3,858.983,0,3,9.35835
11753,3,843.095,3,857.906,0,0,9.35648
11754,3,843.095,3,867.674,2,3,9.3546
11755,3,843.095,3,867.674,4,0,9.35273
11756,3,843.095,3,858.142,4,2,9.35086
11757,3,843.095,3,854.376,4,3,9.34899
11758,3,843.095,3,854.14,0,2,9.34712
11759,3,843.095,3,854.14,2,1,9.34525
11760,3,843.095,3,854.14,4,1,9.34338
11761,3,843.095,3,854.14,3,3,9.34152
11762,3,843.095,3,854.14,3,2,9.33965
11763,3,843.095,3,854.14,3,3,9.33778
11764,3,843.095,3,854.14,1,3,9.33591
11765,3,843.095,3,854.14,0,1,9.33404
11766,3,843.095,3,853.971,3,0,9.33218
11767,3,843.095,3,853.971,4,2,9.33031
11768,3,843.095,3,853.971,0,3,9.32845
11769,3,843.095,3,853.971,3,1,9.32658
11770,3,843.095,3,853.971,0,2,9.32471
11771,3,843.095,3,853.971,3,3,9.32285
11772,3,843.095,3,853.971,0,0,9.32099
11773,3,843.095,3,855.371,3,3,9.31912
11774,3,843.095,3,855.371,1,2,9.31726
11775,3,843.095,3,855.371,3,0,9.31539
11776,3,843.095,3,855.371,4,0,9.31353
11777,3,843.095,3,854.534,2,3,9.31167
11778,3,843.095,3,854.534,0,0,9.30981
11779,3,843.095,3,854.534,2,2,9.30794
11780,3,843.095,3,854.534,1,0,9.30608
11781,3,843.095,3,854.534,1,2,9.30422
11782,3,843.095,3,854.534,0,1,9.30236
11783,3,843.095,3,854.534,2,1,9.3005
11784,3,843.095,3,854.534,4,1,9.29864
11785,3,843.095,3,854.534,2,1,9.29678
11786,3,843.095,3,855.418,4,2,9.29492
11787,3,843.095,3,855.418,0,3,9.29306
11788,3,843.095,3,855.418,1,3,9.2912
11789,3,843.095,3,854.816,2,0,9.28934
11790,3,843.095,3,866.325,3,3,9.28749
11791,3,843.095,3,863.638,3,2,9.28563
11792,3,843.095,3,863.638,1,3,9.28377
11793,3,843.095,3,863.638,4,3,9.28192
11794,3,843.095,3,863.638,2,3,9.28006
11795,3,843.095,3,863.638,4,1,9.2782
11796,3,843.095,3,863.638,4,0,9.27635
11797,3,843.095,3,863.638,1,0,9.27449
11798,3,843.095,3,863.638,1,0,9.27264
11799,3,843.095,3,863.638,0,1,9.27078
11800,3,843.095,3,863.638,3,3,9.26893
11801,3,843.095,3,863.638,0,2,9.26707
11802,3,843.095,3,863.638,2,1,9.26522
11803,3,843.095,3,859.741,3,2,9.26337
11804,3,843.095,3,868.309,4,2,9.26152
11805,3,843.095,3,864.729,3,3,9.25966
11806,3,843.095,3,864.729,1,1,9.25781
11807,3,843.095,3,863.852,0,3,9.25596
11808,3,843.095,3,867.72,0,0,9.25411
11809,3,843.095,3,863.932,4,0,9.25226
11810,3,843.095,3,863.932,0,0,9.25041
11811,3,843.095,3,863.932,4,0,9.24856
11812,3,843.095,3,863.932,4,1,9.24671
11813,3,843.095,3,862.334,0,0,9.24486
11814,3,843.095,3,862.334,2,2,9.24301
11815,3,843.095,3,862.334,0,2,9.24116
11816,3,843.095,3,862.334,4,2,9.23931
11817,3,843.095,3,862.334,1,3,9.23746
11818,3,843.095,3,862.334,1,3,9.23562
11819,3,843.095,3,862.334,4,1,9.23377
11820,3,843.095,3,864.054,3,2,9.23192
11821,3,843.095,3,864.054,4,1,9.23008
11822,3,843.095,3,864.054,0,0,9.22823
11823,3,843.095,3,864.054,0,2,9.22638
11824,3,843.095,3,860.932,4,0,9.22454
11825,3,843.095,3,860.932,1,2,9.22269
11826,3,843.095,3,860.932,3,0,9.22085
11827,3,843.095,3,860.932,4,3,9.21901
11828,3,843.095,3,860.822,3,3,9.21716
11829,3,843.095,3,869.939,2,2,9.21532
11830,3,843.095,3,869.939,3,0,9.21348
11831,3,843.095,3,867.348,2,1,9.21163
11832,3,843.095,3,867.348,3,0,9.20979
11833,3,843.095,3,868.408,0,3,9.20795
11834,3,843.095,3,868.476,4,2,9.20611
11835,3,843.095,3,866.796,0,2,9.20427
11836,3,843.095,3,866.796,1,0,9.20242
11837,3,843.095,3,855.634,3,2,9.20058
11838,3,843.095,3,857.386,4,3,9.19874
11839,3,843.095,3,857.386,3,2,9.1969
11840,3,843.095,3,857.386,2,2,9.19507
11841,3,843.095,3,857.865,4,0,9.19323
11842,3,843.095,3,855.452,2,1,9.19139
11843,3,843.095,3,853.278,4,2,9.18955
11844,3,843.095,3,853.278,3,1,9.18771
11845,3,843.095,3,853.278,3,0,9.18587
11846,3,843.095,3,853.234,3,3,9.18404
11847,3,843.095,3,851.636,0,2,9.1822
11848,3,843.095,3,864.123,0,0,9.18036
11849,3,843.095,3,858.432,4,1,9.17853
11850,3,843.095,3,858.115,4,1,9.17669
11851,3,843.095,3,858.005,0,3,9.17486
11852,3,843.095,3,858.174,4,2,9.17302
11853,3,843.095,3,858.174,4,1,9.17119
11854,3,843.095,3,858.174,1,2,9.16935
11855,3,843.095,3,858.174,3,1,9.16752
11856,3,843.095,3,858.174,0,2,9.16569
11857,3,843.095,3,857.367,0,2,9.16385
11858,3,843.095,3,857.367,3,0,9.16202
11859,3,843.095,3,857.367,3,0,9.16019
11860,3,843.095,3,857.367,1,1,9.15835
11861,3,843.095,3,858.227,0,3,9.15652
11862,3,843.095,3,858.227,0,0,9.15469
11863,3,843.095,3,858.227,1,0,9.15286
11864,3,843.095,3,858.227,3,2,9.15103
11865,3,843.095,3,858.227,4,3,9.1492
11866,3,843.095,3,858.227,0,3,9.14737
11867,3,843.095,3,858.227,0,1,9.14554
11868,3,843.095,3,852.238,2,2,9.14371
11869,3,843.095,3,852.238,4,1,9.14188
11870,3,843.095,3,852.238,0,0,9.14005
11871,3,843.095,3,853.954,2,2,9.13823
11872,3,843.095,3,853.954,2,1,9.1364
11873,3,843.095,3,853.954,0,1,9.13457
11874,3,843.095,3,853.954,2,0,9.13274
11875,3,843.095,3,853.954,0,2,9.13092
11876,3,843.095,3,853.954,3,3,9.12909
11877,3,843.095,3,853.954,0,1,9.12727
11878,3,843.095,3,853.954,1,1,9.12544
11879,3,843.095,3,853.954,1,0,9.12362
11880,3,843.095,3,853.468,4,1,9.12179
11881,3,843.095,3,853.468,1,1,9.11997
11882,3,843.095,3,853.468,1,1,9.11814
11883,3,843.095,3,852.609,4,1,9.11632
11884,3,843.095,3,852.609,0,1,9.1145
11885,3,843.095,3,852.609,1,0,9.11267
11886,3,843.095,3,855.022,0,3,9.11085
11887,3,843.095,3,853.075,2,0,9.10903
11888,3,843.095,3,853.915,3,3,9.10721
11889,3,843.095,3,853.915,3,3,9.10538
11890,3,843.095,3,853.915,1,2,9.10356
11891,3,843.095,3,858.715,4,0,9.10174
11892,3,843.095,3,858.715,0,1,9.09992
11893,3,843.095,3,858.715,3,0,9.0981
11894,3,843.095,3,858.2,3,2,9.09628
11895,3,843.095,3,856.028,2,2,9.09446
11896,3,843.095,3,856.028,1,0,9.09264
11897,3,843.095,3,856.028,1,1,9.09083
11898,3,843.095,3,856.778,0,2,9.08901
11899,3,843.095,3,856.243,3,0,9.08719
11900,3,843.095,3,853.083,0,3,9.08537
11901,3,843.095,3,853.083,3,3,9.08356
11902,3,843.095,3,853.405,3,2,9.08174
11903,3,843.095,3,856.71,4,0,9.07992
11904,3,843.095,3,856.71,1,3,9.07811
11905,3,843.095,3,857.18,0,3,9.07629
11906,3,843.095,3,857.18,2,0,9.07448
11907,3,843.095,3,857.18,1,3,9.07266
11908,3,843.095,3,856.71,0,1,9.07085
11909,3,843.095,3,856.71,4,3,9.06903
11910,3,843.095,3,856.71,2,3,9.06722
11911,3,843.095,3,856.71,3,1,9.06541
11912,3,843.095,3,856.71,3,1,9.06359
11913,3,843.095,3,856.71,1,0,9.06178
11914,3,843.095,3,856.71,1,1,9.05997
11915,3,843.095,3,856.71,1,0,9.05815
11916,3,843.095,3,862.69,2,1,9.05634
11917,3,843.095,3,862.622,2,3,9.05453
11918,3,843.095,3,862.622,0,2,9.05272
11919,3,843.095,3,862.622,1,3,9.05091
11920,3,843.095,3,858.567,0,0,9.0491
11921,3,843.095,3,858.567,1,3,9.04729
11922,3,843.095,3,858.635,3,1,9.04548
11923,3,843.095,3,858.635,1,0,9.04367
11924,3,843.095,3,858.635,1,1,9.04186
11925,3,843.095,3,863.261,4,0,9.04005
11926,3,843.095,3,860.658,4,0,9.03825
11927,3,843.095,3,859.851,0,0,9.03644
11928,3,843.095,3,855.157,2,1,9.03463
11929,3,843.095,3,855.157,0,0,9.03283
11930,3,843.095,3,856.506,2,3,9.03102
11931,3,843.095,3,856.506,3,3,9.02921
11932,3,843.095,3,856.506,1,0,9.02741
11933,3,843.095,3,856.807,4,3,9.0256
11934,3,843.095,3,856.807,4,1,9.0238
11935,3,843.095,3,856.807,3,0,9.02199
11936,3,843.095,3,856.807,1,2,9.02019
11937,3,843.095,3,856.807,3,2,9.01838
11938,3,843.095,3,856.807,1,1,9.01658
11939,3,843.095,3,856.807,1,3,9.01478
11940,3,843.095,3,856.807,0,1,9.01297
11941,3,843.095,3,851.406,2,0,9.01117
11942,3,843.095,3,851.406,2,2,9.00937
11943,3,843.095,3,851.406,4,1,9.00757
11944,3,843.095,3,851.406,0,2,9.00576
11945,3,843.095,3,855.846,2,1,9.00396
11946,3,843.095,3,857.326,0,0,9.00216
11947,3,843.095,3,856.638,4,1,9.00036
11948,3,843.095,3,857.35,3,3,8.99856
11949,3,843.095,3,854.436,2,1,8.99676
11950,3,843.095,3,854.436,4,2,8.99496
11951,3,843.095,3,854.436,0,2,8.99316
11952,3,843.095,3,854.436,4,0,8.99137
11953,3,843.095,3,854.436,4,1,8.98957
11954,3,843.095,3,854.436,1,3,8.98777
11955,3,843.095,3,854.436,1,1,8.98597
11956,3,843.095,3,853.969,2,1,8.98417
11957,3,843.095,3,853.969,1,3,8.98238
11958,3,843.095,3,856.383,2,3,8.98058
11959,3,843.095,3,856.383,4,0,8.97879
11960,3,843.095,3,853.969,2,1,8.97699
11961,3,843.095,3,852.57,4,3,8.97519
11962,3,843.095,3,852.57,3,3,8.9734
11963,3,843.095,3,852.57,3,2,8.9716
11964,3,843.095,3,852.806,2,2,8.96981
11965,3,843.095,3,852.806,0,2,8.96802
11966,3,843.095,3,852.887,4,2,8.96622
11967,3,843.095,3,853.123,2,3,8.96443
11968,3,843.095,3,852.887,4,1,8.96264
11969,3,843.095,3,852.887,2,3,8.96084
11970,3,843.095,3,852.887,0,3,8.95905
11971,3,843.095,3,852.887,1,0,8.95726
11972,3,843.095,3,852.887,0,0,8.95547
11973,3,843.095,3,852.887,2,3,8.95368
11974,3,843.095,3,852.887,0,2,8.95189
11975,3,843.095,3,852.887,3,1,8.9501
11976,3,843.095,3,852.887,3,0,8.94831
11977,3,843.095,3,852.887,3,1,8.94652
11978,3,843.095,3,852.887,2,3,8.94473
11979,3,843.095,3,852.887,3,3,8.94294
11980,3,843.095,3,852.887,1,1,8.94115
11981,3,843.095,3,853.056,0,3,8.93936
11982,3,843.095,3,853.056,1,1,8.93757
11983,3,843.095,3,853.056,1,3,8.93579
11984,3,843.095,3,853.056,1,0,8.934
11985,3,843.095,3,852.739,3,1,8.93221
11986,3,843.095,3,852.739,0,0,8.93043
11987,3,843.095,3,852.57,0,3,8.92864
11988,3,843.095,3,853.969,0,1,8.92685
11989,3,843.095,3,853.969,1,2,8.92507
11990,3,843.095,3,853.969,4,0,8.92328
11991,3,843.095,3,854.504,2,2,8.9215
11992,3,843.095,3,854.504,2,2,8.91971
11993,3,843.095,3,854.504,2,2,8.91793
11994,3,843.095,3,854.504,3,3,8.91615
11995,3,843.095,3,854.504,4,1,8.91436
11996,3,843.095,3,854.504,4,3,8.91258
11997,3,843.095,3,854.504,1,1,8.9108
11998,3,843.095,3,854.504,1,3,8.90902
11999,3,843.095,3,854.504,3,2,8.90723
12000,3,843.095,3,856.945,4,1,8.90545
12001,3,843.095,3,856.945,2,2,8.90367
12002,3,843.095,3,857.767,2,0,8.90189
12003,3,843.095,3,857.171,4,3,8.90011
12004,3,843.095,3,857.171,2,2,8.89833
12005,3,843.095,3,861.042,4,2,8.89655
12006,3,843.095,3,866.786,2,1,8.89477
12007,3,843.095,3,866.786,1,1,8.89299
12008,3,843.095,3,864.557,3,0,8.89121
12009,3,843.095,3,864.557,1,0,8.88944
12010,3,843.095,3,862.118,2,3,8.88766
12011,3,843.095,3,862.118,4,2,8.88588
12012,3,843.095,3,862.118,3,1,8.8841
12013,3,843.095,3,862.05,2,0,8.88233
12014,3,843.095,3,862.05,1,2,8.88055
12015,3,843.095,3,862.05,1,2,8.87877
12016,3,843.095,3,862.05,1,1,8.877
12017,3,843.095,3,862.05,1,1,8.87522
12018,3,843.095,3,862.05,3,3,8.87345
12019,3,843.095,3,862.05,0,2,8.87167
12020,3,843.095,3,862.05,3,3,8.8699
12021,3,843.095,3,861.824,0,2,8.86812
12022,3,843.095,3,861.824,1,3,8.86635
12023,3,843.095,3,861.824,0,0,8.86458
12024,3,843.095,3,861.824,1,2,8.8628
12025,3,843.095,3,861.824,0,2,8.86103
12026,3,843.095,3,861.824,4,2,8.85926
12027,3,843.095,3,861.824,2,3,8.85749
12028,3,843.095,3,861.824,3,1,8.85572
12029,3,843.095,3,861.824,2,3,8.85395
12030,3,843.095,3,860.046,2,1,8.85217
12031,3,843.095,3,860.046,3,1,8.8504
12032,3,843.095,3,860.046,2,1,8.84863
12033,3,843.095,3,858.695,0,2,8.84686
12034,3,843.095,3,858.695,4,0,8.8451
12035,3,843.095,3,858.695,3,3,8.84333
12036,3,843.095,3,859.229,2,2,8.84156
12037,3,843.095,3,859.229,2,3,8.83979
12038,3,843.095,3,859.229,3,1,8.83802
12039,3,843.095,3,859.229,1,2,8.83625
12040,3,843.095,3,858.695,3,1,8.83449
12041,3,843.095,3,858.695,0,0,8.83272
12042,3,843.095,3,868.911,2,0,8.83095
12043,3,843.095,3,859.229,0,1,8.82919
12044,3,843.095,3,859.229,2,2,8.82742
12045,3,843.095,3,863.239,3,0,8.82566
12046,3,843.095,3,863.239,4,0,8.82389
12047,3,843.095,3,863.239,4,3,8.82213
12048,3,843.095,3,863.239,1,2,8.82036
12049,3,843.095,3,863.239,1,2,8.8186
12050,3,843.095,3,863.239,2,2,8.81683
12051,3,843.095,3,863.239,1,3,8.81507
12052,3,843.095,3,863.239,3,3,8.81331
12053,3,843.095,3,863.239,0,2,8.81154
12054,3,843.095,3,863.239,3,0,8.80978
12055,3,843.095,3,863.239,1,2,8.80802
12056,3,843.095,3,863.239,4,3,8.80626
12057,3,843.095,3,863.239,1,1,8.8045
12058,3,843.095,3,863.239,4,2,8.80274
12059,3,843.095,3,863.239,1,2,8.80098
12060,3,843.095,3,862.319,2,1,8.79922
12061,3,843.095,3,863.414,0,3,8.79746
12062,3,843.095,3,873.096,2,0,8.7957
12063,3,843.095,3,866.23,0,0,8.79394
12064,3,843.095,3,865.994,0,1,8.79218
12065,3,843.095,3,865.994,4,3,8.79042
12066,3,843.095,3,863.102,4,1,8.78866
12067,3,843.095,3,862.243,2,1,8.7869
12068,3,843.095,3,862.243,1,0,8.78515
12069,3,843.095,3,862.412,3,2,8.78339
12070,3,843.095,3,862.412,1,2,8.78163
12071,3,843.095,3,861.78,3,1,8.77988
12072,3,843.095,3,861.78,1,0,8.77812
12073,3,843.095,3,861.78,0,3,8.77636
12074,3,843.095,3,861.78,4,3,8.77461
12075,3,843.095,3,862.693,3,1,8.77285
12076,3,843.095,3,862.693,2,0,8.7711
12077,3,843.095,3,863.01,2,2,8.76935
12078,3,843.095,3,863.01,1,0,8.76759
12079,3,843.095,3,863.01,0,3,8.76584
12080,3,843.095,3,863.01,3,2,8.76409
12081,3,843.095,3,863.01,1,3,8.76233
12082,3,843.095,3,863.01,4,3,8.76058
12083,3,843.095,3,863.01,1,3,8.75883
12084,3,843.095,3,863.101,4,3,8.75708
12085,3,843.095,3,867.084,2,3,8.75532
12086,3,843.095,3,867.084,2,0,8.75357
12087,3,843.095,3,867.084,4,0,8.75182
12088,3,843.095,3,866.55,0,0,8.75007
12089,3,843.095,3,866.55,1,3,8.74832
12090,3,843.095,3,866.55,1,0,8.74657
12091,3,843.095,3,866.55,0,0,8.74482
12092,3,843.095,3,866.55,0,2,8.74307
12093,3,843.095,3,866.55,3,3,8.74133
12094,3,843.095,3,862.088,3,2,8.73958
12095,3,843.095,3,862.088,1,1,8.73783
12096,3,843.095,3,862.088,2,1,8.73608
12097,3,843.095,3,862.088,0,2,8.73434
12098,3,843.095,3,861.997,4,1,8.73259
12099,3,843.095,3,861.997,4,0,8.73084
12100,3,843.095,3,862.233,2,1,8.7291
12101,3,843.095,3,860.834,3,1,8.72735
12102,3,843.095,3,860.834,1,2,8.7256
12103,3,843.095,3,860.834,2,3,8.72386
12104,3,843.095,3,860.834,2,1,8.72211
12105,3,843.095,3,859.914,0,2,8.72037
12106,3,843.095,3,859.914,3,1,8.71863
12107,3,843.095,3,859.914,2,1,8.71688
12108,3,843.095,3,859.914,4,1,8.71514
12109,3,843.095,3,859.678,3,1,8.7134
12110,3,843.095,3,859.678,0,0,8.71165
12111,3,843.095,3,859.678,1,0,8.70991
12112,3,843.095,3,859.678,4,0,8.70817
12113,3,843.095,3,861.189,4,3,8.70643
12114,3,843.095,3,861.189,1,1,8.70469
12115,3,843.095,3,861.425,2,1,8.70294
12116,3,843.095,3,863.978,2,3,8.7012
12117,3,843.095,3,864.811,2,3,8.69946
12118,3,843.095,3,866.85,3,0,8.69772
12119,3,843.095,3,865.145,4,1,8.69598
12120,3,843.095,3,865.145,3,2,8.69425
12121,3,843.095,3,859.218,2,3,8.69251
12122,3,843.095,3,859.218,1,0,8.69077
12123,3,843.095,3,858.538,4,2,8.68903
12124,3,843.095,3,858.222,0,2,8.68729
12125,3,843.095,3,858.222,1,3,8.68555
12126,3,843.095,3,858.458,3,1,8.68382
12127,3,843.095,3,863.606,4,0,8.68208
12128,3,843.095,3,863.606,3,3,8.68034
12129,3,843.095,3,863.606,1,1,8.67861
12130,3,843.095,3,863.606,0,1,8.67687
12131,3,843.095,3,863.606,1,3,8.67514
12132,3,843.095,3,863.606,0,2,8.6734
12133,3,843.095,3,867.471,3,2,8.67167
12134,3,843.095,3,858.467,2,3,8.66993
12135,3,843.095,3,858.467,2,0,8.6682
12136,3,843.095,3,864.74,2,3,8.66647
12137,3,843.095,3,861.019,0,3,8.66473
12138,3,843.095,3,861.019,3,3,8.663
12139,3,843.095,3,861.019,0,0,8.66127
12140,3,843.095,3,861.255,4,2,8.65953
12141,3,843.095,3,861.255,3,3,8.6578
12142,3,843.095,3,860.491,2,3,8.65607
12143,3,843.095,3,860.491,2,0,8.65434
12144,3,843.095,3,862.064,4,0,8.65261
12145,3,843.095,3,862.064,2,2,8.65088
12146,3,843.095,3,862.064,3,3,8.64915
12147,3,843.095,3,861.819,0,1,8.64742
12148,3,843.095,3,861.676,2,2,8.64569
12149,3,843.095,3,861.945,3,0,8.64396
12150,3,843.095,3,861.945,1,1,8.64223
12151,3,843.095,3,861.945,4,3,8.6405
12152,3,843.095,3,861.945,1,3,8.63877
12153,3,843.095,3,861.945,0,2,8.63705
12154,3,843.095,3,861.945,3,0,8.63532
12155,3,843.095,3,861.945,1,3,8.63359
12156,3,843.095,3,861.945,0,3,8.63187
12157,3,843.095,3,861.945,3,1,8.63014
12158,3,843.095,3,857.817,0,3,8.62841
12159,3,843.095,3,857.817,3,1,8.62669
12160,3,843.095,3,857.817,4,0,8.62496
12161,3,843.095,3,863.025,3,3,8.62324
12162,3,843.095,3,863.025,1,2,8.62151
12163,3,843.095,3,862.821,4,1,8.61979
12164,3,843.095,3,863.628,4,1,8.61806
12165,3,843.095,3,863.628,4,2,8.61634
12166,3,843.095,3,863.628,2,0,8.61462
12167,3,843.095,3,863.628,1,3,8.61289
12168,3,843.095,3,863.628,3,3,8.61117
12169,3,843.095,3,863.628,3,0,8.60945
12170,3,843.095,3,863.358,4,0,8.60773
12171,3,843.095,3,863.358,1,1,8.60601
12172,3,843.095,3,863.358,4,2,8.60428
12173,3,843.095,3,863.358,2,3,8.60256
12174,3,843.095,3,863.358,0,1,8.60084
12175,3,843.095,3,863.358,0,1,8.59912
12176,3,843.095,3,863.358,0,1,8.5974
12177,3,843.095,3,868.247,2,3,8.59568
12178,3,843.095,3,868.247,0,1,8.59396
12179,3,843.095,3,865.695,2,0,8.59225
12180,3,843.095,3,865.695,2,3,8.59053
12181,3,843.095,3,865.695,1,0,8.58881
12182,3,843.095,3,865.695,3,0,8.58709
12183,3,843.095,3,865.695,0,2,8.58537
12184,3,843.095,3,865.695,1,0,8.58366
12185,3,843.095,3,865.964,2,0,8.58194
12186,3,843.095,3,866.281,0,2,8.58022
12187,3,843.095,3,866.484,2,3,8.57851
12188,3,843.095,3,866.168,0,3,8.57679
12189,3,843.095,3,866.168,3,1,8.57508
12190,3,843.095,3,866.168,0,2,8.57336
12191,3,843.095,3,866.168,1,3,8.57165
12192,3,843.095,3,864.729,0,0,8.56993
12193,3,843.095,3,864.729,2,3,8.56822
12194,3,843.095,3,865.199,4,1,8.56651
12195,3,843.095,3,865.199,2,0,8.56479
12196,3,843.095,3,865.199,4,1,8.56308
12197,3,843.095,3,865.199,0,0,8.56137
12198,3,843.095,3,865.199,2,2,8.55965
12199,3,843.095,3,865.516,2,0,8.55794
12200,3,843.095,3,865.516,1,0,8.55623
12201,3,843.095,3,874.378,0,0,8.55452
12202,3,843.095,3,874.378,1,0,8.55281
12203,3,843.095,3,873.862,2,1,8.5511
12204,3,843.095,3,870.399,3,0,8.54939
12205,3,843.095,3,868.767,2,0,8.54768
12206,3,843.095,3,869.046,4,2,8.54597
12207,3,843.095,3,869.046,1,3,8.54426
12208,3,843.095,3,860.217,3,1,8.54255
12209,3,843.095,3,858.619,2,0,8.54084
12210,3,843.095,3,858.619,4,3,8.53913
12211,3,843.095,3,858.619,0,0,8.53743
12212,3,843.095,3,859.515,4,0,8.53572
12213,3,843.095,3,859.515,0,1,8.53401
12214,3,843.095,3,859.515,2,0,8.5323
12215,3,843.095,3,859.515,2,2,8.5306
12216,3,843.095,3,859.515,1,1,8.52889
12217,3,843.095,3,860.954,2,3,8.52719
12218,3,843.095,3,854.84,4,0,8.52548
12219,3,843.095,3,853.944,0,2,8.52378
12220,3,843.095,3,858.814,4,2,8.52207
12221,3,843.095,3,858.814,1,3,8.52037
12222,3,843.095,3,858.814,2,0,8.51866
12223,3,843.095,3,858.814,4,1,8.51696
12224,3,843.095,3,858.814,3,3,8.51526
12225,3,843.095,3,858.814,3,3,8.51355
12226,3,843.095,3,858.814,4,0,8.51185
12227,3,843.095,3,858.852,0,3,8.51015
12228,3,843.095,3,858.852,1,2,8.50844
12229,3,843.095,3,858.852,1,0,8.50674
12230,3,843.095,3,858.852,1,2,8.50504
12231,3,843.095,3,858.852,3,3,8.50334
12232,3,843.095,3,858.852,2,3,8.50164
12233,3,843.095,3,858.814,2,1,8.49994
12234,3,843.095,3,858.814,1,3,8.49824
12235,3,843.095,3,858.814,0,1,8.49654
12236,3,843.095,3,858.814,4,3,8.49484
12237,3,843.095,3,858.814,1,3,8.49314
12238,3,843.095,3,857.626,3,1,8.49144
12239,3,843.095,3,857.626,1,0,8.48975
12240,3,843.095,3,857.626,3,0,8.48805
12241,3,843.095,3,857.688,3,3,8.48635
12242,3,843.095,3,857.688,4,0,8.48465
12243,3,843.095,3,857.688,2,1,8.48296
12244,3,843.095,3,859.169,0,3,8.48126
12245,3,843.095,3,857.893,0,3,8.47956
12246,3,843.095,3,857.893,4,0,8.47787
12247,3,843.095,3,857.893,1,1,8.47617
12248,3,843.095,3,862.395,3,3,8.47448
12249,3,843.095,3,863.554,3,0,8.47278
12250,3,843.095,3,863.554,3,0,8.47109
12251,3,843.095,3,862.232,3,2,8.46939
12252,3,843.095,3,856.595,0,2,8.4677
12253,3,843.095,3,856.595,1,1,8.466
12254,3,843.095,3,856.595,1,2,8.46431
12255,3,843.095,3,866.375,2,3,8.46262
12256,3,843.095,3,866.375,1,1,8.46093
12257,3,843.095,3,866.375,1,3,8.45923
12258,3,843.095,3,866.375,1,3,8.45754
12259,3,843.095,3,866.375,1,2,8.45585
12260,3,843.095,3,866.375,1,0,8.45416
12261,3,843.095,3,866.375,2,0,8.45247
12262,3,843.095,3,866.424,3,1,8.45078
12263,3,843.095,3,866.424,1,2,8.44909
12264,3,843.095,3,866.424,3,3,8.4474
12265,3,843.095,3,866.424,1,3,8.44571
12266,3,843.095,3,866.424,3,2,8.44402
12267,3,843.095,3,867.985,4,1,8.44233
12268,3,843.095,3,877.021,2,3,8.44064
12269,3,843.095,3,877.021,3,3,8.43895
12270,3,843.095,3,877.021,0,1,8.43727
12271,3,843.095,3,867.985,2,2,8.43558
12272,3,843.095,3,871.45,2,0,8.43389
12273,3,843.095,3,866.424,2,2,8.4322
12274,3,843.095,3,866.255,4,3,8.43052
12275,3,843.095,3,866.255,1,3,8.42883
12276,3,843.095,3,866.255,1,2,8.42715
12277,3,843.095,3,866.255,1,2,8.42546
12278,3,843.095,3,866.255,4,1,8.42378
12279,3,843.095,3,866.255,1,0,8.42209
12280,3,843.095,3,866.255,1,1,8.42041
12281,3,843.095,3,866.255,1,3,8.41872
12282,3,843.095,3,866.255,3,3,8.41704
12283,3,843.095,3,866.255,0,1,8.41536
12284,3,843.095,3,866.255,3,3,8.41367
12285,3,843.095,3,866.255,0,1,8.41199
12286,3,843.095,3,866.255,2,3,8.41031
12287,3,843.095,3,866.255,1,0,8.40863
12288,3,843.095,3,866.255,2,1,8.40694
12289,3,843.095,3,866.255,1,1,8.40526
12290,3,843.095,3,865.121,4,1,8.40358
12291,3,843.095,3,865.121,2,1,8.4019
12292,3,843.095,3,865.121,1,0,8.40022
12293,3,843.095,3,865.121,0,0,8.39854
12294,3,843.095,3,868.616,0,3,8.39686
12295,3,843.095,3,868.616,3,3,8.39518
12296,3,843.095,3,868.616,0,3,8.3935
12297,3,843.095,3,865.121,4,0,8.39182
12298,3,843.095,3,865.121,4,3,8.39014
12299,3,843.095,3,865.121,2,1,8.38847
12300,3,843.095,3,868.458,3,0,8.38679
12301,3,843.095,3,871.01,2,2,8.38511
12302,3,843.095,3,868.627,2,2,8.38343
12303,3,843.095,3,862.645,3,3,8.38176
12304,3,843.095,3,862.645,1,1,8.38008
12305,3,843.095,3,862.645,0,0,8.37841
12306,3,843.095,3,862.645,0,3,8.37673
12307,3,843.095,3,862.645,0,2,8.37505
12308,3,843.095,3,862.645,3,2,8.37338
12309,3,843.095,3,862.645,4,1,8.37171
12310,3,843.095,3,862.645,0,1,8.37003
12311,3,843.095,3,868.046,3,2,8.36836
12312,3,843.095,3,870.837,3,2,8.36668
12313,3,843.095,3,870.837,1,0,8.36501
12314,3,843.095,3,870.837,0,2,8.36334
12315,3,843.095,3,866.001,4,0,8.36166
12316,3,843.095,3,866.001,0,0,8.35999
12317,3,843.095,3,866.001,1,1,8.35832
12318,3,843.095,3,866.001,2,0,8.35665
12319,3,843.095,3,866.001,1,0,8.35498
12320,3,843.095,3,866.154,0,3,8.35331
12321,3,843.095,3,865.277,4,2,8.35164
12322,3,843.095,3,865.277,2,0,8.34996
12323,3,843.095,3,867.83,4,3,8.34829
12324,3,843.095,3,863.063,4,3,8.34663
12325,3,843.095,3,863.063,3,0,8.34496
12326,3,843.095,3,863.063,2,2,8.34329
12327,3,843.095,3,863.063,0,3,8.34162
12328,3,843.095,3,863.38,0,2,8.33995
12329,3,843.095,3,863.38,4,2,8.33828
12330,3,843.095,3,863.38,1,3,8.33661
12331,3,843.095,3,863.38,3,0,8.33495
12332,3,843.095,3,863.38,2,0,8.33328
12333,3,843.095,3,858.44,0,1,8.33161
12334,3,843.095,3,858.44,3,1,8.32995
12335,3,843.095,3,858.44,0,1,8.32828
12336,3,843.095,3,858.44,3,1,8.32662
12337,3,843.095,3,858.44,1,1,8.32495
12338,3,843.095,3,858.123,3,1,8.32328
12339,3,843.095,3,858.123,2,3,8.32162
12340,3,843.095,3,867.504,2,0,8.31996
12341,3,843.095,3,867.504,1,0,8.31829
12342,3,843.095,3,867.504,0,3,8.31663
12343,3,843.095,3,867.504,0,1,8.31496
12344,3,843.095,3,867.504,2,1,8.3133
12345,3,843.095,3,859.273,2,3,8.31164
12346,3,843.095,3,859.273,4,3,8.30998
12347,3,843.095,3,859.273,1,0,8.30831
12348,3,843.095,3,860.461,4,0,8.30665
12349,3,843.095,3,860.461,4,0,8.30499
12350,3,843.095,3,859.697,0,0,8.30333
12351,3,843.095,3,856.714,4,0,8.30167
12352,3,843.095,3,856.714,3,3,8.30001
12353,3,843.095,3,856.714,3,1,8.29835
12354,3,843.095,3,856.714,4,1,8.29669
12355,3,843.095,3,856.714,4,1,8.29503
12356,3,843.095,3,856.478,2,1,8.29337
12357,3,843.095,3,856.478,3,2,8.29171
12358,3,843.095,3,856.478,1,1,8.29005
12359,3,843.095,3,856.309,0,0,8.2884
12360,3,843.095,3,856.309,1,2,8.28674
12361,3,843.095,3,852.511,3,3,8.28508
12362,3,843.095,3,852.511,2,1,8.28342
12363,3,843.095,3,852.511,0,0,8.28177
12364,3,843.095,3,852.511,1,2,8.28011
12365,3,843.095,3,852.511,2,3,8.27846
12366,3,843.095,3,857.91,4,3,8.2768
12367,3,843.095,3,857.91,1,2,8.27514
12368,3,843.095,3,860.193,3,2,8.27349
12369,3,843.095,3,858.794,4,3,8.27184
12370,3,843.095,3,858.019,0,0,8.27018
12371,3,843.095,3,853.621,3,0,8.26853
12372,3,843.095,3,853.621,0,0,8.26687
12373,3,843.095,3,850.893,0,3,8.26522
12374,3,843.095,3,850.893,2,0,8.26357
12375,3,843.095,3,850.893,1,1,8.26191
12376,3,843.095,3,850.893,3,1,8.26026
12377,3,843.095,3,850.893,0,2,8.25861
12378,3,843.095,3,850.893,1,1,8.25696
12379,3,843.095,3,850.577,0,1,8.25531
12380,3,843.095,3,850.577,4,3,8.25366
12381,3,843.095,3,852.443,3,3,8.252
12382,3,843.095,3,852.443,1,2,8.25035
12383,3,843.095,3,852.443,3,3,8.2487
12384,3,843.095,3,852.443,0,2,8.24705
12385,3,843.095,3,852.443,2,2,8.2454
12386,3,843.095,3,852.443,1,0,8.24376
12387,3,843.095,3,852.443,4,1,8.24211
12388,3,843.095,3,852.553,3,2,8.24046
12389,3,843.095,3,852.553,4,2,8.23881
12390,3,843.095,3,852.553,4,3,8.23716
12391,3,843.095,3,852.553,4,0,8.23552
12392,3,843.095,3,852.553,3,0,8.23387
12393,3,843.095,3,852.553,3,0,8.23222
12394,3,843.095,3,852.553,1,3,8.23057
12395,3,843.095,3,852.553,0,1,8.22893
12396,3,843.095,3,852.553,2,3,8.22728
12397,3,843.095,3,852.553,4,3,8.22564
12398,3,843.095,3,852.553,1,3,8.22399
12399,3,843.095,3,852.553,1,2,8.22235
12400,3,843.095,3,852.553,0,0,8.2207
12401,3,843.095,3,852.553,0,1,8.21906
12402,3,843.095,3,852.553,4,2,8.21742
12403,3,843.095,3,852.553,1,1,8.21577
12404,3,843.095,3,857.585,2,0,8.21413
12405,3,843.095,3,852.553,3,2,8.21249
12406,3,843.095,3,852.553,0,1,8.21084
12407,3,843.095,3,852.087,2,2,8.2092
12408,3,843.095,3,852.087,4,2,8.20756
12409,3,843.095,3,852.087,0,3,8.20592
12410,3,843.095,3,852.573,3,2,8.20428
12411,3,843.095,3,852.573,3,1,8.20264
12412,3,843.095,3,852.573,3,2,8.201
12413,3,843.095,3,853.039,2,0,8.19935
12414,3,843.095,3,853.039,2,0,8.19772
12415,3,843.095,3,853.039,1,0,8.19608
12416,3,843.095,3,853.039,3,1,8.19444
12417,3,843.095,3,853.039,1,3,8.1928
12418,3,843.095,3,852.928,0,2,8.19116
12419,3,843.095,3,852.928,4,0,8.18952
12420,3,843.095,3,852.928,3,2,8.18788
12421,3,843.095,3,852.928,2,0,8.18625
12422,3,843.095,3,852.928,4,0,8.18461
12423,3,843.095,3,852.462,3,1,8.18297
12424,3,843.095,3,852.763,3,3,8.18133
12425,3,843.095,3,852.763,4,0,8.1797
12426,3,843.095,3,852.763,1,0,8.17806
12427,3,843.095,3,851.363,4,3,8.17643
12428,3,843.095,3,851.363,0,3,8.17479
12429,3,843.095,3,851.363,4,0,8.17316
12430,3,843.095,3,858.63,0,0,8.17152
12431,3,843.095,3,858.63,0,1,8.16989
12432,3,843.095,3,858.63,1,1,8.16825
12433,3,843.095,3,866.553,2,2,8.16662
12434,3,843.095,3,866.553,0,1,8.16499
12435,3,843.095,3,866.086,0,0,8.16335
12436,3,843.095,3,866.621,4,3,8.16172
12437,3,843.095,3,866.621,2,3,8.16009
12438,3,843.095,3,866.621,1,2,8.15846
12439,3,843.095,3,866.621,4,1,8.15682
12440,3,843.095,3,866.621,0,3,8.15519
12441,3,843.095,3,866.621,0,2,8.15356
12442,3,843.095,3,866.621,2,1,8.15193
12443,3,843.095,3,869.724,4,3,8.1503
12444,3,843.095,3,869.724,0,1,8.14867
12445,3,843.095,3,861.445,3,3,8.14704
12446,3,843.095,3,861.445,3,2,8.14541
12447,3,843.095,3,861.68,0,1,8.14378
12448,3,843.095,3,861.146,3,1,8.14215
12449,3,843.095,3,853.624,4,3,8.14053
12450,3,843.095,3,852.854,0,2,8.1389
12451,3,843.095,3,852.854,4,0,8.13727
12452,3,843.095,3,852.854,1,2,8.13564
12453,3,843.095,3,851.69,0,3,8.13402
12454,3,843.095,3,851.599,3,1,8.13239
12455,3,843.095,3,851.599,0,3,8.13076
12456,3,843.095,3,851.599,4,1,8.12914
12457,3,843.095,3,851.599,1,2,8.12751
12458,3,843.095,3,851.599,1,1,8.12588
12459,3,843.095,3,851.599,2,0,8.12426
12460,3,843.095,3,851.599,3,1,8.12263
12461,3,843.095,3,852.999,2,2,8.12101
12462,3,843.095,3,853.465,2,0,8.11939
12463,3,843.095,3,853.465,1,3,8.11776
12464,3,843.095,3,853.465,0,2,8.11614
12465,3,843.095,3,853.465,0,1,8.11452
12466,3,843.095,3,853.465,1,1,8.11289
12467,3,843.095,3,852.995,3,0,8.11127
12468,3,843.095,3,852.995,0,1,8.10965
12469,3,843.095,3,852.995,0,0,8.10803
12470,3,843.095,3,852.995,3,3,8.1064
12471,3,843.095,3,852.995,3,0,8.10478
12472,3,843.095,3,852.995,1,0,8.10316
12473,3,843.095,3,852.759,2,1,8.10154
12474,3,843.095,3,852.759,4,0,8.09992
12475,3,843.095,3,852.759,4,2,8.0983
12476,3,843.095,3,852.759,4,0,8.09668
12477,3,843.095,3,853.77,2,3,8.09506
12478,3,843.095,3,853.381,4,3,8.09344
12479,3,843.095,3,853.381,1,1,8.09182
12480,3,843.095,3,853.381,1,3,8.09021
12481,3,843.095,3,853.145,4,0,8.08859
12482,3,843.095,3,853.145,1,2,8.08697
12483,3,843.095,3,853.145,3,3,8.08535
12484,3,843.095,3,853.608,3,3,8.08374
12485,3,843.095,3,859.324,0,2,8.08212
12486,3,843.095,3,859.324,1,2,8.0805
12487,3,843.095,3,859.324,1,2,8.07889
12488,3,843.095,3,859.324,2,1,8.07727
12489,3,843.095,3,859.324,0,2,8.07565
12490,3,843.095,3,859.256,2,0,8.07404
12491,3,843.095,3,862.716,0,3,8.07242
12492,3,843.095,3,862.547,2,0,8.07081
12493,3,843.095,3,856.398,2,2,8.0692
12494,3,843.095,3,856.398,3,1,8.06758
12495,3,843.095,3,856.012,0,1,8.06597
12496,3,843.095,3,856.248,4,3,8.06436
12497,3,843.095,3,856.022,2,3,8.06274
12498,3,843.095,3,856.022,4,3,8.06113
12499,3,843.095,3,856.022,0,3,8.05952
12500,3,843.095,3,856.022,1,3,8.05791
12501,3,843.095,3,853.439,4,0,8.05629
12502,3,843.095,3,853.439,1,3,8.05468
12503,3,843.095,3,853.203,2,1,8.05307
12504,3,843.095,3,853.203,1,1,8.05146
12505,3,843.095,3,853.203,0,3,8.04985
12506,3,843.095,3,853.203,1,0,8.04824
12507,3,843.095,3,853.203,0,3,8.04663
12508,3,843.095,3,853.203,1,2,8.04502
12509,3,843.095,3,852.737,0,0,8.04341
12510,3,843.095,3,852.737,1,1,8.0418
12511,3,843.095,3,853.271,2,2,8.0402
12512,3,843.095,3,853.271,0,2,8.03859
12513,3,843.095,3,853.271,0,0,8.03698
12514,3,843.095,3,853.271,2,0,8.03537
12515,3,843.095,3,853.271,1,3,8.03377
12516,3,843.095,3,853.271,0,2,8.03216
12517,3,843.095,3,853.271,0,0,8.03055
12518,3,843.095,3,853.271,4,0,8.02895
12519,3,843.095,3,858.094,0,3,8.02734
12520,3,843.095,3,858.094,2,0,8.02574
12521,3,843.095,3,858.094,4,0,8.02413
12522,3,843.095,3,858.33,0,2,8.02253
12523,3,843.095,3,858.33,2,0,8.02092
12524,3,843.095,3,858.094,2,1,8.01932
12525,3,843.095,3,858.094,2,3,8.01771
12526,3,843.095,3,854.972,3,0,8.01611
12527,3,843.095,3,854.972,1,3,8.01451
12528,3,843.095,3,855.208,4,1,8.0129
12529,3,843.095,3,856.579,4,2,8.0113
12530,3,843.095,3,856.263,3,1,8.0097
12531,3,843.095,3,856.263,4,2,8.0081
12532,3,843.095,3,856.263,2,0,8.0065
12533,3,843.095,3,856.263,2,2,8.00489
12534,3,843.095,3,860.254,4,0,8.00329
12535,3,843.095,3,860.254,2,0,8.00169
12536,3,843.095,3,860.254,3,3,8.00009
12537,3,843.095,3,859.334,2,1,7.99849
12538,3,843.095,3,859.334,3,2,7.99689
12539,3,843.095,3,859.334,4,2,7.99529
12540,3,843.095,3,859.334,0,2,7.99369
12541,3,843.095,3,859.334,2,3,7.9921
12542,3,843.095,3,859.334,0,0,7.9905
12543,3,843.095,3,859.334,3,0,7.9889
12544,3,843.095,3,860.254,0,3,7.9873
12545,3,843.095,3,860.085,4,2,7.9857
12546,3,843.095,3,860.085,4,0,7.98411
12547,3,843.095,3,863.403,3,0,7.98251
12548,3,843.095,3,863.403,4,0,7.98091
12549,3,843.095,3,858.891,2,0,7.97932
12550,3,843.095,3,866.018,2,3,7.97772
12551,3,843.095,3,866.018,2,1,7.97613
12552,3,843.095,3,858.891,2,1,7.97453
12553,3,843.095,3,858.891,3,2,7.97294
12554,3,843.095,3,858.891,0,1,7.97134
12555,3,843.095,3,858.891,1,1,7.96975
12556,3,843.095,3,858.891,4,2,7.96815
12557,3,843.095,3,858.069,4,2,7.96656
12558,3,843.095,3,858.305,4,1,7.96497
12559,3,843.095,3,858.305,0,1,7.96337
12560,3,843.095,3,863.901,2,2,7.96178
12561,3,843.095,3,863.901,1,1,7.96019
12562,3,843.095,3,863.901,4,3,7.9586
12563,3,843.095,3,863.901,3,2,7.957
12564,3,843.095,3,863.901,3,3,7.95541
12565,3,843.095,3,863.665,3,0,7.95382
12566,3,843.095,3,863.665,1,3,7.95223
12567,3,843.095,3,878.576,2,3,7.95064
12568,3,843.095,3,878.576,0,1,7.94905
12569,3,843.095,3,878.576,2,0,7.94746
12570,3,843.095,3,878.576,1,2,7.94587
12571,3,843.095,3,878.576,1,1,7.94428
12572,3,843.095,3,878.576,1,1,7.94269
12573,3,843.095,3,875.796,3,2,7.9411
12574,3,843.095,3,875.796,3,2,7.93952
12575,3,843.095,3,875.796,4,1,7.93793
12576,3,843.095,3,877.394,0,3,7.93634
12577,3,843.095,3,877.394,0,3,7.93475
12578,3,843.095,3,874.018,2,3,7.93317
12579,3,843.095,3,864.336,3,3,7.93158
12580,3,843.095,3,864.336,1,2,7.92999
12581,3,843.095,3,864.336,1,1,7.92841
12582,3,843.095,3,862.423,2,2,7.92682
12583,3,843.095,3,862.423,1,0,7.92524
12584,3,843.095,3,861.601,0,1,7.92365
12585,3,843.095,3,861.601,0,1,7.92207
12586,3,843.095,3,861.067,3,1,7.92048
12587,3,843.095,3,861.067,0,0,7.9189
12588,3,843.095,3,861.067,2,0,7.91731
12589,3,843.095,3,861.067,1,2,7.91573
12590,3,843.095,3,861.067,1,3,7.91415
12591,3,843.095,3,861.067,3,2,7.91256
12592,3,843.095,3,861.067,1,0,7.91098
12593,3,843.095,3,861.067,1,2,7.9094
12594,3,843.095,3,861.067,0,1,7.90782
12595,3,843.095,3,861.067,1,2,7.90624
12596,3,843.095,3,861.067,0,1,7.90466
12597,3,843.095,3,861.067,3,0,7.90307
12598,3,843.095,3,860.147,2,2,7.90149
12599,3,843.095,3,860.147,3,1,7.89991
12600,3,843.095,3,860.147,1,0,7.89833
12601,3,843.095,3,860.147,1,2,7.89675
12602,3,843.095,3,858.549,3,1,7.89517
12603,3,843.095,3,859.015,2,0,7.8936
12604,3,843.095,3,864.416,4,2,7.89202
12605,3,843.095,3,864.416,1,1,7.89044
12606,3,843.095,3,864.416,4,2,7.88886
12607,3,843.095,3,864.416,2,0,7.88728
12608,3,843.095,3,864.416,3,2,7.8857
12609,3,843.095,3,864.416,4,2,7.88413
12610,3,843.095,3,864.416,3,1,7.88255
12611,3,843.095,3,864.416,4,2,7.88097
12612,3,843.095,3,864.416,3,1,7.8794
12613,3,843.095,3,864.416,1,0,7.87782
12614,3,843.095,3,864.416,4,2,7.87625
12615,3,843.095,3,864.416,3,3,7.87467
12616,3,843.095,3,859.015,4,1,7.8731
12617,3,843.095,3,859.015,1,3,7.87152
12618,3,843.095,3,859.015,2,3,7.86995
12619,3,843.095,3,859.015,2,3,7.86837
12620,3,843.095,3,859.015,1,0,7.8668
12621,3,843.095,3,859.015,2,1,7.86523
12622,3,843.095,3,859.015,1,3,7.86365
12623,3,843.095,3,859.015,2,1,7.86208
12624,3,843.095,3,860.613,3,2,7.86051
12625,3,843.095,3,860.613,4,0,7.85894
12626,3,843.095,3,860.93,0,0,7.85736
12627,3,843.095,3,859.331,0,0,7.85579
12628,3,843.095,3,859.331,3,0,7.85422
12629,3,843.095,3,859.331,3,1,7.85265
12630,3,843.095,3,859.331,1,0,7.85108
12631,3,843.095,3,859.331,3,1,7.84951
12632,3,843.095,3,862.369,4,3,7.84794
12633,3,843.095,3,862.369,0,3,7.84637
12634,3,843.095,3,860.489,2,3,7.8448
12635,3,843.095,3,859.27,0,3,7.84323
12636,3,843.095,3,859.27,1,0,7.84166
12637,3,843.095,3,859.27,2,0,7.8401
12638,3,843.095,3,859.27,3,3,7.83853
12639,3,843.095,3,858.804,4,1,7.83696
12640,3,843.095,3,862.215,2,1,7.83539
12641,3,843.095,3,862.215,1,1,7.83383
12642,3,843.095,3,862.046,2,1,7.83226
12643,3,843.095,3,862.046,1,1,7.83069
12644,3,843.095,3,857.828,4,2,7.82913
12645,3,843.095,3,858.635,4,1,7.82756
12646,3,843.095,3,858.635,2,2,7.82599
12647,3,843.095,3,858.635,1,2,7.82443
12648,3,843.095,3,858.635,1,1,7.82286
12649,3,843.095,3,856.429,0,0,7.8213
12650,3,843.095,3,856.372,0,2,7.81974
12651,3,843.095,3,857.292,3,3,7.81817
12652,3,843.095,3,857.292,3,1,7.81661
12653,3,843.095,3,857.292,1,2,7.81504
12654,3,843.095,3,858.113,4,0,7.81348
12655,3,843.095,3,858.113,1,2,7.81192
12656,3,843.095,3,858.113,1,0,7.81036
12657,3,843.095,3,858.113,1,2,7.80879
12658,3,843.095,3,858.113,1,1,7.80723
12659,3,843.095,3,859.01,3,2,7.80567
12660,3,843.095,3,851.906,0,2,7.80411
12661,3,843.095,3,851.906,1,2,7.80255
12662,3,843.095,3,851.906,1,1,7.80099
12663,3,843.095,3,853.306,2,1,7.79943
12664,3,843.095,3,853.306,1,3,7.79787
12665,3,843.095,3,853.306,1,3,7.79631
12666,3,843.095,3,852.531,0,1,7.79475
12667,3,843.095,3,851.132,4,1,7.79319
12668,3,843.095,3,852.73,3,0,7.79163
12669,3,843.095,3,851.132,0,0,7.79007
12670,3,843.095,3,851.132,0,2,7.78852
12671,3,843.095,3,851.132,4,2,7.78696
12672,3,843.095,3,851.301,2,3,7.7854
12673,3,843.095,3,851.301,1,0,7.78384
12674,3,843.095,3,851.301,0,0,7.78229
12675,3,843.095,3,851.301,3,0,7.78073
12676,3,843.095,3,850.479,4,3,7.77917
12677,3,843.095,3,850.479,1,0,7.77762
12678,3,843.095,3,850.31,2,2,7.77606
12679,3,843.095,3,850.31,3,3,7.77451
12680,3,843.095,3,850.31,1,1,7.77295
12681,3,843.095,3,851.71,3,3,7.7714
12682,3,843.095,3,851.71,0,3,7.76984
12683,3,843.095,3,849.993,0,2,7.76829
12684,3,843.095,3,849.993,1,0,7.76674
12685,3,843.095,3,852.619,0,3,7.76518
12686,3,843.095,3,852.619,2,0,7.76363
12687,3,843.095,3,849.993,2,2,7.76208
12688,3,843.095,3,849.993,1,0,7.76053
12689,3,843.095,3,849.993,4,0,7.75897
12690,3,843.095,3,849.993,2,2,7.75742
12691,3,843.095,3,849.993,3,3,7.75587
12692,3,843.095,3,849.993,4,3,7.75432
12693,3,843.095,3,850.31,4,0,7.75277
12694,3,843.095,3,850.31,2,1,7.75122
12695,3,843.095,3,850.31,2,0,7.74967
12696,3,843.095,3,850.31,1,1,7.74812
12697,3,843.095,3,850.31,1,1,7.74657
12698,3,843.095,3,850.31,3,1,7.74502
12699,3,843.095,3,850.31,4,1,7.74347
12700,3,843.095,3,850.31,4,1,7.74192
12701,3,843.095,3,850.31,1,0,7.74037
12702,3,843.095,3,850.31,4,2,7.73882
12703,3,843.095,3,850.045,3,1,7.73728
12704,3,843.095,3,850.045,3,0,7.73573
12705,3,843.095,3,850.045,4,0,7.73418
12706,3,843.095,3,850.668,4,3,7.73263
12707,3,843.095,3,850.668,0,1,7.73109
12708,3,843.095,3,850.668,4,0,7.72954
12709,3,843.095,3,850.668,1,0,7.728
12710,3,843.095,3,850.668,0,0,7.72645
12711,3,843.095,3,850.668,4,2,7.72491
12712,3,843.095,3,850.668,2,2,7.72336
12713,3,843.095,3,850.668,1,2,7.72182
12714,3,843.095,3,850.668,0,2,7.72027
12715,3,843.095,3,850.668,3,0,7.71873
12716,3,843.095,3,852.067,3,1,7.71718
12717,3,843.095,3,852.067,1,2,7.71564
12718,3,843.095,3,852.067,2,0,7.7141
12719,3,843.095,3,852.067,0,3,7.71255
12720,3,843.095,3,852.067,3,0,7.71101
12721,3,843.095,3,852.067,1,1,7.70947
12722,3,843.095,3,852.067,4,2,7.70793
12723,3,843.095,3,852.067,4,1,7.70639
12724,3,843.095,3,850.668,3,1,7.70484
12725,3,843.095,3,850.668,1,2,7.7033
12726,3,843.095,3,850.15,0,1,7.70176
12727,3,843.095,3,850.15,1,0,7.70022
12728,3,843.095,3,850.15,1,3,7.69868
12729,3,843.095,3,850.15,3,0,7.69714
12730,3,843.095,3,850.15,4,0,7.6956
12731,3,843.095,3,850.15,1,1,7.69406
12732,3,843.095,3,850.15,3,3,7.69253
12733,3,843.095,3,850.15,4,1,7.69099
12734,3,843.095,3,850.045,2,3,7.68945
12735,3,843.095,3,850.045,2,0,7.68791
12736,3,843.095,3,850.045,4,3,7.68637
12737,3,843.095,3,850.045,4,3,7.68484
12738,3,843.095,3,851.959,4,3,7.6833
12739,3,843.095,3,851.959,4,1,7.68176
12740,3,843.095,3,851.959,2,3,7.68023
12741,3,843.095,3,851.587,4,0,7.67869
12742,3,843.095,3,851.587,4,0,7.67715
12743,3,843.095,3,853.793,2,2,7.67562
12744,3,843.095,3,853.793,1,2,7.67408
12745,3,843.095,3,853.793,2,2,7.67255
12746,3,843.095,3,853.793,2,2,7.67101
12747,3,843.095,3,853.793,3,0,7.66948
12748,3,843.095,3,853.793,2,2,7.66795
12749,3,843.095,3,853.793,0,2,7.66641
12750,3,843.095,3,852.393,0,1,7.66488
12751,3,843.095,3,851.587,0,3,7.66335
12752,3,843.095,3,851.587,1,1,7.66181
12753,3,843.095,3,851.587,3,2,7.66028
12754,3,843.095,3,851.587,0,0,7.65875
12755,3,843.095,3,851.587,4,1,7.65722
12756,3,843.095,3,851.587,1,1,7.65569
12757,3,843.095,3,851.587,3,1,7.65415
12758,3,843.095,3,851.587,1,3,7.65262
12759,3,843.095,3,851.698,0,3,7.65109
12760,3,843.095,3,851.698,4,3,7.64956
12761,3,843.095,3,851.698,3,3,7.64803
12762,3,843.095,3,851.698,3,3,7.6465
12763,3,843.095,3,851.698,4,1,7.64497
12764,3,843.095,3,851.381,3,3,7.64345
12765,3,843.095,3,851.381,4,3,7.64192
12766,3,843.095,3,851.381,0,2,7.64039
12767,3,843.095,3,851.381,2,2,7.63886
12768,3,843.095,3,851.381,4,1,7.63733
12769,3,843.095,3,851.381,2,1,7.63581
12770,3,843.095,3,851.381,3,3,7.63428
12771,3,843.095,3,851.381,4,3,7.63275
12772,3,843.095,3,851.381,2,0,7.63122
12773,3,843.095,3,851.381,3,0,7.6297
12774,3,843.095,3,851.381,2,3,7.62817
12775,3,843.095,3,851.381,2,3,7.62665
12776,3,843.095,3,851.381,1,3,7.62512
12777,3,843.095,3,851.381,2,1,7.6236
12778,3,843.095,3,851.381,4,2,7.62207
12779,3,843.095,3,851.753,3,2,7.62055
12780,3,843.095,3,851.753,1,0,7.61902
12781,3,843.095,3,852.368,4,0,7.6175
12782,3,843.095,3,852.368,1,3,7.61598
12783,3,843.095,3,852.368,1,0,7.61445
12784,3,843.095,3,852.368,3,3,7.61293
12785,3,843.095,3,853.174,0,0,7.61141
12786,3,843.095,3,854.574,3,1,7.60988
12787,3,843.095,3,854.574,0,2,7.60836
12788,3,843.095,3,854.574,2,0,7.60684
12789,3,843.095,3,854.574,1,3,7.60532
12790,3,843.095,3,854.574,1,3,7.6038
12791,3,843.095,3,853.941,4,1,7.60228
12792,3,843.095,3,853.941,2,1,7.60076
12793,3,843.095,3,853.135,4,3,7.59924
12794,3,843.095,3,853.135,4,3,7.59772
12795,3,843.095,3,853.135,4,0,7.5962
12796,3,843.095,3,853.135,3,3,7.59468
12797,3,843.095,3,853.135,3,2,7.59316
12798,3,843.095,3,853.135,1,1,7.59164
12799,3,843.095,3,853.135,2,1,7.59012
12800,3,843.095,3,853.24,4,1,7.5886
12801,3,843.095,3,853.24,0,1,7.58709
12802,3,843.095,3,853.24,2,2,7.58557
12803,3,843.095,3,857.916,3,2,7.58405
12804,3,843.095,3,861.124,0,2,7.58254
12805,3,843.095,3,861.124,4,0,7.58102
12806,3,843.095,3,861.019,0,2,7.5795
12807,3,843.095,3,861.019,3,1,7.57799
12808,3,843.095,3,861.019,2,1,7.57647
12809,3,843.095,3,861.336,3,3,7.57496
12810,3,843.095,3,865.273,4,2,7.57344
12811,3,843.095,3,865.273,1,1,7.57193
12812,3,843.095,3,865.114,2,2,7.57041
12813,3,843.095,3,865.114,3,0,7.5689
12814,3,843.095,3,865.114,1,2,7.56738
12815,3,843.095,3,865.114,1,0,7.56587
12816,3,843.095,3,865.114,0,1,7.56436
12817,3,843.095,3,865.826,4,3,7.56284
12818,3,843.095,3,865.995,0,2,7.56133
12819,3,843.095,3,865.995,4,3,7.55982
12820,3,843.095,3,865.995,0,0,7.55831
12821,3,843.095,3,855.645,2,0,7.5568
12822,3,843.095,3,854.608,3,0,7.55528
12823,3,843.095,3,854.608,4,2,7.55377
12824,3,843.095,3,856.657,3,3,7.55226
12825,3,843.095,3,856.657,2,1,7.55075
12826,3,843.095,3,856.431,4,2,7.54924
12827,3,843.095,3,855.625,0,0,7.54773
12828,3,843.095,3,850.447,4,1,7.54622
12829,3,843.095,3,850.447,3,0,7.54471
12830,3,843.095,3,850.643,0,3,7.5432
12831,3,843.095,3,850.643,3,3,7.5417
12832,3,843.095,3,850.643,0,0,7.54019
12833,3,843.095,3,850.643,1,3,7.53868
12834,3,843.095,3,850.643,0,0,7.53717
12835,3,843.095,3,850.552,2,2,7.53566
12836,3,843.095,3,854.068,3,3,7.53416
12837,3,843.095,3,851.254,3,1,7.53265
12838,3,843.095,3,851.254,0,2,7.53114
12839,3,843.095,3,851.254,1,1,7.52964
12840,3,843.095,3,851.254,4,3,7.52813
12841,3,843.095,3,850.447,2,2,7.52663
12842,3,843.095,3,850.447,0,0,7.52512
12843,3,843.095,3,850.447,4,1,7.52362
12844,3,843.095,3,850.447,4,0,7.52211
12845,3,843.095,3,850.447,4,0,7.52061
12846,3,843.095,3,850.447,1,1,7.5191
12847,3,843.095,3,851.269,3,2,7.5176
12848,3,843.095,3,851.269,3,0,7.5161
12849,3,843.095,3,851.269,1,3,7.51459
12850,3,843.095,3,851.269,4,3,7.51309
12851,3,843.095,3,851.269,2,0,7.51159
12852,3,843.095,3,850.222,0,3,7.51008
12853,3,843.095,3,850.222,1,1,7.50858
12854,3,843.095,3,850.131,0,1,7.50708
12855,3,843.095,3,850.131,1,0,7.50558
12856,3,843.095,3,850.131,3,0,7.50408
12857,3,843.095,3,850.131,2,2,7.50258
12858,3,843.095,3,850.131,0,3,7.50108
12859,3,843.095,3,850.131,0,1,7.49958
12860,3,843.095,3,850.235,3,2,7.49808
12861,3,843.095,3,852.615,4,2,7.49658
12862,3,843.095,3,862.621,2,1,7.49508
12863,3,843.095,3,862.621,3,3,7.49358
12864,3,843.095,3,864.807,0,0,7.49208
12865,3,843.095,3,864.807,1,1,7.49058
12866,3,843.095,3,864.807,2,3,7.48908
12867,3,843.095,3,855.275,3,0,7.48759
12868,3,843.095,3,855.275,1,1,7.48609
12869,3,843.095,3,855.275,4,1,7.48459
12870,3,843.095,3,854.087,3,2,7.48309
12871,3,843.095,3,852.471,4,0,7.4816
12872,3,843.095,3,854.252,0,0,7.4801
12873,3,843.095,3,854.252,4,0,7.47861
12874,3,843.095,3,854.252,4,2,7.47711
12875,3,843.095,3,854.252,0,1,7.47561
12876,3,843.095,3,854.362,2,3,7.47412
12877,3,843.095,3,854.362,2,3,7.47262
12878,3,843.095,3,854.362,3,1,7.47113
12879,3,843.095,3,854.362,3,1,7.46964
12880,3,843.095,3,854.362,1,0,7.46814
12881,3,843.095,3,854.88,0,2,7.46665
12882,3,843.095,3,854.88,4,0,7.46515
12883,3,843.095,3,854.88,1,1,7.46366
12884,3,843.095,3,854.77,3,0,7.46217
12885,3,843.095,3,854.77,1,3,7.46068
12886,3,843.095,3,854.77,1,0,7.45918
12887,3,843.095,3,854.147,0,3,7.45769
12888,3,843.095,3,854.147,1,1,7.4562
12889,3,843.095,3,858.587,2,1,7.45471
12890,3,843.095,3,859.289,2,3,7.45322
12891,3,843.095,3,859.179,0,2,7.45173
12892,3,843.095,3,859.179,1,0,7.45024
12893,3,843.095,3,854.147,0,2,7.44875
12894,3,843.095,3,854.147,0,3,7.44726
12895,3,843.095,3,854.147,1,3,7.44577
12896,3,843.095,3,854.147,2,3,7.44428
12897,3,843.095,3,854.147,1,2,7.44279
12898,3,843.095,3,854.147,3,3,7.4413
12899,3,843.095,3,854.147,1,1,7.43981
12900,3,843.095,3,854.152,0,3,7.43833
12901,3,843.095,3,855.364,0,0,7.43684
12902,3,843.095,3,855.528,4,3,7.43535
12903,3,843.095,3,855.359,4,1,7.43386
12904,3,843.095,3,855.359,3,1,7.43238
12905,3,843.095,3,854.356,3,0,7.43089
12906,3,843.095,3,854.356,2,2,7.4294
12907,3,843.095,3,854.356,0,3,7.42792
12908,3,843.095,3,854.89,2,3,7.42643
12909,3,843.095,3,854.89,3,1,7.42495
12910,3,843.095,3,852.169,3,1,7.42346
12911,3,843.095,3,852.169,4,0,7.42198
12912,3,843.095,3,855.474,4,2,7.42049
12913,3,843.095,3,855.474,1,2,7.41901
12914,3,843.095,3,855.474,2,1,7.41753
12915,3,843.095,3,855.474,0,2,7.41604
12916,3,843.095,3,855.474,1,0,7.41456
12917,3,843.095,3,855.474,1,1,7.41308
12918,3,843.095,3,855.474,3,0,7.41159
12919,3,843.095,3,855.474,1,1,7.41011
12920,3,843.095,3,856.7,4,3,7.40863
12921,3,843.095,3,856.662,3,2,7.40715
12922,3,843.095,3,852.521,2,1,7.40567
12923,3,843.095,3,852.521,1,0,7.40418
12924,3,843.095,3,852.521,3,3,7.4027
12925,3,843.095,3,852.077,2,1,7.40122
12926,3,843.095,3,852.077,3,2,7.39974
12927,3,843.095,3,852.077,0,0,7.39826
12928,3,843.095,3,865.232,3,2,7.39678
12929,3,843.095,3,865.232,2,0,7.3953
12930,3,843.095,3,865.232,0,1,7.39382
12931,3,843.095,3,865.137,3,1,7.39235
12932,3,843.095,3,865.137,4,0,7.39087
12933,3,843.095,3,863.687,3,3,7.38939
12934,3,843.095,3,865.61,2,3,7.38791
12935,3,843.095,3,865.875,0,2,7.38643
12936,3,843.095,3,865.875,3,3,7.38496
12937,3,843.095,3,865.771,0,0,7.38348
12938,3,843.095,3,865.771,0,3,7.382
12939,3,843.095,3,865.771,1,2,7.38053
12940,3,843.095,3,865.771,0,3,7.37905
12941,3,843.095,3,865.771,4,3,7.37757
12942,3,843.095,3,865.679,0,1,7.3761
12943,3,843.095,3,864.453,2,1,7.37462
12944,3,843.095,3,864.453,2,2,7.37315
12945,3,843.095,3,864.453,3,0,7.37167
12946,3,843.095,3,864.453,1,2,7.3702
12947,3,843.095,3,864.453,1,2,7.36873
12948,3,843.095,3,874.67,2,0,7.36725
12949,3,843.095,3,874.67,2,0,7.36578
12950,3,843.095,3,870.554,0,3,7.36431
12951,3,843.095,3,870.554,1,2,7.36283
12952,3,843.095,3,870.554,2,3,7.36136
12953,3,843.095,3,870.554,1,0,7.35989
12954,3,843.095,3,870.554,4,1,7.35842
12955,3,843.095,3,870.554,0,2,7.35694
12956,3,843.095,3,870.554,1,0,7.35547
12957,3,843.095,3,870.554,0,3,7.354
12958,3,843.095,3,870.554,1,3,7.35253
12959,3,843.095,3,864.239,0,1,7.35106
12960,3,843.095,3,864.239,2,1,7.34959
12961,3,843.095,3,864.239,0,3,7.34812
12962,3,843.095,3,863.773,4,0,7.34665
12963,3,843.095,3,862.373,4,0,7.34518
12964,3,843.095,3,862.373,0,3,7.34371
12965,3,843.095,3,862.373,3,2,7.34224
12966,3,843.095,3,862.373,3,0,7.34078
12967,3,843.095,3,862.373,1,2,7.33931
12968,3,843.095,3,864.753,4,0,7.33784
12969,3,843.095,3,864.753,1,0,7.33637
12970,3,843.095,3,866.153,2,1,7.3349
12971,3,843.095,3,864.916,3,2,7.33344
12972,3,843.095,3,864.916,1,2,7.33197
12973,3,843.095,3,864.916,1,3,7.3305
12974,3,843.095,3,864.916,1,0,7.32904
12975,3,843.095,3,863.517,0,1,7.32757
12976,3,843.095,3,863.517,0,3,7.32611
12977,3,843.095,3,865.225,0,3,7.32464
12978,3,843.095,3,865.225,1,2,7.32318
12979,3,843.095,3,864.899,2,1,7.32171
12980,3,843.095,3,862.632,0,1,7.32025
12981,3,843.095,3,862.632,1,3,7.31878
12982,3,843.095,3,862.632,4,1,7.31732
12983,3,843.095,3,862.632,2,1,7.31586
12984,3,843.095,3,862.632,3,1,7.31439
12985,3,843.095,3,862.632,3,3,7.31293
12986,3,843.095,3,862.632,2,2,7.31147
12987,3,843.095,3,862.632,1,3,7.31001
12988,3,843.095,3,862.632,4,3,7.30854
12989,3,843.095,3,854.317,4,1,7.30708
12990,3,843.095,3,852.719,4,0,7.30562
12991,3,843.095,3,853.253,2,3,7.30416
12992,3,843.095,3,853.253,0,1,7.3027
12993,3,843.095,3,853.253,4,2,7.30124
12994,3,843.095,3,853.253,1,3,7.29978
12995,3,843.095,3,853.253,0,0,7.29832
12996,3,843.095,3,853.253,2,2,7.29686
12997,3,843.095,3,853.253,0,3,7.2954
12998,3,843.095,3,852.357,3,0,7.29394
12999,3,843.095,3,852.357,0,2,7.29248
13000,3,843.095,3,852.357,2,2,7.29102
13001,3,843.095,3,853.955,4,3,7.28956
13002,3,843.095,3,853.955,2,1,7.28811
13003,3,843.095,3,853.955,1,0,7.28665
13004,3,843.095,3,853.955,0,0,7.28519
13005,3,843.095,3,853.955,1,2,7.28373
13006,3,843.095,3,853.777,3,3,7.28228
13007,3,843.095,3,853.777,3,3,7.28082
13008,3,843.095,3,882.08,1,3,7.27936
13009,3,843.095,3,882.08,4,3,7.27791
13010,3,843.095,3,882.08,2,1,7.27645
13011,3,843.095,3,882.08,1,3,7.275
13012,3,843.095,3,879.471,4,0,7.27354
13013,3,843.095,3,875.904,3,2,7.27209
13014,3,843.095,3,875.904,0,2,7.27063
13015,3,843.095,3,875.904,1,2,7.26918
13016,3,843.095,3,875.438,2,2,7.26773
13017,3,843.095,3,873.661,0,2,7.26627
13018,3,843.095,3,873.661,1,0,7.26482
13019,3,843.095,3,867.77,2,0,7.26337
13020,3,843.095,3,865.767,0,0,7.26191
13021,3,843.095,3,865.767,3,0,7.26046
13022,3,843.095,3,865.767,0,1,7.25901
13023,3,843.095,3,865.767,1,2,7.25756
13024,3,843.095,3,870.857,4,3,7.25611
13025,3,843.095,3,870.421,0,3,7.25465
13026,3,843.095,3,868.848,0,3,7.2532
13027,3,843.095,3,866.807,4,3,7.25175
13028,3,843.095,3,865.107,0,0,7.2503
13029,3,843.095,3,865.107,4,3,7.24885
13030,3,843.095,3,865.107,3,2,7.2474
13031,3,843.095,3,858.522,0,0,7.24595
13032,3,843.095,3,858.522,1,2,7.2445
13033,3,843.095,3,858.522,4,3,7.24306
13034,3,843.095,3,857.742,4,1,7.24161
13035,3,843.095,3,857.742,2,0,7.24016
13036,3,843.095,3,857.742,3,3,7.23871
13037,3,843.095,3,858.128,3,3,7.23726
13038,3,843.095,3,858.128,1,2,7.23581
13039,3,843.095,3,858.83,4,2,7.23437
13040,3,843.095,3,858.83,0,2,7.23292
13041,3,843.095,3,858.83,4,3,7.23147
13042,3,843.095,3,858.83,1,0,7.23003
13043,3,843.095,3,858.024,3,2,7.22858
13044,3,843.095,3,857.637,0,2,7.22714
13045,3,843.095,3,857.321,4,3,7.22569
13046,3,843.095,3,857.321,4,0,7.22425
13047,3,843.095,3,857.321,2,2,7.2228
13048,3,843.095,3,859.329,2,0,7.22136
13049,3,843.095,3,859.329,4,3,7.21991
13050,3,843.095,3,863.127,2,0,7.21847
13051,3,843.095,3,863.127,4,2,7.21702
13052,3,843.095,3,863.127,1,1,7.21558
13053,3,843.095,3,863.127,0,0,7.21414
13054,3,843.095,3,859.329,0,2,7.2127
13055,3,843.095,3,859.44,4,3,7.21125
13056,3,843.095,3,859.44,0,0,7.20981
13057,3,843.095,3,859.44,0,3,7.20837
13058,3,843.095,3,859.44,2,0,7.20693
13059,3,843.095,3,859.498,3,2,7.20549
13060,3,843.095,3,859.498,3,1,7.20404
13061,3,843.095,3,859.498,2,2,7.2026
13062,3,843.095,3,859.498,2,3,7.20116
13063,3,843.095,3,859.498,1,2,7.19972
13064,3,843.095,3,857.511,0,0,7.19828
13065,3,843.095,3,857.511,3,0,7.19684
13066,3,843.095,3,857.511,4,0,7.1954
13067,3,843.095,3,857.511,1,0,7.19396
13068,3,843.095,3,857.511,2,3,7.19253
13069,3,843.095,3,857.511,1,1,7.19109
13070,3,843.095,3,857.511,4,3,7.18965
13071,3,843.095,3,857.511,1,3,7.18821
13072,3,843.095,3,857.511,3,1,7.18677
13073,3,843.095,3,857.511,0,3,7.18534
13074,3,843.095,3,863.322,0,2,7.1839
13075,3,843.095,3,863.896,2,3,7.18246
13076,3,843.095,3,864.044,4,0,7.18103
13077,3,843.095,3,864.044,2,3,7.17959
13078,3,843.095,3,864.044,3,3,7.17815
13079,3,843.095,3,864.044,4,0,7.17672
13080,3,843.095,3,859.646,3,0,7.17528
13081,3,843.095,3,860.452,4,1,7.17385
13082,3,843.095,3,859.646,3,1,7.17241
13083,3,843.095,3,859.646,4,0,7.17098
13084,3,843.095,3,859.646,2,3,7.16954
13085,3,843.095,3,854.535,2,1,7.16811
13086,3,843.095,3,854.535,4,1,7.16668
13087,3,843.095,3,854.535,4,3,7.16524
13088,3,843.095,3,854.218,3,2,7.16381
13089,3,843.095,3,854.218,4,3,7.16238
13090,3,843.095,3,854.651,0,0,7.16094
13091,3,843.095,3,854.651,3,1,7.15951
13092,3,843.095,3,854.218,3,1,7.15808
13093,3,843.095,3,854.218,0,2,7.15665
13094,3,843.095,3,854.218,1,2,7.15522
13095,3,843.095,3,854.218,4,1,7.15379
13096,3,843.095,3,854.218,4,1,7.15236
13097,3,843.095,3,855.618,2,1,7.15093
13098,3,843.095,3,853.114,0,0,7.1495
13099,3,843.095,3,853.114,2,3,7.14807
13100,3,843.095,3,851.53,3,1,7.14664
13101,3,843.095,3,851.53,0,1,7.14521
13102,3,843.095,3,851.53,1,0,7.14378
13103,3,843.095,3,851.53,0,1,7.14235
13104,3,843.095,3,851.128,0,2,7.14092
13105,3,843.095,3,851.128,3,1,7.13949
13106,3,843.095,3,851.128,2,1,7.13806
13107,3,843.095,3,851.128,3,0,7.13664
13108,3,843.095,3,851.128,2,0,7.13521
13109,3,843.095,3,851.128,3,2,7.13378
13110,3,843.095,3,851.128,3,2,7.13236
13111,3,843.095,3,851.128,2,1,7.13093
13112,3,843.095,3,851.128,3,2,7.1295
13113,3,843.095,3,851.128,2,3,7.12808
13114,3,843.095,3,851.128,0,2,7.12665
13115,3,843.095,3,851.128,1,1,7.12523
13116,3,843.095,3,851.128,2,1,7.1238
13117,3,843.095,3,851.128,2,2,7.12238
13118,3,843.095,3,851.128,1,0,7.12095
13119,3,843.095,3,851.128,1,1,7.11953
13120,3,843.095,3,851.128,0,1,7.1181
13121,3,843.095,3,851.445,4,3,7.11668
13122,3,843.095,3,851.536,3,3,7.11526
13123,3,843.095,3,851.979,2,2,7.11383
13124,3,843.095,3,851.979,4,0,7.11241
13125,3,843.095,3,851.979,1,2,7.11099
13126,3,843.095,3,851.445,3,3,7.10957
13127,3,843.095,3,861.661,2,0,7.10814
13128,3,843.095,3,861.661,0,3,7.10672
13129,3,843.095,3,861.661,2,0,7.1053
13130,3,843.095,3,866.011,3,3,7.10388
13131,3,843.095,3,870.258,0,3,7.10246
13132,3,843.095,3,868.148,4,0,7.10104
13133,3,843.095,3,868.148,1,2,7.09962
13134,3,843.095,3,868.252,3,2,7.0982
13135,3,843.095,3,868.089,4,0,7.09678
13136,3,843.095,3,865.106,0,0,7.09536
13137,3,843.095,3,864.679,0,2,7.09394
13138,3,843.095,3,860.432,0,3,7.09252
13139,3,843.095,3,860.432,0,2,7.0911
13140,3,843.095,3,860.432,1,0,7.08969
13141,3,843.095,3,860.432,3,0,7.08827
13142,3,843.095,3,860.432,1,3,7.08685
13143,3,843.095,3,859.569,2,2,7.08543
13144,3,843.095,3,859.569,2,0,7.08402
13145,3,843.095,3,859.569,1,3,7.0826
13146,3,843.095,3,859.569,0,3,7.08118
13147,3,843.095,3,859.569,4,3,7.07977
13148,3,843.095,3,851.233,2,2,7.07835
13149,3,843.095,3,851.233,4,1,7.07693
13150,3,843.095,3,851.324,3,3,7.07552
13151,3,843.095,3,851.324,0,3,7.0741
13152,3,843.095,3,851.324,3,2,7.07269
13153,3,843.095,3,851.324,4,0,7.07127
13154,3,843.095,3,851.324,2,2,7.06986
13155,3,843.095,3,851.324,0,0,7.06845
13156,3,843.095,3,851.324,1,0,7.06703
13157,3,843.095,3,851.79,2,0,7.06562
13158,3,843.095,3,853.976,0,0,7.06421
13159,3,843.095,3,853.976,3,2,7.06279
13160,3,843.095,3,853.976,0,1,7.06138
13161,3,843.095,3,854.041,3,3,7.05997
13162,3,843.095,3,854.041,0,2,7.05856
13163,3,843.095,3,854.041,1,2,7.05714
13164,3,843.095,3,854.041,0,3,7.05573
13165,3,843.095,3,854.041,2,2,7.05432
13166,3,843.095,3,854.771,0,2,7.05291
13167,3,843.095,3,854.771,1,1,7.0515
13168,3,843.095,3,857.841,4,0,7.05009
13169,3,843.095,3,856.778,0,1,7.04868
13170,3,843.095,3,869.971,0,3,7.04727
13171,3,843.095,3,869.971,1,3,7.04586
13172,3,843.095,3,869.971,4,1,7.04445
13173,3,843.095,3,866.246,3,0,7.04304
13174,3,843.095,3,863.787,2,3,7.04163
13175,3,843.095,3,863.787,0,1,7.04023
13176,3,843.095,3,863.561,4,1,7.03882
13177,3,843.095,3,863.561,0,1,7.03741
13178,3,843.095,3,863.561,1,1,7.036
13179,3,843.095,3,863.561,0,0,7.0346
13180,3,843.095,3,861.245,4,1,7.03319
13181,3,843.095,3,861.245,2,1,7.03178
13182,3,843.095,3,862.843,2,0,7.03038
13183,3,843.095,3,862.843,1,3,7.02897
13184,3,843.095,3,862.843,0,3,7.02756
13185,3,843.095,3,862.843,1,2,7.02616
13186,3,843.095,3,862.843,3,3,7.02475
13187,3,843.095,3,862.843,4,0,7.02335
13188,3,843.095,3,862.843,0,1,7.02194
13189,3,843.095,3,862.843,2,2,7.02054
13190,3,843.095,3,861.709,2,1,7.01913
13191,3,843.095,3,861.667,3,0,7.01773
13192,3,843.095,3,860.069,2,1,7.01633
13193,3,843.095,3,860.069,1,0,7.01492
13194,3,843.095,3,860.069,4,2,7.01352
13195,3,843.095,3,860.069,2,3,7.01212
13196,3,843.095,3,852.699,2,1,7.01072
13197,3,843.095,3,852.699,4,0,7.00931
13198,3,843.095,3,852.53,2,1,7.00791
13199,3,843.095,3,852.53,2,0,7.00651
13200,3,843.095,3,852.53,2,1,7.00511
13201,3,843.095,3,852.53,3,1,7.00371
13202,3,843.095,3,852.53,1,3,7.00231
13203,3,843.095,3,852.53,4,3,7.00091
13204,3,843.095,3,852.53,2,2,6.99951
13205,3,843.095,3,852.213,3,1,6.99811
13206,3,843.095,3,852.213,1,2,6.99671
13207,3,843.095,3,852.213,1,0,6.99531
13208,3,843.095,3,861.611,3,1,6.99391
13209,3,843.095,3,861.611,3,3,6.99251
13210,3,843.095,3,861.611,0,2,6.99111
13211,3,843.095,3,861.611,4,1,6.98971
13212,3,843.095,3,861.611,3,2,6.98832
13213,3,843.095,3,861.611,1,0,6.98692
13214,3,843.095,3,861.611,1,1,6.98552
13215,3,843.095,3,861.611,3,2,6.98412
13216,3,843.095,3,861.611,1,1,6.98273
13217,3,843.095,3,862.432,3,2,6.98133
13218,3,843.095,3,862.269,3,0,6.97993
13219,3,843.095,3,861.673,4,3,6.97854
13220,3,843.095,3,854.455,3,1,6.97714
13221,3,843.095,3,854.788,4,3,6.97575
13222,3,843.095,3,857.649,2,3,6.97435
13223,3,843.095,3,857.437,3,3,6.97296
13224,3,843.095,3,857.268,3,1,6.97156
13225,3,843.095,3,856.857,4,0,6.97017
13226,3,843.095,3,856.424,2,1,6.96877
13227,3,843.095,3,860.033,3,0,6.96738
13228,3,843.095,3,860.033,1,2,6.96599
13229,3,843.095,3,863.439,2,0,6.96459
13230,3,843.095,3,863.439,2,3,6.9632
13231,3,843.095,3,863.439,4,1,6.96181
13232,3,843.095,3,860.71,0,2,6.96042
13233,3,843.095,3,861.311,3,2,6.95902
13234,3,843.095,3,861.311,3,1,6.95763
13235,3,843.095,3,860.71,2,2,6.95624
13236,3,843.095,3,860.71,4,3,6.95485
13237,3,843.095,3,860.71,1,1,6.95346
13238,3,843.095,3,860.099,0,2,6.95207
13239,3,843.095,3,860.099,1,3,6.95068
13240,3,843.095,3,860.099,1,0,6.94929
13241,3,843.095,3,860.099,0,2,6.9479
13242,3,843.095,3,860.099,1,1,6.94651
13243,3,843.095,3,860.335,4,3,6.94512
13244,3,843.095,3,860.335,1,0,6.94373
13245,3,843.095,3,860.995,4,3,6.94234
13246,3,843.095,3,860.995,2,3,6.94095
13247,3,843.095,3,860.995,1,2,6.93956
13248,3,843.095,3,860.384,3,2,6.93818
13249,3,843.095,3,860.384,3,2,6.93679
13250,3,843.095,3,856.539,2,2,6.9354
13251,3,843.095,3,856.539,1,1,6.93401
13252,3,843.095,3,856.856,4,2,6.93263
13253,3,843.095,3,856.856,2,3,6.93124
13254,3,843.095,3,860.025,0,2,6.92985
13255,3,843.095,3,860.025,4,0,6.92847
13256,3,843.095,3,859.708,0,0,6.92708
13257,3,843.095,3,857.267,0,1,6.9257
13258,3,843.095,3,856.253,4,0,6.92431
13259,3,843.095,3,854.854,0,1,6.92293
13260,3,843.095,3,854.854,0,3,6.92154
13261,3,843.095,3,854.854,2,2,6.92016
13262,3,843.095,3,854.854,4,0,6.91877
13263,3,843.095,3,854.854,2,0,6.91739
13264,3,843.095,3,854.854,0,0,6.91601
13265,3,843.095,3,854.854,4,1,6.91462
13266,3,843.095,3,854.854,3,1,6.91324
13267,3,843.095,3,855.17,0,0,6.91186
13268,3,843.095,3,855.17,4,3,6.91048
13269,3,843.095,3,855.17,1,2,6.90909
13270,3,843.095,3,855.17,3,1,6.90771
13271,3,843.095,3,855.17,1,0,6.90633
13272,3,843.095,3,855.17,4,3,6.90495
13273,3,843.095,3,855.17,2,0,6.90357
13274,3,843.095,3,856.57,2,2,6.90219
13275,3,843.095,3,856.57,0,2,6.90081
13276,3,843.095,3,856.739,3,2,6.89943
13277,3,843.095,3,856.739,2,2,6.89805
13278,3,843.095,3,858.337,3,2,6.89667
13279,3,843.095,3,855.339,4,2,6.89529
13280,3,843.095,3,855.339,2,2,6.89391
13281,3,843.095,3,855.339,0,0,6.89253
13282,3,843.095,3,855.339,2,2,6.89115
13283,3,843.095,3,855.17,2,2,6.88977
13284,3,843.095,3,855.17,0,1,6.88839
13285,3,843.095,3,855.17,2,0,6.88702
13286,3,843.095,3,855.17,3,2,6.88564
13287,3,843.095,3,855.17,1,0,6.88426
13288,3,843.095,3,855.17,1,1,6.88289
13289,3,843.095,3,855.17,3,3,6.88151
13290,3,843.095,3,855.17,1,1,6.88013
13291,3,843.095,3,855.17,1,2,6.87876
13292,3,843.095,3,855.17,3,1,6.87738
13293,3,843.095,3,855.17,0,0,6.87601
13294,3,843.095,3,859.136,4,0,6.87463
13295,3,843.095,3,858.819,0,2,6.87326
13296,3,843.095,3,859.563,4,3,6.87188
13297,3,843.095,3,859.563,0,2,6.87051
13298,3,843.095,3,859.563,0,1,6.86913
13299,3,843.095,3,859.563,1,1,6.86776
13300,3,843.095,3,859.799,4,3,6.86638
13301,3,843.095,3,859.799,0,1,6.86501
13302,3,843.095,3,859.799,3,0,6.86364
13303,3,843.095,3,859.363,0,0,6.86227
13304,3,843.095,3,862.484,3,2,6.86089
13305,3,843.095,3,862.484,0,3,6.85952
13306,3,843.095,3,862.249,4,2,6.85815
13307,3,843.095,3,867.627,2,3,6.85678
13308,3,843.095,3,867.627,3,2,6.85541
13309,3,843.095,3,867.627,1,3,6.85404
13310,3,843.095,3,867.627,4,0,6.85266
13311,3,843.095,3,867.458,3,1,6.85129
13312,3,843.095,3,867.458,1,0,6.84992
13313,3,843.095,3,867.458,0,3,6.84855
13314,3,843.095,3,865.474,2,3,6.84718
13315,3,843.095,3,865.474,3,0,6.84581
13316,3,843.095,3,864.035,0,3,6.84445
13317,3,843.095,3,870.307,0,3,6.84308
13318,3,843.095,3,870.307,1,0,6.84171
13319,3,843.095,3,861.391,2,3,6.84034
13320,3,843.095,3,861.391,0,1,6.83897
13321,3,843.095,3,861.155,2,1,6.8376
13322,3,843.095,3,861.155,0,3,6.83624
13323,3,843.095,3,861.155,4,2,6.83487
13324,3,843.095,3,861.155,1,2,6.8335
13325,3,843.095,3,861.155,1,1,6.83214
13326,3,843.095,3,861.155,4,3,6.83077
13327,3,843.095,3,861.155,2,2,6.8294
13328,3,843.095,3,861.155,0,1,6.82804
13329,3,843.095,3,861.155,1,1,6.82667
13330,3,843.095,3,861.155,2,3,6.82531
13331,3,843.095,3,861.155,1,3,6.82394
13332,3,843.095,3,861.155,1,3,6.82258
13333,3,843.095,3,861.155,1,1,6.82121
13334,3,843.095,3,861.155,2,2,6.81985
13335,3,843.095,3,861.391,0,0,6.81848
13336,3,843.095,3,861.155,2,0,6.81712
13337,3,843.095,3,859.097,3,3,6.81576
13338,3,843.095,3,859.006,2,2,6.81439
13339,3,843.095,3,859.006,3,0,6.81303
13340,3,843.095,3,859.006,2,1,6.81167
13341,3,843.095,3,866.68,0,0,6.81031
13342,3,843.095,3,866.68,4,1,6.80894
13343,3,843.095,3,866.68,0,2,6.80758
13344,3,843.095,3,866.68,2,0,6.80622
13345,3,843.095,3,866.68,2,3,6.80486
13346,3,843.095,3,866.68,4,2,6.8035
13347,3,843.095,3,866.68,1,2,6.80214
13348,3,843.095,3,864.141,2,0,6.80078
13349,3,843.095,3,864.141,4,2,6.79942
13350,3,843.095,3,864.141,3,1,6.79806
13351,3,843.095,3,864.141,1,1,6.7967
13352,3,843.095,3,868.132,2,0,6.79534
13353,3,843.095,3,868.132,4,3,6.79398
13354,3,843.095,3,868.132,2,0,6.79262
13355,3,843.095,3,868.242,2,0,6.79126
13356,3,843.095,3,868.242,1,0,6.7899
13357,3,843.095,3,868.242,1,1,6.78854
13358,3,843.095,3,868.242,3,1,6.78719
13359,3,843.095,3,868.242,1,0,6.78583
13360,3,843.095,3,868.242,4,1,6.78447
13361,3,843.095,3,868.242,1,0,6.78312
13362,3,843.095,3,868.242,1,3,6.78176
13363,3,843.095,3,864.081,2,2,6.7804
13364,3,843.095,3,864.081,3,0,6.77905
13365,3,843.095,3,864.081,0,1,6.77769
13366,3,843.095,3,864.081,2,3,6.77634
13367,3,843.095,3,864.081,3,0,6.77498
13368,3,843.095,3,864.081,2,3,6.77362
13369,3,843.095,3,864.825,4,3,6.77227
13370,3,843.095,3,864.825,4,2,6.77092
13371,3,843.095,3,864.825,2,3,6.76956
13372,3,843.095,3,865.142,0,3,6.76821
13373,3,843.095,3,865.142,1,2,6.76685
13374,3,843.095,3,865.142,0,2,6.7655
13375,3,843.095,3,865.142,1,2,6.76415
13376,3,843.095,3,870.405,2,2,6.76279
13377,3,843.095,3,869.234,0,0,6.76144
13378,3,843.095,3,869.234,4,1,6.76009
13379,3,843.095,3,869.234,1,1,6.75874
13380,3,843.095,3,870.335,2,3,6.75739
13381,3,843.095,3,865.547,4,1,6.75603
13382,3,843.095,3,865.547,1,0,6.75468
13383,3,843.095,3,865.547,4,0,6.75333
13384,3,843.095,3,865.547,1,0,6.75198
13385,3,843.095,3,863.134,3,1,6.75063
13386,3,843.095,3,867.371,2,3,6.74928
13387,3,843.095,3,867.371,2,3,6.74793
13388,3,843.095,3,865.705,4,2,6.74658
13389,3,843.095,3,869.135,2,2,6.74523
13390,3,843.095,3,866.104,4,0,6.74388
13391,3,843.095,3,866.104,3,1,6.74253
13392,3,843.095,3,862.644,3,2,6.74119
13393,3,843.095,3,862.644,3,3,6.73984
13394,3,843.095,3,862.644,1,2,6.73849
13395,3,843.095,3,865.307,3,3,6.73714
13396,3,843.095,3,865.307,0,0,6.73579
13397,3,843.095,3,865.307,4,0,6.73445
13398,3,843.095,3,865.307,2,0,6.7331
13399,3,843.095,3,865.307,4,2,6.73175
13400,3,843.095,3,865.307,1,2,6.73041
13401,3,843.095,3,865.307,1,0,6.72906
13402,3,843.095,3,865.307,0,3,6.72772
13403,3,843.095,3,865.773,0,3,6.72637
13404,3,843.095,3,863.221,2,0,6.72503
13405,3,843.095,3,869.425,2,0,6.72368
13406,3,843.095,3,867.394,2,0,6.72234
13407,3,843.095,3,867.394,0,0,6.72099
13408,3,843.095,3,866.588,4,3,6.71965
13409,3,843.095,3,866.588,1,1,6.7183
13410,3,843.095,3,867.394,3,0,6.71696
13411,3,843.095,3,867.394,1,0,6.71562
13412,3,843.095,3,863.403,4,1,6.71427
13413,3,843.095,3,863.403,1,2,6.71293
13414,3,843.095,3,863.403,0,3,6.71159
13415,3,843.095,3,863.403,1,1,6.71024
13416,3,843.095,3,863.403,0,1,6.7089
13417,3,843.095,3,863.403,2,1,6.70756
13418,3,843.095,3,863.403,4,1,6.70622
13419,3,843.095,3,863.403,2,3,6.70488
13420,3,843.095,3,863.403,4,2,6.70354
13421,3,843.095,3,863.403,2,0,6.7022
13422,3,843.095,3,861.664,0,1,6.70086
13423,3,843.095,3,861.774,3,3,6.69952
13424,3,843.095,3,861.774,2,3,6.69818
13425,3,843.095,3,861.271,2,2,6.69684
13426,3,843.095,3,861.271,0,0,6.6955
13427,3,843.095,3,861.271,4,3,6.69416
13428,3,843.095,3,861.271,4,1,6.69282
13429,3,843.095,3,855.459,0,3,6.69148
13430,3,843.095,3,855.459,1,0,6.69014
13431,3,843.095,3,855.418,4,3,6.6888
13432,3,843.095,3,865.132,2,0,6.68747
13433,3,843.095,3,865.132,1,0,6.68613
13434,3,843.095,3,870.533,3,0,6.68479
13435,3,843.095,3,869.572,3,0,6.68345
13436,3,843.095,3,869.572,4,2,6.68212
13437,3,843.095,3,869.572,0,2,6.68078
13438,3,843.095,3,868.765,0,1,6.67945
13439,3,843.095,3,868.765,0,2,6.67811
13440,3,843.095,3,868.765,2,0,6.67677
13441,3,843.095,3,868.765,1,2,6.67544
13442,3,843.095,3,869.388,3,2,6.6741
13443,3,843.095,3,869.388,1,1,6.67277
13444,3,843.095,3,869.388,2,1,6.67143
13445,3,843.095,3,869.388,3,3,6.6701
13446,3,843.095,3,868.87,4,1,6.66877
13447,3,843.095,3,868.87,1,3,6.66743
13448,3,843.095,3,868.181,3,1,6.6661
13449,3,843.095,3,868.181,4,0,6.66477
13450,3,843.095,3,854.716,2,1,6.66343
13451,3,843.095,3,854.758,4,2,6.6621
13452,3,843.095,3,854.758,0,0,6.66077
13453,3,843.095,3,854.758,3,2,6.65944
13454,3,843.095,3,854.758,0,1,6.6581
13455,3,843.095,3,854.758,1,0,6.65677
13456,3,843.095,3,854.758,0,2,6.65544
13457,3,843.095,3,854.758,1,0,6.65411
13458,3,843.095,3,855.275,3,0,6.65278
13459,3,843.095,3,855.275,1,3,6.65145
13460,3,843.095,3,855.275,4,2,6.65012
13461,3,843.095,3,855.275,0,0,6.64879
13462,3,843.095,3,855.275,1,0,6.64746
13463,3,843.095,3,854.653,3,0,6.64613
13464,3,843.095,3,855.588,4,0,6.6448
13465,3,843.095,3,855.588,4,1,6.64347
13466,3,843.095,3,856.19,3,2,6.64214
13467,3,843.095,3,856.19,1,0,6.64081
13468,3,843.095,3,856.19,0,2,6.63948
13469,3,843.095,3,856.19,2,0,6.63816
13470,3,843.095,3,856.15,4,2,6.63683
13471,3,843.095,3,856.15,1,0,6.6355
13472,3,843.095,3,854.75,0,2,6.63417
13473,3,843.095,3,854.75,4,3,6.63285
13474,3,843.095,3,854.75,1,0,6.63152
13475,3,843.095,3,854.75,1,1,6.6302
13476,3,843.095,3,854.75,0,2,6.62887
13477,3,843.095,3,854.646,4,1,6.62754
13478,3,843.095,3,854.646,3,2,6.62622
13479,3,843.095,3,854.646,0,3,6.62489
13480,3,843.095,3,854.646,3,1,6.62357
13481,3,843.095,3,854.646,1,0,6.62224
13482,3,843.095,3,854.646,0,1,6.62092
13483,3,843.095,3,854.646,4,2,6.61959
13484,3,843.095,3,854.646,3,0,6.61827
13485,3,843.095,3,854.646,0,0,6.61695
13486,3,843.095,3,854.646,3,2,6.61562
13487,3,843.095,3,854.75,2,1,6.6143
13488,3,843.095,3,854.75,1,2,6.61298
13489,3,843.095,3,854.75,3,0,6.61165
13490,3,843.095,3,854.75,1,2,6.61033
13491,3,843.095,3,854.75,0,2,6.60901
13492,3,843.095,3,854.75,0,2,6.60769
13493,3,843.095,3,854.75,1,3,6.60637
13494,3,843.095,3,854.75,0,0,6.60505
13495,3,843.095,3,854.75,0,2,6.60372
13496,3,843.095,3,854.75,1,2,6.6024
13497,3,843.095,3,854.75,4,3,6.60108
13498,3,843.095,3,854.75,1,3,6.59976
13499,3,843.095,3,854.75,1,1,6.59844
13500,3,843.095,3,855.067,3,3,6.59712
13501,3,843.095,3,855.067,3,3,6.5958
13502,3,843.095,3,854.962,2,2,6.59449
13503,3,843.095,3,854.646,3,3,6.59317
13504,3,843.095,3,861.298,0,0,6.59185
13505,3,843.095,3,854.646,0,1,6.59053
13506,3,843.095,3,854.646,3,2,6.58921
13507,3,843.095,3,854.646,1,2,6.58789
13508,3,843.095,3,854.646,2,0,6.58658
13509,3,843.095,3,854.646,2,3,6.58526
13510,3,843.095,3,854.646,1,3,6.58394
13511,3,843.095,3,854.646,2,2,6.58262
13512,3,843.095,3,854.646,2,1,6.58131
13513,3,843.095,3,854.646,0,3,6.57999
13514,3,843.095,3,854.646,2,3,6.57868
13515,3,843.095,3,854.646,4,1,6.57736
13516,3,843.095,3,854.646,1,2,6.57604
13517,3,843.095,3,854.646,3,3,6.57473
13518,3,843.095,3,854.646,4,1,6.57341
13519,3,843.095,3,854.646,0,3,6.5721
13520,3,843.095,3,854.646,1,1,6.57079
13521,3,843.095,3,854.477,3,0,6.56947
13522,3,843.095,3,854.477,3,1,6.56816
13523,3,843.095,3,854.477,2,0,6.56684
13524,3,843.095,3,854.477,3,2,6.56553
13525,3,843.095,3,854.477,4,2,6.56422
13526,3,843.095,3,854.793,3,0,6.5629
13527,3,843.095,3,854.793,2,2,6.56159
13528,3,843.095,3,854.793,1,1,6.56028
13529,3,843.095,3,854.793,2,0,6.55897
13530,3,843.095,3,854.793,4,3,6.55766
13531,3,843.095,3,854.793,3,1,6.55634
13532,3,843.095,3,854.793,3,0,6.55503
13533,3,843.095,3,854.793,2,3,6.55372
13534,3,843.095,3,854.793,3,2,6.55241
13535,3,843.095,3,855.416,4,3,6.5511
13536,3,843.095,3,855.416,1,2,6.54979
13537,3,843.095,3,855.416,3,1,6.54848
13538,3,843.095,3,854.898,4,2,6.54717
13539,3,843.095,3,854.898,4,3,6.54586
13540,3,843.095,3,854.898,2,0,6.54455
13541,3,843.095,3,855.067,0,3,6.54324
13542,3,843.095,3,855.067,1,1,6.54193
13543,3,843.095,3,855.067,2,2,6.54063
13544,3,843.095,3,855.067,1,2,6.53932
13545,3,843.095,3,855.067,1,0,6.53801
13546,3,843.095,3,855.067,2,0,6.5367
13547,3,843.095,3,854.75,3,2,6.5354
13548,3,843.095,3,854.75,2,1,6.53409
13549,3,843.095,3,854.75,0,2,6.53278
13550,3,843.095,3,854.75,2,0,6.53147
13551,3,843.095,3,855.732,0,3,6.53017
13552,3,843.095,3,855.732,3,3,6.52886
13553,3,843.095,3,855.732,0,2,6.52756
13554,3,843.095,3,855.628,4,0,6.52625
13555,3,843.095,3,855.732,3,2,6.52495
13556,3,843.095,3,855.732,3,1,6.52364
13557,3,843.095,3,855.732,3,0,6.52234
13558,3,843.095,3,855.732,0,0,6.52103
13559,3,843.095,3,855.732,1,3,6.51973
13560,3,843.095,3,855.732,0,0,6.51842
13561,3,843.095,3,855.732,4,0,6.51712
13562,3,843.095,3,854.331,3,1,6.51582
13563,3,843.095,3,853.349,0,1,6.51451
13564,3,843.095,3,853.349,1,0,6.51321
13565,3,843.095,3,853.349,4,3,6.51191
13566,3,843.095,3,853.244,3,0,6.51061
13567,3,843.095,3,853.244,2,0,6.5093
13568,3,843.095,3,853.244,3,1,6.508
13569,3,843.095,3,853.244,3,2,6.5067
13570,3,843.095,3,853.134,0,3,6.5054
13571,3,843.095,3,853.134,4,0,6.5041
13572,3,843.095,3,853.134,0,3,6.5028
13573,3,843.095,3,853.134,1,0,6.5015
13574,3,843.095,3,857.381,3,1,6.5002
13575,3,843.095,3,857.381,2,2,6.4989
13576,3,843.095,3,857.212,0,1,6.4976
13577,3,843.095,3,857.212,1,3,6.4963
13578,3,843.095,3,858.102,0,3,6.495
13579,3,843.095,3,858.102,1,3,6.4937
13580,3,843.095,3,853.771,4,1,6.4924
13581,3,843.095,3,853.771,4,0,6.4911
13582,3,843.095,3,853.771,1,1,6.4898
13583,3,843.095,3,853.771,3,0,6.4885
13584,3,843.095,3,853.771,2,2,6.48721
13585,3,843.095,3,853.771,0,2,6.48591
13586,3,843.095,3,855.047,4,0,6.48461
13587,3,843.095,3,855.047,2,1,6.48332
13588,3,843.095,3,855.047,4,1,6.48202
13589,3,843.095,3,855.047,4,3,6.48072
13590,3,843.095,3,855.047,3,3,6.47943
13591,3,843.095,3,855.047,0,1,6.47813
13592,3,843.095,3,855.047,1,2,6.47683
13593,3,843.095,3,855.047,1,0,6.47554
13594,3,843.095,3,855.047,0,1,6.47424
13595,3,843.095,3,855.047,1,0,6.47295
13596,3,843.095,3,855.047,0,0,6.47165
13597,3,843.095,3,855.047,1,3,6.47036
13598,3,843.095,3,857.672,3,3,6.46907
13599,3,843.095,3,857.672,4,0,6.46777
13600,3,843.095,3,855.047,4,3,6.46648
13601,3,843.095,3,855.047,0,1,6.46519
13602,3,843.095,3,855.047,0,3,6.46389
13603,3,843.095,3,853.771,3,3,6.4626
13604,3,843.095,3,860.737,3,3,6.46131
13605,3,843.095,3,866.684,3,3,6.46002
13606,3,843.095,3,866.684,1,1,6.45872
13607,3,843.095,3,866.684,0,1,6.45743
13608,3,843.095,3,866.684,0,2,6.45614
13609,3,843.095,3,866.251,3,1,6.45485
13610,3,843.095,3,863.443,2,2,6.45356
13611,3,843.095,3,866.013,2,3,6.45227
13612,3,843.095,3,866.013,1,0,6.45098
13613,3,843.095,3,866.013,4,0,6.44969
13614,3,843.095,3,866.498,3,3,6.4484
13615,3,843.095,3,866.498,2,1,6.44711
13616,3,843.095,3,866.498,0,1,6.44582
13617,3,843.095,3,869.037,0,2,6.44453
13618,3,843.095,3,865.991,3,1,6.44324
13619,3,843.095,3,865.991,2,0,6.44195
13620,3,843.095,3,865.991,2,2,6.44066
13621,3,843.095,3,876.61,3,0,6.43937
13622,3,843.095,3,868.329,3,1,6.43809
13623,3,843.095,3,868.329,2,2,6.4368
13624,3,843.095,3,868.329,2,2,6.43551
13625,3,843.095,3,868.329,3,0,6.43422
13626,3,843.095,3,868.066,3,3,6.43294
13627,3,843.095,3,868.066,0,2,6.43165
13628,3,843.095,3,870.082,3,3,6.43036
13629,3,843.095,3,870.082,1,0,6.42908
13630,3,843.095,3,870.082,4,3,6.42779
13631,3,843.095,3,870.082,1,2,6.42651
13632,3,843.095,3,870.082,4,1,6.42522
13633,3,843.095,3,870.082,1,2,6.42394
13634,3,843.095,3,870.082,3,3,6.42265
13635,3,843.095,3,870.082,1,3,6.42137
13636,3,843.095,3,859.08,0,1,6.42008
13637,3,843.095,3,859.08,0,0,6.4188
13638,3,843.095,3,857.538,4,2,6.41752
13639,3,843.095,3,857.538,4,2,6.41623
13640,3,843.095,3,857.538,3,1,6.41495
13641,3,843.095,3,860.66,2,2,6.41367
13642,3,843.095,3,860.66,1,3,6.41238
13643,3,843.095,3,860.66,4,3,6.4111
13644,3,843.095,3,860.66,2,1,6.40982
13645,3,843.095,3,860.66,1,0,6.40854
13646,3,843.095,3,857.538,2,1,6.40725
13647,3,843.095,3,857.538,0,0,6.40597
13648,3,843.095,3,856.262,3,0,6.40469
13649,3,843.095,3,856.373,0,0,6.40341
13650,3,843.095,3,856.373,1,3,6.40213
13651,3,843.095,3,856.373,3,2,6.40085
13652,3,843.095,3,854.904,3,0,6.39957
13653,3,843.095,3,854.904,4,3,6.39829
13654,3,843.095,3,856.179,4,0,6.39701
13655,3,843.095,3,854.828,3,0,6.39573
13656,3,843.095,3,854.828,4,3,6.39445
13657,3,843.095,3,854.828,3,2,6.39317
13658,3,843.095,3,854.828,3,1,6.39189
13659,3,843.095,3,854.828,2,2,6.39062
13660,3,843.095,3,854.828,1,0,6.38934
13661,3,843.095,3,854.828,0,1,6.38806
13662,3,843.095,3,857.722,0,2,6.38678
13663,3,843.095,3,857.722,3,2,6.3855
13664,3,843.095,3,859.123,3,0,6.38423
13665,3,843.095,3,859.123,4,0,6.38295
13666,3,843.095,3,859.123,1,3,6.38167
13667,3,843.095,3,859.123,4,1,6.3804
13668,3,843.095,3,859.123,3,3,6.37912
13669,3,843.095,3,859.123,3,3,6.37785
13670,3,843.095,3,859.123,1,0,6.37657
13671,3,843.095,3,859.123,0,2,6.37529
13672,3,843.095,3,859.123,2,2,6.37402
13673,3,843.095,3,861.14,4,3,6.37274
13674,3,843.095,3,861.14,1,0,6.37147
13675,3,843.095,3,858.417,2,2,6.3702
13676,3,843.095,3,858.417,3,0,6.36892
13677,3,843.095,3,858.417,2,0,6.36765
13678,3,843.095,3,858.417,0,0,6.36637
13679,3,843.095,3,858.1,3,3,6.3651
13680,3,843.095,3,858.979,4,1,6.36383
13681,3,843.095,3,858.979,2,1,6.36256
13682,3,843.095,3,858.979,0,0,6.36128
13683,3,843.095,3,858.979,2,3,6.36001
13684,3,843.095,3,860.168,0,2,6.35874
13685,3,843.095,3,860.168,1,1,6.35747
13686,3,843.095,3,860.168,2,0,6.3562
13687,3,843.095,3,860.168,1,3,6.35492
13688,3,843.095,3,860.168,3,1,6.35365
13689,3,843.095,3,860.168,0,3,6.35238
13690,3,843.095,3,859.852,0,2,6.35111
13691,3,843.095,3,859.852,0,0,6.34984
13692,3,843.095,3,861.29,3,3,6.34857
13693,3,843.095,3,861.29,3,3,6.3473
13694,3,843.095,3,861.29,0,2,6.34603
13695,3,843.095,3,861.29,3,2,6.34476
13696,3,843.095,3,861.29,2,0,6.34349
13697,3,843.095,3,857.975,4,1,6.34223
13698,3,843.095,3,857.975,4,1,6.34096
13699,3,843.095,3,857.975,2,0,6.33969
13700,3,843.095,3,857.975,2,1,6.33842
13701,3,843.095,3,857.975,3,2,6.33715
13702,3,843.095,3,857.169,0,2,6.33589
13703,3,843.095,3,857.169,2,2,6.33462
13704,3,843.095,3,857.169,1,3,6.33335
13705,3,843.095,3,857.169,1,3,6.33209
13706,3,843.095,3,857.169,4,1,6.33082
13707,3,843.095,3,857.485,3,3,6.32955
13708,3,843.095,3,857.485,3,1,6.32829
13709,3,843.095,3,859.392,0,3,6.32702
13710,3,843.095,3,859.392,1,2,6.32576
13711,3,843.095,3,859.392,2,1,6.32449
13712,3,843.095,3,859.392,1,2,6.32323
13713,3,843.095,3,859.392,0,1,6.32196
13714,3,843.095,3,859.392,0,0,6.3207
13715,3,843.095,3,859.392,0,3,6.31943
13716,3,843.095,3,860.897,4,2,6.31817
13717,3,843.095,3,860.897,2,2,6.31691
13718,3,843.095,3,857.851,4,1,6.31564
13719,3,843.095,3,856.048,3,1,6.31438
13720,3,843.095,3,856.048,0,1,6.31312
13721,3,843.095,3,856.048,4,3,6.31185
13722,3,843.095,3,856.048,1,0,6.31059
13723,3,843.095,3,855.732,4,1,6.30933
13724,3,843.095,3,855.732,1,1,6.30807
13725,3,843.095,3,855.732,4,2,6.30681
13726,3,843.095,3,855.732,3,3,6.30554
13727,3,843.095,3,855.732,1,0,6.30428
13728,3,843.095,3,855.732,2,0,6.30302
13729,3,843.095,3,855.732,4,0,6.30176
13730,3,843.095,3,855.732,3,2,6.3005
13731,3,843.095,3,855.732,0,3,6.29924
13732,3,843.095,3,855.627,4,2,6.29798
13733,3,843.095,3,855.627,1,1,6.29672
13734,3,843.095,3,862.117,2,3,6.29546
13735,3,843.095,3,862.117,1,1,6.2942
13736,3,843.095,3,862.117,3,2,6.29294
13737,3,843.095,3,862.117,1,1,6.29169
13738,3,843.095,3,854.188,3,1,6.29043
13739,3,843.095,3,854.188,3,1,6.28917
13740,3,843.095,3,854.188,2,2,6.28791
13741,3,843.095,3,854.188,4,3,6.28665
13742,3,843.095,3,854.188,3,0,6.2854
13743,3,843.095,3,854.188,1,0,6.28414
13744,3,843.095,3,855.405,3,3,6.28288
13745,3,843.095,3,855.405,1,3,6.28163
13746,3,843.095,3,855.405,3,3,6.28037
13747,3,843.095,3,855.405,1,1,6.27911
13748,3,843.095,3,851.24,3,2,6.27786
13749,3,843.095,3,852.047,2,2,6.2766
13750,3,843.095,3,852.047,0,2,6.27535
13751,3,843.095,3,852.047,0,3,6.27409
13752,3,843.095,3,852.047,0,1,6.27284
13753,3,843.095,3,854.8,3,3,6.27158
13754,3,843.095,3,852.797,0,1,6.27033
13755,3,843.095,3,852.797,1,2,6.26907
13756,3,843.095,3,854.402,4,3,6.26782
13757,3,843.095,3,854.402,2,1,6.26657
13758,3,843.095,3,854.402,4,0,6.26531
13759,3,843.095,3,854.402,1,3,6.26406
13760,3,843.095,3,854.233,4,2,6.26281
13761,3,843.095,3,853.531,4,1,6.26155
13762,3,843.095,3,853.975,0,3,6.2603
13763,3,843.095,3,853.975,2,2,6.25905
13764,3,843.095,3,853.531,0,1,6.2578
13765,3,843.095,3,853.531,4,3,6.25655
13766,3,843.095,3,853.531,4,3,6.2553
13767,3,843.095,3,853.531,0,0,6.25404
13768,3,843.095,3,856.898,3,2,6.25279
13769,3,843.095,3,856.898,2,2,6.25154
13770,3,843.095,3,856.898,1,1,6.25029
13771,3,843.095,3,856.898,2,2,6.24904
13772,3,843.095,3,856.793,0,0,6.24779
13773,3,843.095,3,856.793,2,2,6.24654
13774,3,843.095,3,855.496,3,2,6.24529
13775,3,843.095,3,855.496,2,2,6.24405
13776,3,843.095,3,855.496,0,3,6.2428
13777,3,843.095,3,855.496,1,2,6.24155
13778,3,843.095,3,855.496,2,3,6.2403
13779,3,843.095,3,855.496,1,1,6.23905
13780,3,843.095,3,856.935,2,3,6.2378
13781,3,843.095,3,856.935,4,0,6.23656
13782,3,843.095,3,856.935,3,2,6.23531
13783,3,843.095,3,856.935,1,0,6.23406
13784,3,843.095,3,856.935,0,2,6.23281
13785,3,843.095,3,855.496,2,2,6.23157
13786,3,843.095,3,855.496,3,0,6.23032
13787,3,843.095,3,855.392,4,0,6.22908
13788,3,843.095,3,855.392,3,3,6.22783
13789,3,843.095,3,854.556,4,0,6.22658
13790,3,843.095,3,854.556,3,2,6.22534
13791,3,843.095,3,854.556,1,0,6.22409
13792,3,843.095,3,854.556,4,2,6.22285
13793,3,843.095,3,854.556,4,2,6.2216
13794,3,843.095,3,854.556,0,0,6.22036
13795,3,843.095,3,854.556,1,0,6.21912
13796,3,843.095,3,854.556,3,1,6.21787
13797,3,843.095,3,854.556,1,3,6.21663
13798,3,843.095,3,854.556,1,1,6.21539
13799,3,843.095,3,854.556,1,3,6.21414
13800,3,843.095,3,854.556,3,1,6.2129
13801,3,843.095,3,854.556,4,2,6.21166
13802,3,843.095,3,854.556,2,0,6.21041
13803,3,843.095,3,854.556,0,1,6.20917
13804,3,843.095,3,854.445,4,2,6.20793
13805,3,843.095,3,854.445,2,0,6.20669
13806,3,843.095,3,854.445,1,1,6.20545
13807,3,843.095,3,855.668,4,1,6.20421
13808,3,843.095,3,855.668,1,1,6.20297
13809,3,843.095,3,856.342,2,3,6.20173
13810,3,843.095,3,860.486,0,0,6.20049
13811,3,843.095,3,860.486,2,3,6.19925
13812,3,843.095,3,860.486,0,2,6.19801
13813,3,843.095,3,860.486,1,2,6.19677
13814,3,843.095,3,861.886,0,3,6.19553
13815,3,843.095,3,861.886,4,0,6.19429
13816,3,843.095,3,861.886,2,0,6.19305
13817,3,843.095,3,861.886,4,1,6.19181
13818,3,843.095,3,861.886,3,2,6.19057
13819,3,843.095,3,861.886,3,0,6.18933
13820,3,843.095,3,862.352,2,0,6.1881
13821,3,843.095,3,862.745,3,2,6.18686
13822,3,843.095,3,862.745,4,3,6.18562
13823,3,843.095,3,862.745,2,3,6.18438
13824,3,843.095,3,862.745,1,0,6.18315
13825,3,843.095,3,862.279,4,0,6.18191
13826,3,843.095,3,862.745,2,0,6.18067
13827,3,843.095,3,862.745,1,3,6.17944
13828,3,843.095,3,862.745,4,2,6.1782
13829,3,843.095,3,862.745,0,1,6.17697
13830,3,843.095,3,862.745,4,1,6.17573
13831,3,843.095,3,862.745,4,0,6.1745
13832,3,843.095,3,862.745,1,3,6.17326
13833,3,843.095,3,862.745,3,3,6.17203
13834,3,843.095,3,862.745,1,1,6.17079
13835,3,843.095,3,862.745,0,1,6.16956
13836,3,843.095,3,862.745,1,3,6.16832
13837,3,843.095,3,862.981,4,2,6.16709
13838,3,843.095,3,862.981,4,0,6.16586
13839,3,843.095,3,862.981,0,0,6.16462
13840,3,843.095,3,862.981,3,0,6.16339
13841,3,843.095,3,863.092,3,0,6.16216
13842,3,843.095,3,863.092,1,2,6.16092
13843,3,843.095,3,863.092,1,0,6.15969
13844,3,843.095,3,862.981,4,2,6.15846
13845,3,843.095,3,862.745,3,3,6.15723
13846,3,843.095,3,862.745,4,1,6.156
13847,3,843.095,3,862.745,1,0,6.15477
13848,3,843.095,3,863.062,4,2,6.15354
13849,3,843.095,3,862.596,4,2,6.1523
13850,3,843.095,3,862.596,1,1,6.15107
13851,3,843.095,3,862.596,4,3,6.14984
13852,3,843.095,3,862.596,1,2,6.14861
13853,3,843.095,3,862.596,1,2,6.14738
13854,3,843.095,3,862.596,2,0,6.14615
13855,3,843.095,3,861.307,4,2,6.14493
13856,3,843.095,3,861.307,3,0,6.1437
13857,3,843.095,3,861.307,1,3,6.14247
13858,3,843.095,3,861.019,4,1,6.14124
13859,3,843.095,3,861.019,4,3,6.14001
13860,3,843.095,3,861.019,4,0,6.13878
13861,3,843.095,3,861.019,2,2,6.13756
13862,3,843.095,3,861.019,3,0,6.13633
13863,3,843.095,3,861.403,3,2,6.1351
13864,3,843.095,3,861.403,2,1,6.13387
13865,3,843.095,3,861.293,3,0,6.13265
13866,3,843.095,3,861.293,2,1,6.13142
13867,3,843.095,3,861.293,4,0,6.13019
13868,3,843.095,3,861.293,4,1,6.12897
13869,3,843.095,3,861.293,1,2,6.12774
13870,3,843.095,3,861.293,4,2,6.12652
13871,3,843.095,3,861.962,4,0,6.12529
13872,3,843.095,3,857.214,2,1,6.12407
13873,3,843.095,3,856.897,3,1,6.12284
13874,3,843.095,3,856.897,1,1,6.12162
13875,3,843.095,3,856.897,4,1,6.12039
13876,3,843.095,3,856.486,0,1,6.11917
13877,3,843.095,3,856.486,0,1,6.11794
13878,3,843.095,3,856.486,1,0,6.11672
13879,3,843.095,3,856.486,0,0,6.1155
13880,3,843.095,3,856.486,2,0,6.11427
13881,3,843.095,3,856.486,2,1,6.11305
13882,3,843.095,3,856.486,0,1,6.11183
13883,3,843.095,3,856.486,1,0,6.11061
13884,3,843.095,3,856.486,2,0,6.10938
13885,3,843.095,3,856.486,0,1,6.10816
13886,3,843.095,3,856.053,2,2,6.10694
13887,3,843.095,3,856.053,2,1,6.10572
13888,3,843.095,3,856.053,2,2,6.1045
13889,3,843.095,3,856.053,4,3,6.10328
13890,3,843.095,3,856.053,0,1,6.10206
13891,3,843.095,3,856.053,1,3,6.10084
13892,3,843.095,3,858.816,4,3,6.09962
13893,3,843.095,3,858.816,4,0,6.0984
13894,3,843.095,3,860.112,0,1,6.09718
13895,3,843.095,3,860.112,4,1,6.09596
13896,3,843.095,3,860.112,4,0,6.09474
13897,3,843.095,3,860.112,2,0,6.09352
13898,3,843.095,3,861.148,2,1,6.0923
13899,3,843.095,3,862.548,3,0,6.09108
13900,3,843.095,3,861.871,2,3,6.08986
13901,3,843.095,3,863.803,0,0,6.08865
13902,3,843.095,3,863.803,1,2,6.08743
13903,3,843.095,3,860.753,3,2,6.08621
13904,3,843.095,3,860.753,4,0,6.08499
13905,3,843.095,3,860.753,0,0,6.08378
13906,3,843.095,3,856.253,2,1,6.08256
13907,3,843.095,3,855.023,0,2,6.08134
13908,3,843.095,3,855.023,3,3,6.08013
13909,3,843.095,3,855.023,1,1,6.07891
13910,3,843.095,3,855.023,0,3,6.0777
13911,3,843.095,3,855.023,0,0,6.07648
13912,3,843.095,3,855.023,4,0,6.07526
13913,3,843.095,3,855.023,3,1,6.07405
13914,3,843.095,3,855.023,2,2,6.07283
13915,3,843.095,3,855.023,1,1,6.07162
13916,3,843.095,3,855.023,0,0,6.07041
13917,3,843.095,3,855.023,1,2,6.06919
13918,3,843.095,3,855.023,3,2,6.06798
13919,3,843.095,3,855.023,2,0,6.06676
13920,3,843.095,3,855.023,4,1,6.06555
13921,3,843.095,3,855.023,0,2,6.06434
13922,3,843.095,3,855.023,1,1,6.06312
13923,3,843.095,3,855.797,0,0,6.06191
13924,3,843.095,3,855.797,1,2,6.0607
13925,3,843.095,3,855.797,1,3,6.05949
13926,3,843.095,3,855.797,0,0,6.05828
13927,3,843.095,3,855.797,4,0,6.05706
13928,3,843.095,3,855.797,4,2,6.05585
13929,3,843.095,3,855.797,4,0,6.05464
13930,3,843.095,3,855.797,1,3,6.05343
13931,3,843.095,3,855.797,2,0,6.05222
13932,3,843.095,3,855.797,3,1,6.05101
13933,3,843.095,3,855.797,4,3,6.0498
13934,3,843.095,3,855.797,0,0,6.04859
13935,3,843.095,3,855.797,0,1,6.04738
13936,3,843.095,3,855.797,1,2,6.04617
13937,3,843.095,3,855.797,4,0,6.04496
13938,3,843.095,3,855.797,0,1,6.04375
13939,3,843.095,3,855.797,3,2,6.04254
13940,3,843.095,3,862.209,3,0,6.04133
13941,3,843.095,3,862.209,2,3,6.04013
13942,3,843.095,3,862.04,3,2,6.03892
13943,3,843.095,3,862.04,0,0,6.03771
13944,3,843.095,3,862.04,2,1,6.0365
13945,3,843.095,3,862.04,3,0,6.0353
13946,3,843.095,3,862.04,1,0,6.03409
13947,3,843.095,3,866.513,0,3,6.03288
13948,3,843.095,3,866.513,1,3,6.03168
13949,3,843.095,3,866.513,1,0,6.03047
13950,3,843.095,3,866.513,1,0,6.02926
13951,3,843.095,3,866.326,0,0,6.02806
13952,3,843.095,3,863.091,4,2,6.02685
13953,3,843.095,3,862.981,3,1,6.02565
13954,3,843.095,3,862.981,1,0,6.02444
13955,3,843.095,3,865.606,2,3,6.02324
13956,3,843.095,3,865.606,4,3,6.02203
13957,3,843.095,3,865.606,0,3,6.02083
13958,3,843.095,3,865.606,1,0,6.01962
13959,3,843.095,3,865.606,0,0,6.01842
13960,3,843.095,3,865.606,1,0,6.01722
13961,3,843.095,3,868.576,4,2,6.01601
13962,3,843.095,3,868.576,0,3,6.01481
13963,3,843.095,3,868.576,1,0,6.01361
13964,3,843.095,3,863.992,2,1,6.0124
13965,3,843.095,3,863.992,0,0,6.0112
13966,3,843.095,3,863.992,3,0,6.01
13967,3,843.095,3,863.992,1,3,6.0088
13968,3,843.095,3,863.992,1,2,6.00759
13969,3,843.095,3,864.228,4,3,6.00639
13970,3,843.095,3,863.992,2,0,6.00519
13971,3,843.095,3,863.992,3,2,6.00399
13972,3,843.095,3,863.992,2,1,6.00279
13973,3,843.095,3,863.992,2,2,6.00159
13974,3,843.095,3,863.992,4,1,6.00039
13975,3,843.095,3,871.05,3,3,5.99919
13976,3,843.095,3,871.05,1,2,5.99799
13977,3,843.095,3,873.996,4,0,5.99679
13978,3,843.095,3,875.007,4,0,5.99559
13979,3,843.095,3,875.007,3,0,5.99439
13980,3,843.095,3,874.941,2,0,5.99319
13981,3,843.095,3,874.941,1,1,5.99199
13982,3,843.095,3,874.941,3,0,5.99079
13983,3,843.095,3,874.941,1,0,5.9896
13984,3,843.095,3,874.941,1,3,5.9884
13985,3,843.095,3,874.941,0,3,5.9872
13986,3,843.095,3,874.941,1,2,5.986
13987,3,843.095,3,875.389,0,3,5.98481
13988,3,843.095,3,875.389,0,1,5.98361
13989,3,843.095,3,875.389,4,0,5.98241
13990,3,843.095,3,871.341,3,3,5.98122
13991,3,843.095,3,871.341,4,3,5.98002
13992,3,843.095,3,871.105,3,0,5.97882
13993,3,843.095,3,867.892,2,1,5.97763
13994,3,843.095,3,867.892,3,1,5.97643
13995,3,843.095,3,867.892,2,2,5.97524
13996,3,843.095,3,867.892,2,0,5.97404
13997,3,843.095,3,867.892,0,1,5.97285
13998,3,843.095,3,867.892,1,0,5.97165
13999,3,843.095,3,870.541,3,3,5.97046
14000,3,843.095,3,870.541,3,2,5.96926
14001,3,843.095,3,870.541,0,3,5.96807
14002,3,843.095,3,870.541,1,1,5.96688
14003,3,843.095,3,870.541,4,1,5.96568
14004,3,843.095,3,870.541,2,3,5.96449
14005,3,843.095,3,868.662,4,3,5.9633
14006,3,843.095,3,871.146,2,3,5.96211
14007,3,843.095,3,876.547,0,2,5.96091
14008,3,843.095,3,877.705,0,0,5.95972
14009,3,843.095,3,873.715,3,2,5.95853
14010,3,843.095,3,873.715,1,0,5.95734
14011,3,843.095,3,872.32,0,1,5.95615
14012,3,843.095,3,872.32,1,2,5.95495
14013,3,843.095,3,872.32,1,2,5.95376
14014,3,843.095,3,872.483,2,3,5.95257
14015,3,843.095,3,872.483,2,3,5.95138
14016,3,843.095,3,872.483,1,0,5.95019
14017,3,843.095,3,872.483,1,1,5.949
14018,3,843.095,3,876.709,4,1,5.94781
14019,3,843.095,3,876.709,1,0,5.94662
14020,3,843.095,3,876.709,1,3,5.94543
14021,3,843.095,3,876.709,1,3,5.94424
14022,3,843.095,3,876.709,0,3,5.94305
14023,3,843.095,3,876.709,3,3,5.94187
14024,3,843.095,3,876.709,3,2,5.94068
14025,3,843.095,3,876.709,1,3,5.93949
14026,3,843.095,3,876.709,1,2,5.9383
14027,3,843.095,3,872.32,2,2,5.93711
14028,3,843.095,3,872.32,4,2,5.93593
14029,3,843.095,3,872.753,3,2,5.93474
14030,3,843.095,3,872.32,2,0,5.93355
14031,3,843.095,3,872.32,0,3,5.93237
14032,3,843.095,3,872.21,0,1,5.93118
14033,3,843.095,3,872.21,4,3,5.92999
14034,3,843.095,3,877.022,0,0,5.92881
14035,3,843.095,3,877.022,0,1,5.92762
14036,3,843.095,3,876.061,3,0,5.92644
14037,3,843.095,3,876.061,0,3,5.92525
14038,3,843.095,3,876.061,2,0,5.92407
14039,3,843.095,3,876.061,3,1,5.92288
14040,3,843.095,3,876.061,3,2,5.9217
14041,3,843.095,3,876.061,2,1,5.92051
14042,3,843.095,3,876.061,0,1,5.91933
14043,3,843.095,3,876.178,0,3,5.91814
14044,3,843.095,3,870.721,3,0,5.91696
14045,3,843.095,3,865.815,2,2,5.91578
14046,3,843.095,3,865.31,4,2,5.91459
14047,3,843.095,3,865.31,4,1,5.91341
14048,3,843.095,3,865.31,0,1,5.91223
14049,3,843.095,3,863.911,2,2,5.91105
14050,3,843.095,3,863.911,4,2,5.90986
14051,3,843.095,3,859.113,4,2,5.90868
14052,3,843.095,3,859.113,0,1,5.9075
14053,3,843.095,3,859.113,3,2,5.90632
14054,3,843.095,3,865.719,2,0,5.90514
14055,3,843.095,3,865.719,4,2,5.90396
14056,3,843.095,3,865.719,1,2,5.90278
14057,3,843.095,3,869.517,3,0,5.90159
14058,3,843.095,3,869.517,4,0,5.90041
14059,3,843.095,3,869.348,2,3,5.89923
14060,3,843.095,3,869.348,4,0,5.89805
14061,3,843.095,3,869.348,0,2,5.89687
14062,3,843.095,3,869.348,4,0,5.8957
14063,3,843.095,3,869.348,0,3,5.89452
14064,3,843.095,3,863.457,3,1,5.89334
14065,3,843.095,3,863.457,0,1,5.89216
14066,3,843.095,3,863.457,2,1,5.89098
14067,3,843.095,3,859.659,3,3,5.8898
14068,3,843.095,3,855.992,0,1,5.88862
14069,3,843.095,3,855.992,4,1,5.88745
14070,3,843.095,3,855.992,0,0,5.88627
14071,3,843.095,3,855.992,4,3,5.88509
14072,3,843.095,3,855.992,1,0,5.88391
14073,3,843.095,3,865.578,4,2,5.88274
14074,3,843.095,3,865.578,4,3,5.88156
14075,3,843.095,3,865.578,0,3,5.88039
14076,3,843.095,3,865.578,4,0,5.87921
14077,3,843.095,3,865.578,4,0,5.87803
14078,3,843.095,3,865.578,2,2,5.87686
14079,3,843.095,3,865.578,4,3,5.87568
14080,3,843.095,3,859.821,0,2,5.87451
14081,3,843.095,3,859.821,2,3,5.87333
14082,3,843.095,3,859.821,1,3,5.87216
14083,3,843.095,3,859.821,3,3,5.87098
14084,3,843.095,3,858.942,4,1,5.86981
14085,3,843.095,3,858.942,3,3,5.86863
14086,3,843.095,3,858.942,2,1,5.86746
14087,3,843.095,3,858.942,2,0,5.86629
14088,3,843.095,3,858.942,0,0,5.86511
14089,3,843.095,3,858.942,2,0,5.86394
14090,3,843.095,3,859.749,0,3,5.86277
14091,3,843.095,3,859.749,3,3,5.8616
14092,3,843.095,3,859.749,4,2,5.86042
14093,3,843.095,3,859.749,3,1,5.85925
14094,3,843.095,3,859.749,2,1,5.85808
14095,3,843.095,3,859.749,2,0,5.85691
14096,3,843.095,3,859.749,2,2,5.85574
14097,3,843.095,3,859.749,1,3,5.85457
14098,3,843.095,3,859.749,0,3,5.85339
14099,3,843.095,3,859.749,2,3,5.85222
14100,3,843.095,3,859.749,1,2,5.85105
14101,3,843.095,3,859.749,0,3,5.84988
14102,3,843.095,3,859.749,4,0,5.84871
14103,3,843.095,3,859.749,1,0,5.84754
14104,3,843.095,3,859.749,4,2,5.84637
14105,3,843.095,3,859.749,4,3,5.8452
14106,3,843.095,3,853.93,4,1,5.84404
14107,3,843.095,3,853.93,1,0,5.84287
14108,3,843.095,3,853.123,2,0,5.8417
14109,3,843.095,3,853.123,0,3,5.84053
14110,3,843.095,3,853.123,2,1,5.83936
14111,3,843.095,3,853.123,3,0,5.83819
14112,3,843.095,3,851.722,3,2,5.83703
14113,3,843.095,3,851.722,0,0,5.83586
14114,3,843.095,3,851.722,4,0,5.83469
14115,3,843.095,3,851.722,4,1,5.83352
14116,3,843.095,3,851.722,1,0,5.83236
14117,3,843.095,3,851.722,2,0,5.83119
14118,3,843.095,3,851.722,2,0,5.83003
14119,3,843.095,3,855.096,3,0,5.82886
14120,3,843.095,3,855.096,1,3,5.82769
14121,3,843.095,3,855.096,3,0,5.82653
14122,3,843.095,3,855.096,2,0,5.82536
14123,3,843.095,3,855.096,2,2,5.8242
14124,3,843.095,3,855.096,3,3,5.82303
14125,3,843.095,3,855.096,0,0,5.82187
14126,3,843.095,3,855.096,0,0,5.8207
14127,3,843.095,3,855.096,1,0,5.81954
14128,3,843.095,3,855.096,1,1,5.81838
14129,3,843.095,3,857.648,3,0,5.81721
14130,3,843.095,3,857.648,1,2,5.81605
14131,3,843.095,3,857.648,2,3,5.81489
14132,3,843.095,3,855.096,2,1,5.81372
14133,3,843.095,3,855.37,3,3,5.81256
14134,3,843.095,3,855.37,3,3,5.8114
14135,3,843.095,3,855.37,3,1,5.81024
14136,3,843.095,3,855.37,4,2,5.80907
14137,3,843.095,3,855.37,1,2,5.80791
14138,3,843.095,3,855.37,4,3,5.80675
14139,3,843.095,3,855.37,1,2,5.80559
14140,3,843.095,3,855.201,4,2,5.80443
14141,3,843.095,3,855.201,2,1,5.80327
14142,3,843.095,3,856.495,2,1,5.80211
14143,3,843.095,3,856.495,4,0,5.80095
14144,3,843.095,3,856.495,0,1,5.79979
14145,3,843.095,3,856.495,3,1,5.79863
14146,3,843.095,3,856.495,2,1,5.79747
14147,3,843.095,3,856.495,2,2,5.79631
14148,3,843.095,3,856.495,4,1,5.79515
14149,3,843.095,3,856.495,1,2,5.79399
14150,3,843.095,3,856.664,3,2,5.79283
14151,3,843.095,3,857.131,2,3,5.79167
14152,3,843.095,3,858.483,0,1,5.79051
14153,3,843.095,3,858.122,4,1,5.78935
14154,3,843.095,3,858.122,1,3,5.7882
14155,3,843.095,3,858.122,2,3,5.78704
14156,3,843.095,3,858.122,3,2,5.78588
14157,3,843.095,3,858.122,1,2,5.78472
14158,3,843.095,3,858.122,3,3,5.78357
14159,3,843.095,3,858.122,4,1,5.78241
14160,3,843.095,3,858.122,3,1,5.78125
14161,3,843.095,3,858.64,3,2,5.7801
14162,3,843.095,3,858.64,1,3,5.77894
14163,3,843.095,3,858.64,2,0,5.77779
14164,3,843.095,3,858.64,2,0,5.77663
14165,3,843.095,3,858.64,1,0,5.77547
14166,3,843.095,3,855.582,4,1,5.77432
14167,3,843.095,3,855.53,0,3,5.77316
14168,3,843.095,3,855.214,3,2,5.77201
14169,3,843.095,3,855.214,1,2,5.77086
14170,3,843.095,3,855.214,3,0,5.7697
14171,3,843.095,3,855.214,4,2,5.76855
14172,3,843.095,3,855.214,3,3,5.76739
14173,3,843.095,3,855.214,1,2,5.76624
14174,3,843.095,3,855.324,3,2,5.76509
14175,3,843.095,3,857.945,2,3,5.76393
14176,3,843.095,3,855.778,4,0,5.76278
14177,3,843.095,3,855.778,1,3,5.76163
14178,3,843.095,3,855.778,0,1,5.76048
14179,3,843.095,3,855.778,1,0,5.75932
14180,3,843.095,3,855.778,1,3,5.75817
14181,3,843.095,3,855.778,1,2,5.75702
14182,3,843.095,3,853.692,2,3,5.75587
14183,3,843.095,3,853.861,0,3,5.75472
14184,3,843.095,3,853.861,3,3,5.75357
14185,3,843.095,3,853.861,1,1,5.75242
14186,3,843.095,3,853.588,4,1,5.75127
14187,3,843.095,3,853.588,4,0,5.75012
14188,3,843.095,3,853.588,1,0,5.74897
14189,3,843.095,3,855.661,3,2,5.74782
14190,3,843.095,3,855.661,1,1,5.74667
14191,3,843.095,3,855.661,0,3,5.74552
14192,3,843.095,3,855.661,0,2,5.74437
14193,3,843.095,3,860.134,3,2,5.74322
14194,3,843.095,3,860.134,4,1,5.74207
14195,3,843.095,3,860.134,1,0,5.74092
14196,3,843.095,3,859.667,3,2,5.73977
14197,3,843.095,3,859.667,1,0,5.73863
14198,3,843.095,3,859.667,0,0,5.73748
14199,3,843.095,3,863.998,2,3,5.73633
14200,3,843.095,3,860.134,2,2,5.73518
14201,3,843.095,3,860.134,1,3,5.73404
14202,3,843.095,3,860.134,2,0,5.73289
14203,3,843.095,3,860.134,3,3,5.73174
14204,3,843.095,3,860.134,2,3,5.7306
14205,3,843.095,3,860.225,3,3,5.72945
14206,3,843.095,3,860.134,3,0,5.7283
14207,3,843.095,3,858.64,3,0,5.72716
14208,3,843.095,3,858.64,2,2,5.72601
14209,3,843.095,3,859.415,2,3,5.72487
14210,3,843.095,3,859.525,3,3,5.72372
14211,3,843.095,3,863.765,0,3,5.72258
14212,3,843.095,3,863.765,1,0,5.72143
14213,3,843.095,3,859.525,0,2,5.72029
14214,3,843.095,3,859.525,4,1,5.71915
14215,3,843.095,3,855.661,2,2,5.718
14216,3,843.095,3,855.661,1,2,5.71686
14217,3,843.095,3,855.195,4,1,5.71572
14218,3,843.095,3,855.195,0,1,5.71457
14219,3,843.095,3,858.252,4,0,5.71343
14220,3,843.095,3,858.252,4,2,5.71229
14221,3,843.095,3,858.252,0,1,5.71114
14222,3,843.095,3,858.252,0,3,5.71
14223,3,843.095,3,858.252,4,0,5.70886
14224,3,843.095,3,858.252,3,1,5.70772
14225,3,843.095,3,864.367,4,2,5.70658
14226,3,843.095,3,864.367,2,0,5.70543
14227,3,843.095,3,860.174,0,2,5.70429
14228,3,843.095,3,860.174,1,2,5.70315
14229,3,843.095,3,860.344,4,2,5.70201
14230,3,843.095,3,860.344,1,3,5.70087
14231,3,843.095,3,858.944,0,3,5.69973
14232,3,843.095,3,858.944,1,3,5.69859
14233,3,843.095,3,857.668,3,2,5.69745
14234,3,843.095,3,853.734,0,1,5.69631
14235,3,843.095,3,854.525,0,3,5.69517
14236,3,843.095,3,854.525,0,0,5.69403
14237,3,843.095,3,854.525,2,0,5.6929
14238,3,843.095,3,855.925,3,2,5.69176
14239,3,843.095,3,855.925,4,1,5.69062
14240,3,843.095,3,855.925,4,1,5.68948
14241,3,843.095,3,855.925,0,0,5.68834
14242,3,843.095,3,863.962,0,3,5.6872
14243,3,843.095,3,863.962,1,0,5.68607
14244,3,843.095,3,864.315,3,2,5.68493
14245,3,843.095,3,864.315,3,1,5.68379
14246,3,843.095,3,864.315,2,1,5.68266
14247,3,843.095,3,862.122,0,0,5.68152
14248,3,843.095,3,862.122,1,2,5.68038
14249,3,843.095,3,860.723,2,0,5.67925
14250,3,843.095,3,860.723,1,0,5.67811
14251,3,843.095,3,860.723,0,3,5.67698
14252,3,843.095,3,858.956,4,2,5.67584
14253,3,843.095,3,858.956,1,1,5.67471
14254,3,843.095,3,858.956,3,0,5.67357
14255,3,843.095,3,858.956,3,0,5.67244
14256,3,843.095,3,858.956,3,2,5.6713
14257,3,843.095,3,858.956,4,1,5.67017
14258,3,843.095,3,858.956,0,2,5.66903
14259,3,843.095,3,858.956,1,1,5.6679
14260,3,843.095,3,858.956,1,3,5.66677
14261,3,843.095,3,858.956,2,3,5.66563
14262,3,843.095,3,858.956,4,2,5.6645
14263,3,843.095,3,858.956,2,1,5.66337
14264,3,843.095,3,870.891,2,3,5.66223
14265,3,843.095,3,870.891,3,2,5.6611
14266,3,843.095,3,870.891,0,2,5.65997
14267,3,843.095,3,870.891,2,3,5.65884
14268,3,843.095,3,870.891,3,0,5.65771
14269,3,843.095,3,860.118,2,1,5.65657
14270,3,843.095,3,862.509,0,0,5.65544
14271,3,843.095,3,861.116,4,2,5.65431
14272,3,843.095,3,861.116,0,2,5.65318
14273,3,843.095,3,861.116,0,1,5.65205
14274,3,843.095,3,861.116,2,1,5.65092
14275,3,843.095,3,861.116,3,0,5.64979
14276,3,843.095,3,861.116,1,2,5.64866
14277,3,843.095,3,857.125,0,1,5.64753
14278,3,843.095,3,857.125,1,2,5.6464
14279,3,843.095,3,857.125,3,0,5.64527
14280,3,843.095,3,857.125,1,1,5.64414
14281,3,843.095,3,857.125,2,0,5.64301
14282,3,843.095,3,857.125,3,3,5.64188
14283,3,843.095,3,855.295,3,0,5.64076
14284,3,843.095,3,854.714,3,3,5.63963
14285,3,843.095,3,854.714,3,3,5.6385
14286,3,843.095,3,855.521,4,2,5.63737
14287,3,843.095,3,856.431,0,2,5.63624
14288,3,843.095,3,856.431,2,0,5.63512
14289,3,843.095,3,857.132,3,3,5.63399
14290,3,843.095,3,855.878,2,1,5.63286
14291,3,843.095,3,855.878,1,3,5.63174
14292,3,843.095,3,855.878,3,0,5.63061
14293,3,843.095,3,856.114,4,3,5.62948
14294,3,843.095,3,856.114,0,1,5.62836
14295,3,843.095,3,856.114,1,3,5.62723
14296,3,843.095,3,852.325,3,0,5.62611
14297,3,843.095,3,852.325,4,2,5.62498
14298,3,843.095,3,852.325,2,3,5.62386
14299,3,843.095,3,852.325,2,3,5.62273
14300,3,843.095,3,854.113,3,3,5.62161
14301,3,843.095,3,854.571,3,3,5.62048
14302,3,843.095,3,852.089,3,1,5.61936
14303,3,843.095,3,852.089,3,1,5.61824
14304,3,843.095,3,852.089,3,2,5.61711
14305,3,843.095,3,852.089,2,0,5.61599
14306,3,843.095,3,852.089,3,2,5.61487
14307,3,843.095,3,852.089,2,0,5.61374
14308,3,843.095,3,852.089,2,0,5.61262
14309,3,843.095,3,852.089,1,2,5.6115
14310,3,843.095,3,852.089,0,0,5.61037
14311,3,843.095,3,852.089,2,3,5.60925
14312,3,843.095,3,852.089,1,3,5.60813
14313,3,843.095,3,852.089,2,1,5.60701
14314,3,843.095,3,852.089,1,3,5.60589
14315,3,843.095,3,852.089,3,0,5.60477
14316,3,843.095,3,852.089,1,3,5.60365
14317,3,843.095,3,852.089,1,1,5.60253
14318,3,843.095,3,858.777,4,0,5.6014
14319,3,843.095,3,861.162,4,3,5.60028
14320,3,843.095,3,860.622,2,1,5.59916
14321,3,843.095,3,865.204,4,2,5.59804
14322,3,843.095,3,857.199,3,2,5.59692
14323,3,843.095,3,857.199,2,3,5.59581
14324,3,843.095,3,857.199,3,0,5.59469
14325,3,843.095,3,857.199,1,0,5.59357
14326,3,843.095,3,857.199,3,1,5.59245
14327,3,843.095,3,857.199,0,3,5.59133
14328,3,843.095,3,855.516,0,3,5.59021
14329,3,843.095,3,855.516,4,0,5.58909
14330,3,843.095,3,855.516,0,1,5.58798
14331,3,843.095,3,861.277,2,3,5.58686
14332,3,843.095,3,858.317,2,2,5.58574
14333,3,843.095,3,858.317,3,3,5.58462
14334,3,843.095,3,858.317,0,2,5.58351
14335,3,843.095,3,858.67,4,3,5.58239
14336,3,843.095,3,858.67,1,0,5.58127
14337,3,843.095,3,858.67,0,1,5.58016
14338,3,843.095,3,858.67,3,0,5.57904
14339,3,843.095,3,858.67,2,0,5.57793
14340,3,843.095,3,858.317,0,1,5.57681
14341,3,843.095,3,858.385,4,3,5.57569
14342,3,843.095,3,856.253,3,1,5.57458
14343,3,843.095,3,856.739,4,3,5.57346
14344,3,843.095,3,856.739,3,2,5.57235
14345,3,843.095,3,860.517,2,3,5.57124
14346,3,843.095,3,857.965,2,1,5.57012
14347,3,843.095,3,857.965,3,3,5.56901
14348,3,843.095,3,855.339,3,1,5.56789
14349,3,843.095,3,855.339,4,1,5.56678
14350,3,843.095,3,855.339,2,3,5.56567
14351,3,843.095,3,855.339,1,3,5.56455
14352,3,843.095,3,855.339,0,0,5.56344
14353,3,843.095,3,855.339,1,2,5.56233
14354,3,843.095,3,855.339,1,2,5.56122
14355,3,843.095,3,855.339,1,3,5.5601
14356,3,843.095,3,855.339,1,2,5.55899
14357,3,843.095,3,855.339,0,3,5.55788
14358,3,843.095,3,855.339,4,1,5.55677
14359,3,843.095,3,855.575,3,1,5.55566
14360,3,843.095,3,855.575,0,0,5.55455
14361,3,843.095,3,855.575,0,2,5.55343
14362,3,843.095,3,855.09,4,0,5.55232
14363,3,843.095,3,857.642,0,0,5.55121
14364,3,843.095,3,855.09,3,1,5.5501
14365,3,843.095,3,855.09,2,3,5.54899
14366,3,843.095,3,855.09,1,2,5.54788
14367,3,843.095,3,855.09,3,2,5.54677
14368,3,843.095,3,855.09,4,3,5.54566
14369,3,843.095,3,855.09,1,1,5.54456
14370,3,843.095,3,856.489,3,2,5.54345
14371,3,843.095,3,860.962,3,2,5.54234
14372,3,843.095,3,860.962,1,2,5.54123
14373,3,843.095,3,860.962,0,0,5.54012
14374,3,843.095,3,860.962,1,1,5.53901
14375,3,843.095,3,860.962,1,3,5.5379
14376,3,843.095,3,860.962,4,0,5.5368
14377,3,843.095,3,862.622,2,0,5.53569
14378,3,843.095,3,860.726,4,1,5.53458
14379,3,843.095,3,860.726,0,0,5.53348
14380,3,843.095,3,860.726,3,1,5.53237
14381,3,843.095,3,859.326,2,1,5.53126
14382,3,843.095,3,859.326,2,0,5.53016
14383,3,843.095,3,859.326,0,1,5.52905
14384,3,843.095,3,859.326,1,0,5.52794
14385,3,843.095,3,859.326,1,3,5.52684
14386,3,843.095,3,859.326,4,3,5.52573
14387,3,843.095,3,859.326,4,1,5.52463
14388,3,843.095,3,859.326,4,2,5.52352
14389,3,843.095,3,859.326,1,1,5.52242
14390,3,843.095,3,859.326,2,3,5.52131
14391,3,843.095,3,859.326,3,0,5.52021
14392,3,843.095,3,857.133,3,2,5.51911
14393,3,843.095,3,857.133,1,0,5.518
14394,3,843.095,3,857.133,3,3,5.5169
14395,3,843.095,3,857.133,1,1,5.5158
14396,3,843.095,3,857.133,4,2,5.51469
14397,3,843.095,3,857.133,0,2,5.51359
14398,3,843.095,3,857.133,2,1,5.51249
14399,3,843.095,3,857.133,2,3,5.51138
14400,3,843.095,3,857.133,1,0,5.51028
14401,3,843.095,3,857.133,1,0,5.50918
14402,3,843.095,3,857.133,4,0,5.50808
14403,3,843.095,3,857.133,4,1,5.50698
14404,3,843.095,3,857.133,2,0,5.50587
14405,3,843.095,3,857.133,4,3,5.50477
14406,3,843.095,3,857.133,2,3,5.50367
14407,3,843.095,3,857.735,2,2,5.50257
14408,3,843.095,3,857.735,1,1,5.50147
14409,3,843.095,3,857.735,3,3,5.50037
14410,3,843.095,3,857.735,2,2,5.49927
14411,3,843.095,3,859.012,2,3,5.49817
14412,3,843.095,3,859.181,3,3,5.49707
14413,3,843.095,3,856.629,3,1,5.49597
14414,3,843.095,3,856.629,2,2,5.49487
14415,3,843.095,3,855.822,0,1,5.49377
14416,3,843.095,3,855.822,0,2,5.49268
14417,3,843.095,3,855.927,4,3,5.49158
14418,3,843.095,3,855.927,1,0,5.49048
14419,3,843.095,3,855.927,1,0,5.48938
14420,3,843.095,3,855.927,3,3,5.48828
14421,3,843.095,3,859.333,3,3,5.48718
14422,3,843.095,3,859.111,0,0,5.48609
14423,3,843.095,3,859.111,1,0,5.48499
14424,3,843.095,3,859.111,1,3,5.48389
14425,3,843.095,3,853.474,0,2,5.4828
14426,3,843.095,3,853.474,0,1,5.4817
14427,3,843.095,3,853.474,3,2,5.4806
14428,3,843.095,3,853.474,4,3,5.47951
14429,3,843.095,3,853.474,0,0,5.47841
14430,3,843.095,3,853.474,0,2,5.47732
14431,3,843.095,3,853.474,1,1,5.47622
14432,3,843.095,3,853.474,1,1,5.47512
14433,3,843.095,3,853.474,2,3,5.47403
14434,3,843.095,3,853.474,0,1,5.47294
14435,3,843.095,3,853.37,2,1,5.47184
14436,3,843.095,3,853.37,2,0,5.47075
14437,3,843.095,3,853.37,4,2,5.46965
14438,3,843.095,3,853.37,4,1,5.46856
14439,3,843.095,3,853.37,0,0,5.46746
14440,3,843.095,3,853.37,4,1,5.46637
14441,3,843.095,3,853.37,2,3,5.46528
14442,3,843.095,3,853.37,1,0,5.46418
14443,3,843.095,3,853.37,1,1,5.46309
14444,3,843.095,3,852.491,3,3,5.462
14445,3,843.095,3,852.491,1,1,5.46091
14446,3,843.095,3,852.491,0,3,5.45981
14447,3,843.095,3,851.09,3,1,5.45872
14448,3,843.095,3,851.09,2,0,5.45763
14449,3,843.095,3,851.09,4,3,5.45654
14450,3,843.095,3,851.09,0,0,5.45545
14451,3,843.095,3,851.09,3,2,5.45436
14452,3,843.095,3,851.09,3,3,5.45327
14453,3,843.095,3,851.09,3,0,5.45218
14454,3,843.095,3,851.09,1,1,5.45108
14455,3,843.095,3,851.09,3,0,5.44999
14456,3,843.095,3,851.09,1,0,5.4489
14457,3,843.095,3,851.09,0,2,5.44781
14458,3,843.095,3,851.09,1,2,5.44673
14459,3,843.095,3,851.09,2,2,5.44564
14460,3,843.095,3,851.09,1,0,5.44455
14461,3,843.095,3,851.09,1,3,5.44346
14462,3,843.095,3,851.09,4,1,5.44237
14463,3,843.095,3,851.09,4,1,5.44128
14464,3,843.095,3,851.09,0,0,5.44019
14465,3,843.095,3,852.975,3,3,5.4391
14466,3,843.095,3,852.975,2,3,5.43802
14467,3,843.095,3,852.975,2,2,5.43693
14468,3,843.095,3,852.975,0,2,5.43584
14469,3,843.095,3,852.739,3,2,5.43475
14470,3,843.095,3,852.739,1,0,5.43367
14471,3,843.095,3,852.739,1,2,5.43258
14472,3,843.095,3,852.739,0,2,5.43149
14473,3,843.095,3,852.739,1,3,5.43041
14474,3,843.095,3,852.739,3,3,5.42932
14475,3,843.095,3,852.57,3,1,5.42824
14476,3,843.095,3,852.806,2,2,5.42715
14477,3,843.095,3,852.806,2,0,5.42607
14478,3,843.095,3,855.431,2,3,5.42498
14479,3,843.095,3,855.431,0,2,5.42389
14480,3,843.095,3,852.806,2,2,5.42281
14481,3,843.095,3,854.205,2,2,5.42173
14482,3,843.095,3,854.205,3,2,5.42064
14483,3,843.095,3,858.442,0,2,5.41956
14484,3,843.095,3,858.442,1,1,5.41847
14485,3,843.095,3,858.442,3,3,5.41739
14486,3,843.095,3,858.442,1,3,5.41631
14487,3,843.095,3,858.442,4,1,5.41522
14488,3,843.095,3,858.442,1,1,5.41414
14489,3,843.095,3,858.442,1,0,5.41306
14490,3,843.095,3,858.442,3,0,5.41197
14491,3,843.095,3,859.51,2,3,5.41089
14492,3,843.095,3,865.401,3,3,5.40981
14493,3,843.095,3,864.935,3,1,5.40873
14494,3,843.095,3,861.094,4,2,5.40765
14495,3,843.095,3,860.861,4,1,5.40656
14496,3,843.095,3,860.861,3,2,5.40548
14497,3,843.095,3,857.714,4,2,5.4044
14498,3,843.095,3,857.714,2,1,5.40332
14499,3,843.095,3,857.714,4,1,5.40224
14500,3,843.095,3,857.545,2,1,5.40116
14501,3,843.095,3,857.545,4,0,5.40008
14502,3,843.095,3,857.545,1,3,5.399
14503,3,843.095,3,857.545,4,2,5.39792
14504,3,843.095,3,856.145,0,3,5.39684
14505,3,843.095,3,856.145,4,3,5.39576
14506,3,843.095,3,860.08,4,0,5.39468
14507,3,843.095,3,860.08,1,0,5.3936
14508,3,843.095,3,860.08,1,1,5.39252
14509,3,843.095,3,860.08,1,0,5.39145
14510,3,843.095,3,856.145,0,1,5.39037
14511,3,843.095,3,857.545,2,1,5.38929
14512,3,843.095,3,857.545,0,2,5.38821
14513,3,843.095,3,864.475,3,2,5.38713
14514,3,843.095,3,864.475,0,2,5.38606
14515,3,843.095,3,864.475,3,2,5.38498
14516,3,843.095,3,867.002,3,3,5.3839
14517,3,843.095,3,867.002,0,0,5.38283
14518,3,843.095,3,867.002,4,0,5.38175
14519,3,843.095,3,867.002,3,3,5.38067
14520,3,843.095,3,867.002,1,3,5.3796
14521,3,843.095,3,867.804,3,3,5.37852
14522,3,843.095,3,867.804,1,3,5.37744
14523,3,843.095,3,867.804,1,0,5.37637
14524,3,843.095,3,867.804,0,2,5.37529
14525,3,843.095,3,867.804,0,0,5.37422
14526,3,843.095,3,866.647,4,0,5.37314
14527,3,843.095,3,865.248,0,0,5.37207
14528,3,843.095,3,865.248,4,2,5.371
14529,3,843.095,3,865.248,3,1,5.36992
14530,3,843.095,3,865.248,3,2,5.36885
14531,3,843.095,3,865.248,1,0,5.36777
14532,3,843.095,3,864.66,0,2,5.3667
14533,3,843.095,3,864.66,3,0,5.36563
14534,3,843.095,3,864.66,4,2,5.36455
14535,3,843.095,3,860.169,4,3,5.36348
14536,3,843.095,3,860.169,0,1,5.36241
14537,3,843.095,3,860.169,2,2,5.36133
14538,3,843.095,3,858.893,4,2,5.36026
14539,3,843.095,3,858.893,3,3,5.35919
14540,3,843.095,3,858.893,3,1,5.35812
14541,3,843.095,3,858.893,0,2,5.35705
14542,3,843.095,3,858.086,3,1,5.35598
14543,3,843.095,3,858.086,1,3,5.3549
14544,3,843.095,3,858.086,2,0,5.35383
14545,3,843.095,3,857.31,3,2,5.35276
14546,3,843.095,3,857.31,4,1,5.35169
14547,3,843.095,3,858.908,3,2,5.35062
14548,3,843.095,3,859.729,4,3,5.34955
14549,3,843.095,3,859.729,3,1,5.34848
14550,3,843.095,3,859.729,4,2,5.34741
14551,3,843.095,3,857.613,4,1,5.34634
14552,3,843.095,3,857.613,4,1,5.34527
14553,3,843.095,3,857.508,0,0,5.3442
14554,3,843.095,3,857.508,4,1,5.34314
14555,3,843.095,3,858.908,0,1,5.34207
14556,3,843.095,3,858.908,1,0,5.341
14557,3,843.095,3,858.908,4,0,5.33993
14558,3,843.095,3,858.908,2,3,5.33886
14559,3,843.095,3,858.908,1,1,5.33779
14560,3,843.095,3,858.908,0,0,5.33673
14561,3,843.095,3,857.215,4,0,5.33566
14562,3,843.095,3,857.215,0,0,5.33459
14563,3,843.095,3,857.215,3,2,5.33353
14564,3,843.095,3,857.215,2,3,5.33246
14565,3,843.095,3,857.215,1,1,5.33139
14566,3,843.095,3,857.215,1,3,5.33033
14567,3,843.095,3,855.816,3,3,5.32926
14568,3,843.095,3,855.816,1,3,5.32819
14569,3,843.095,3,855.816,2,0,5.32713
14570,3,843.095,3,855.816,2,0,5.32606
14571,3,843.095,3,855.816,4,0,5.325
14572,3,843.095,3,855.816,1,0,5.32393
14573,3,843.095,3,855.816,0,0,5.32287
14574,3,843.095,3,854.426,0,1,5.3218
14575,3,843.095,3,854.426,2,3,5.32074
14576,3,843.095,3,854.426,1,1,5.31968
14577,3,843.095,3,854.426,4,1,5.31861
14578,3,843.095,3,854.69,4,2,5.31755
14579,3,843.095,3,854.69,0,2,5.31648
14580,3,843.095,3,854.69,1,1,5.31542
14581,3,843.095,3,854.69,4,1,5.31436
14582,3,843.095,3,854.69,4,3,5.31329
14583,3,843.095,3,854.69,3,2,5.31223
14584,3,843.095,3,854.795,0,1,5.31117
14585,3,843.095,3,854.795,0,2,5.31011
14586,3,843.095,3,854.795,1,3,5.30905
14587,3,843.095,3,854.795,4,1,5.30798
14588,3,843.095,3,854.795,1,2,5.30692
14589,3,843.095,3,854.795,0,1,5.30586
14590,3,843.095,3,854.795,0,1,5.3048
14591,3,843.095,3,854.795,4,0,5.30374
14592,3,843.095,3,854.795,4,3,5.30268
14593,3,843.095,3,854.795,1,0,5.30162
14594,3,843.095,3,854.795,0,0,5.30056
14595,3,843.095,3,854.795,4,3,5.2995
14596,3,843.095,3,854.795,0,1,5.29844
14597,3,843.095,3,854.058,0,1,5.29738
14598,3,843.095,3,853.954,0,0,5.29632
14599,3,843.095,3,853.954,2,2,5.29526
14600,3,843.095,3,853.954,1,3,5.2942
14601,3,843.095,3,853.954,4,0,5.29314
14602,3,843.095,3,853.057,4,3,5.29208
14603,3,843.095,3,853.057,1,2,5.29102
14604,3,843.095,3,853.057,4,2,5.28997
14605,3,843.095,3,853.057,1,1,5.28891
14606,3,843.095,3,853.057,4,3,5.28785
14607,3,843.095,3,853.057,1,3,5.28679
14608,3,843.095,3,854.706,3,0,5.28573
14609,3,843.095,3,854.706,2,3,5.28468
14610,3,843.095,3,854.706,2,2,5.28362
14611,3,843.095,3,854.706,4,0,5.28256
14612,3,843.095,3,853.057,3,3,5.28151
14613,3,843.095,3,853.057,0,1,5.28045
14614,3,843.095,3,853.829,0,0,5.27939
14615,3,843.095,3,853.829,4,0,5.27834
14616,3,843.095,3,856.166,3,0,5.27728
14617,3,843.095,3,856.166,2,0,5.27623
14618,3,843.095,3,856.166,1,0,5.27517
14619,3,843.095,3,856.166,4,3,5.27412
14620,3,843.095,3,856.166,1,2,5.27306
14621,3,843.095,3,856.166,3,1,5.27201
14622,3,843.095,3,856.166,4,3,5.27095
14623,3,843.095,3,856.166,1,2,5.2699
14624,3,843.095,3,856.166,4,1,5.26885
14625,3,843.095,3,856.166,0,3,5.26779
14626,3,843.095,3,856.166,0,3,5.26674
14627,3,843.095,3,856.335,3,2,5.26568
14628,3,843.095,3,856.335,1,1,5.26463
14629,3,843.095,3,856.335,0,0,5.26358
14630,3,843.095,3,856.335,4,0,5.26253
14631,3,843.095,3,856.335,0,0,5.26147
14632,3,843.095,3,856.335,2,0,5.26042
14633,3,843.095,3,856.335,2,2,5.25937
14634,3,843.095,3,856.335,1,3,5.25832
14635,3,843.095,3,856.335,2,3,5.25727
14636,3,843.095,3,856.335,1,1,5.25621
14637,3,843.095,3,856.335,4,0,5.25516
14638,3,843.095,3,856.335,0,1,5.25411
14639,3,843.095,3,856.166,2,0,5.25306
14640,3,843.095,3,856.166,2,0,5.25201
14641,3,843.095,3,856.166,2,1,5.25096
14642,3,843.095,3,856.166,3,1,5.24991
14643,3,843.095,3,856.166,0,2,5.24886
14644,3,843.095,3,856.166,1,3,5.24781
14645,3,843.095,3,856.166,1,0,5.24676
14646,3,843.095,3,856.166,4,2,5.24571
14647,3,843.095,3,856.166,4,0,5.24466
14648,3,843.095,3,856.166,2,1,5.24361
14649,3,843.095,3,856.166,0,1,5.24256
14650,3,843.095,3,856.166,1,0,5.24152
14651,3,843.095,3,856.166,1,1,5.24047
14652,3,843.095,3,856.166,2,0,5.23942
14653,3,843.095,3,856.166,1,3,5.23837
14654,3,843.095,3,856.166,1,2,5.23732
14655,3,843.095,3,856.166,1,0,5.23628
14656,3,843.095,3,856.972,3,1,5.23523
14657,3,843.095,3,856.972,1,2,5.23418
14658,3,843.095,3,856.972,2,3,5.23314
14659,3,843.095,3,856.972,2,3,5.23209
14660,3,843.095,3,856.972,1,0,5.23104
14661,3,843.095,3,856.972,3,3,5.23
14662,3,843.095,3,856.972,3,3,5.22895
14663,3,843.095,3,856.972,1,1,5.2279
14664,3,843.095,3,856.972,3,1,5.22686
14665,3,843.095,3,856.166,2,1,5.22581
14666,3,843.095,3,856.166,1,1,5.22477
14667,3,843.095,3,856.166,3,3,5.22372
14668,3,843.095,3,856.166,3,1,5.22268
14669,3,843.095,3,856.166,2,0,5.22163
14670,3,843.095,3,856.166,4,2,5.22059
14671,3,843.095,3,856.166,4,0,5.21955
14672,3,843.095,3,856.166,0,1,5.2185
14673,3,843.095,3,856.166,1,3,5.21746
14674,3,843.095,3,858.072,4,3,5.21641
14675,3,843.095,3,858.072,4,2,5.21537
14676,3,843.095,3,858.072,2,1,5.21433
14677,3,843.095,3,858.072,0,1,5.21329
14678,3,843.095,3,858.072,3,1,5.21224
14679,3,843.095,3,858.072,1,2,5.2112
14680,3,843.095,3,858.072,4,3,5.21016
14681,3,843.095,3,856.166,0,1,5.20912
14682,3,843.095,3,856.166,1,0,5.20807
14683,3,843.095,3,856.166,0,2,5.20703
14684,3,843.095,3,856.166,2,3,5.20599
14685,3,843.095,3,856.166,2,1,5.20495
14686,3,843.095,3,856.166,4,0,5.20391
14687,3,843.095,3,856.166,4,3,5.20287
14688,3,843.095,3,856.166,4,2,5.20183
14689,3,843.095,3,856.166,1,0,5.20079
14690,3,843.095,3,857.565,3,3,5.19975
14691,3,843.095,3,857.565,2,3,5.19871
14692,3,843.095,3,857.565,1,1,5.19767
14693,3,843.095,3,857.565,0,0,5.19663
14694,3,843.095,3,857.565,0,0,5.19559
14695,3,843.095,3,857.565,0,1,5.19455
14696,3,843.095,3,857.565,0,1,5.19351
14697,3,843.095,3,857.565,4,2,5.19247
14698,3,843.095,3,857.565,3,2,5.19143
14699,3,843.095,3,857.565,0,2,5.19039
14700,3,843.095,3,857.565,3,2,5.18936
14701,3,843.095,3,857.565,3,0,5.18832
14702,3,843.095,3,857.565,4,2,5.18728
14703,3,843.095,3,857.565,2,2,5.18624
14704,3,843.095,3,857.565,3,0,5.18521
14705,3,843.095,3,857.565,2,2,5.18417
14706,3,843.095,3,858.031,3,0,5.18313
14707,3,843.095,3,858.031,0,3,5.1821
14708,3,843.095,3,858.031,1,2,5.18106
14709,3,843.095,3,858.031,0,0,5.18002
14710,3,843.095,3,858.031,3,2,5.17899
14711,3,843.095,3,858.031,2,2,5.17795
14712,3,843.095,3,858.031,4,0,5.17692
14713,3,843.095,3,858.031,0,1,5.17588
14714,3,843.095,3,858.348,0,2,5.17485
14715,3,843.095,3,858.348,1,1,5.17381
14716,3,843.095,3,858.348,1,2,5.17278
14717,3,843.095,3,862.28,2,3,5.17174
14718,3,843.095,3,862.28,0,2,5.17071
14719,3,843.095,3,862.28,1,1,5.16967
14720,3,843.095,3,862.28,4,0,5.16864
14721,3,843.095,3,862.28,0,3,5.1676
14722,3,843.095,3,861.746,4,0,5.16657
14723,3,843.095,3,857.565,2,2,5.16554
14724,3,843.095,3,857.565,3,0,5.16451
14725,3,843.095,3,857.565,3,0,5.16347
14726,3,843.095,3,857.565,2,2,5.16244
14727,3,843.095,3,857.565,3,0,5.16141
14728,3,843.095,3,857.565,1,3,5.16037
14729,3,843.095,3,857.565,2,0,5.15934
14730,3,843.095,3,857.565,2,2,5.15831
14731,3,843.095,3,857.565,2,3,5.15728
14732,3,843.095,3,857.565,1,1,5.15625
14733,3,843.095,3,857.565,4,2,5.15522
14734,3,843.095,3,857.565,3,0,5.15419
14735,3,843.095,3,857.882,3,0,5.15315
14736,3,843.095,3,857.882,0,0,5.15212
14737,3,843.095,3,857.882,2,1,5.15109
14738,3,843.095,3,857.882,3,2,5.15006
14739,3,843.095,3,857.882,1,0,5.14903
14740,3,843.095,3,857.882,4,0,5.148
14741,3,843.095,3,857.882,1,3,5.14697
14742,3,843.095,3,857.882,1,0,5.14594
14743,3,843.095,3,858.688,3,2,5.14492
14744,3,843.095,3,858.688,3,0,5.14389
14745,3,843.095,3,858.688,1,2,5.14286
14746,3,843.095,3,858.688,4,2,5.14183
14747,3,843.095,3,857.289,3,1,5.1408
14748,3,843.095,3,857.289,4,1,5.13977
14749,3,843.095,3,857.289,0,0,5.13874
14750,3,843.095,3,857.289,3,1,5.13772
14751,3,843.095,3,858.144,3,3,5.13669
14752,3,843.095,3,858.144,4,3,5.13566
14753,3,843.095,3,858.144,2,0,5.13463
14754,3,843.095,3,858.144,3,2,5.13361
14755,3,843.095,3,858.144,1,2,5.13258
14756,3,843.095,3,857.891,0,3,5.13155
14757,3,843.095,3,857.891,1,2,5.13053
14758,3,843.095,3,857.891,4,1,5.1295
14759,3,843.095,3,857.891,3,0,5.12848
14760,3,843.095,3,856.166,0,2,5.12745
14761,3,843.095,3,857.567,3,3,5.12642
14762,3,843.095,3,857.567,0,2,5.1254
14763,3,843.095,3,870.751,4,3,5.12437
14764,3,843.095,3,860.334,0,1,5.12335
14765,3,843.095,3,860.334,4,0,5.12233
14766,3,843.095,3,860.334,3,1,5.1213
14767,3,843.095,3,860.334,2,1,5.12028
14768,3,843.095,3,860.334,3,1,5.11925
14769,3,843.095,3,860.334,0,2,5.11823
14770,3,843.095,3,860.334,1,0,5.1172
14771,3,843.095,3,860.334,1,0,5.11618
14772,3,843.095,3,860.334,4,0,5.11516
14773,3,843.095,3,860.334,4,0,5.11414
14774,3,843.095,3,860.334,1,1,5.11311
14775,3,843.095,3,860.334,4,0,5.11209
14776,3,843.095,3,857.103,2,3,5.11107
14777,3,843.095,3,856.585,0,2,5.11004
14778,3,843.095,3,856.585,4,2,5.10902
14779,3,843.095,3,856.585,1,1,5.108
14780,3,843.095,3,856.754,0,3,5.10698
14781,3,843.095,3,856.754,2,1,5.10596
14782,3,843.095,3,856.754,4,1,5.10494
14783,3,843.095,3,856.754,4,1,5.10392
14784,3,843.095,3,856.754,0,2,5.1029
14785,3,843.095,3,856.754,1,0,5.10187
14786,3,843.095,3,856.754,2,3,5.10085
14787,3,843.095,3,856.649,0,0,5.09983
14788,3,843.095,3,856.649,1,1,5.09881
14789,3,843.095,3,856.649,1,2,5.09779
14790,3,843.095,3,856.649,4,1,5.09677
14791,3,843.095,3,856.649,1,3,5.09576
14792,3,843.095,3,855.259,4,1,5.09474
14793,3,843.095,3,855.259,2,3,5.09372
14794,3,843.095,3,855.259,2,2,5.0927
14795,3,843.095,3,855.259,1,2,5.09168
14796,3,843.095,3,855.259,1,1,5.09066
14797,3,843.095,3,855.259,3,2,5.08964
14798,3,843.095,3,855.407,3,3,5.08863
14799,3,843.095,3,857.601,3,0,5.08761
14800,3,843.095,3,857.601,1,3,5.08659
14801,3,843.095,3,855.916,4,2,5.08557
14802,3,843.095,3,855.916,1,1,5.08456
14803,3,843.095,3,855.916,0,2,5.08354
14804,3,843.095,3,855.916,4,0,5.08252
14805,3,843.095,3,855.916,0,1,5.08151
14806,3,843.095,3,855.916,3,0,5.08049
14807,3,843.095,3,855.916,1,0,5.07947
14808,3,843.095,3,855.916,0,2,5.07846
14809,3,843.095,3,855.916,1,0,5.07744
14810,3,843.095,3,855.916,4,1,5.07643
14811,3,843.095,3,858.973,2,0,5.07541
14812,3,843.095,3,858.973,2,3,5.0744
14813,3,843.095,3,858.973,2,2,5.07338
14814,3,843.095,3,858.973,0,2,5.07237
14815,3,843.095,3,858.973,3,0,5.07135
14816,3,843.095,3,858.973,3,2,5.07034
14817,3,843.095,3,858.973,1,0,5.06932
14818,3,843.095,3,858.973,0,1,5.06831
14819,3,843.095,3,858.656,3,1,5.0673
14820,3,843.095,3,858.921,0,1,5.06628
14821,3,843.095,3,861.547,2,3,5.06527
14822,3,843.095,3,861.547,3,0,5.06426
14823,3,843.095,3,861.547,4,2,5.06324
14824,3,843.095,3,861.547,0,1,5.06223
14825,3,843.095,3,860.65,0,1,5.06122
14826,3,843.095,3,858.024,4,0,5.06021
14827,3,843.095,3,858.024,2,0,5.05919
14828,3,843.095,3,858.024,1,1,5.05818
14829,3,843.095,3,858.024,1,0,5.05717
14830,3,843.095,3,858.024,2,0,5.05616
14831,3,843.095,3,859.674,0,3,5.05515
14832,3,843.095,3,858.921,0,0,5.05414
14833,3,843.095,3,858.921,0,0,5.05313
14834,3,843.095,3,858.921,1,2,5.05212
14835,3,843.095,3,859.026,4,1,5.05111
14836,3,843.095,3,861.142,4,0,5.05009
14837,3,843.095,3,861.142,0,1,5.04908
14838,3,843.095,3,860.298,3,3,5.04808
14839,3,843.095,3,860.298,4,0,5.04707
14840,3,843.095,3,866.947,3,1,5.04606
14841,3,843.095,3,866.947,4,1,5.04505
14842,3,843.095,3,866.947,4,2,5.04404
14843,3,843.095,3,866.947,3,2,5.04303
14844,3,843.095,3,866.947,1,2,5.04202
14845,3,843.095,3,865.349,0,1,5.04101
14846,3,843.095,3,865.349,2,2,5.04
14847,3,843.095,3,865.665,4,2,5.039
14848,3,843.095,3,865.665,2,3,5.03799
14849,3,843.095,3,864.033,4,0,5.03698
14850,3,843.095,3,863.717,4,3,5.03597
14851,3,843.095,3,863.717,1,3,5.03497
14852,3,843.095,3,863.717,4,3,5.03396
14853,3,843.095,3,863.177,4,3,5.03295
14854,3,843.095,3,863.494,0,0,5.03195
14855,3,843.095,3,863.494,3,2,5.03094
14856,3,843.095,3,863.494,1,1,5.02993
14857,3,843.095,3,863.494,1,1,5.02893
14858,3,843.095,3,857.345,3,0,5.02792
14859,3,843.095,3,857.029,0,3,5.02692
14860,3,843.095,3,857.029,0,0,5.02591
14861,3,843.095,3,857.029,0,0,5.0249
14862,3,843.095,3,857.029,2,2,5.0239
14863,3,843.095,3,857.029,0,1,5.0229
14864,3,843.095,3,857.029,1,3,5.02189
14865,3,843.095,3,857.029,4,2,5.02089
14866,3,843.095,3,857.029,4,3,5.01988
14867,3,843.095,3,857.029,3,2,5.01888
14868,3,843.095,3,857.029,0,2,5.01787
14869,3,843.095,3,857.029,1,2,5.01687
14870,3,843.095,3,857.029,0,1,5.01587
14871,3,843.095,3,857.029,4,2,5.01486
14872,3,843.095,3,857.029,2,0,5.01386
14873,3,843.095,3,857.029,1,3,5.01286
14874,3,843.095,3,857.029,3,2,5.01186
14875,3,843.095,3,857.029,1,3,5.01085
14876,3,843.095,3,857.029,0,0,5.00985
14877,3,843.095,3,857.029,4,3,5.00885
14878,3,843.095,3,857.029,0,1,5.00785
14879,3,843.095,3,857.265,0,2,5.00685
14880,3,843.095,3,857.265,1,0,5.00584
14881,3,843.095,3,857.265,0,2,5.00484
14882,3,843.095,3,857.265,4,3,5.00384
14883,3,843.095,3,857.265,3,2,5.00284
14884,3,843.095,3,857.029,0,2,5.00184
14885,3,843.095,3,857.029,1,2,5.00084
14886,3,843.095,3,857.029,2,0,4.99984
14887,3,843.095,3,857.029,3,0,4.99884
14888,3,843.095,3,857.029,2,3,4.99784
14889,3,843.095,3,857.029,3,0,4.99684
14890,3,843.095,3,857.029,1,3,4.99584
14891,3,843.095,3,857.029,4,2,4.99484
14892,3,843.095,3,859.365,3,0,4.99384
14893,3,843.095,3,859.365,3,3,4.99284
14894,3,843.095,3,859.365,4,2,4.99185
14895,3,843.095,3,859.365,3,1,4.99085
14896,3,843.095,3,859.365,3,0,4.98985
14897,3,843.095,3,859.365,0,0,4.98885
14898,3,843.095,3,859.365,3,3,4.98785
14899,3,843.095,3,859.365,2,1,4.98686
14900,3,843.095,3,859.365,0,2,4.98586
14901,3,843.095,3,859.682,0,0,4.98486
14902,3,843.095,3,859.682,1,0,4.98387
14903,3,843.095,3,859.682,3,1,4.98287
14904,3,843.095,3,859.682,2,1,4.98187
14905,3,843.095,3,859.682,1,1,4.98088
14906,3,843.095,3,859.682,4,2,4.97988
14907,3,843.095,3,859.682,1,2,4.97888
14908,3,843.095,3,859.682,3,3,4.97789
14909,3,843.095,3,861.707,2,3,4.97689
14910,3,843.095,3,861.707,1,0,4.9759
14911,3,843.095,3,861.707,4,1,4.9749
14912,3,843.095,3,861.707,4,2,4.97391
14913,3,843.095,3,861.173,4,2,4.97291
14914,3,843.095,3,861.173,3,3,4.97192
14915,3,843.095,3,861.173,4,0,4.97092
14916,3,843.095,3,861.173,1,0,4.96993
14917,3,843.095,3,861.173,3,1,4.96893
14918,3,843.095,3,861.173,1,1,4.96794
14919,3,843.095,3,861.173,1,0,4.96695
14920,3,843.095,3,861.173,1,1,4.96595
14921,3,843.095,3,861.173,4,3,4.96496
14922,3,843.095,3,861.173,1,2,4.96397
14923,3,843.095,3,861.173,0,0,4.96297
14924,3,843.095,3,861.173,1,1,4.96198
14925,3,843.095,3,861.173,2,0,4.96099
14926,3,843.095,3,861.173,0,3,4.96
14927,3,843.095,3,861.173,4,0,4.95901
14928,3,843.095,3,861.173,0,1,4.95801
14929,3,843.095,3,861.173,2,2,4.95702
14930,3,843.095,3,860.856,3,1,4.95603
14931,3,843.095,3,860.856,2,0,4.95504
14932,3,843.095,3,860.856,0,3,4.95405
14933,3,843.095,3,860.856,3,1,4.95306
14934,3,843.095,3,860.856,3,2,4.95207
14935,3,843.095,3,860.856,3,2,4.95108
14936,3,843.095,3,860.856,3,3,4.95009
14937,3,843.095,3,860.856,4,1,4.9491
14938,3,843.095,3,860.856,0,1,4.94811
14939,3,843.095,3,860.856,4,1,4.94712
14940,3,843.095,3,865.438,4,2,4.94613
14941,3,843.095,3,865.438,3,2,4.94514
14942,3,843.095,3,865.438,1,2,4.94415
14943,3,843.095,3,865.438,1,2,4.94316
14944,3,843.095,3,865.438,0,2,4.94217
14945,3,843.095,3,865.438,3,3,4.94118
14946,3,843.095,3,865.497,2,3,4.9402
14947,3,843.095,3,862.315,4,0,4.93921
14948,3,843.095,3,859.365,3,1,4.93822
14949,3,843.095,3,859.365,4,3,4.93723
14950,3,843.095,3,861.579,2,2,4.93624
14951,3,843.095,3,861.579,1,1,4.93526
14952,3,843.095,3,861.579,4,0,4.93427
14953,3,843.095,3,861.579,3,1,4.93328
14954,3,843.095,3,861.579,1,3,4.9323
14955,3,843.095,3,861.579,1,0,4.93131
14956,3,843.095,3,861.579,1,2,4.93032
14957,3,843.095,3,861.579,3,1,4.92934
14958,3,843.095,3,861.579,1,1,4.92835
14959,3,843.095,3,861.579,2,2,4.92737
14960,3,843.095,3,861.579,1,2,4.92638
14961,3,843.095,3,863.773,0,3,4.9254
14962,3,843.095,3,863.773,3,2,4.92441
14963,3,843.095,3,863.773,2,2,4.92343
14964,3,843.095,3,863.773,1,2,4.92244
14965,3,843.095,3,863.387,4,0,4.92146
14966,3,843.095,3,863.387,2,3,4.92047
14967,3,843.095,3,864.976,3,0,4.91949
14968,3,843.095,3,864.976,1,0,4.9185
14969,3,843.095,3,865.362,4,0,4.91752
14970,3,843.095,3,865.362,2,2,4.91654
14971,3,843.095,3,864.107,2,2,4.91555
14972,3,843.095,3,864.107,3,2,4.91457
14973,3,843.095,3,864.107,1,2,4.91359
14974,3,843.095,3,866.571,3,3,4.9126
14975,3,843.095,3,866.571,1,3,4.91162
14976,3,843.095,3,866.571,4,3,4.91064
14977,3,843.095,3,866.74,3,2,4.90966
14978,3,843.095,3,863.581,4,3,4.90868
14979,3,843.095,3,863.581,3,3,4.90769
14980,3,843.095,3,861.117,2,0,4.90671
14981,3,843.095,3,861.117,2,1,4.90573
14982,3,843.095,3,861.117,0,0,4.90475
14983,3,843.095,3,860.881,2,0,4.90377
14984,3,843.095,3,860.881,2,0,4.90279
14985,3,843.095,3,860.881,4,2,4.90181
14986,3,843.095,3,860.881,2,1,4.90083
14987,3,843.095,3,860.881,4,0,4.89985
14988,3,843.095,3,858.667,4,1,4.89887
14989,3,843.095,3,858.667,2,3,4.89789
14990,3,843.095,3,858.667,4,0,4.89691
14991,3,843.095,3,858.667,3,1,4.89593
14992,3,843.095,3,858.667,2,1,4.89495
14993,3,843.095,3,858.667,1,3,4.89397
14994,3,843.095,3,858.667,0,3,4.89299
14995,3,843.095,3,860.066,4,0,4.89201
14996,3,843.095,3,860.066,1,3,4.89103
14997,3,843.095,3,860.066,0,0,4.89006
14998,3,843.095,3,860.066,1,1,4.88908
14999,3,843.095,3,860.066,3,2,4.8881
15000,3,843.095,3,858.903,0,2,4.88712
15001,3,843.095,3,858.903,4,1,4.88615
15002,3,843.095,3,858.903,4,0,4.88517
15003,3,843.095,3,858.903,2,1,4.88419
15004,3,843.095,3,858.903,1,3,4.88321
15005,3,843.095,3,858.903,1,0,4.88224
15006,3,843.095,3,858.667,0,3,4.88126
15007,3,843.095,3,858.667,0,0,4.88028
15008,3,843.095,3,858.8,3,2,4.87931
15009,3,843.095,3,858.8,1,0,4.87833
15010,3,843.095,3,855.556,3,1,4.87736
15011,3,843.095,3,855.556,2,1,4.87638
15012,3,843.095,3,855.556,1,2,4.87541
15013,3,843.095,3,857.559,4,3,4.87443
15014,3,843.095,3,857.559,3,0,4.87346
15015,3,843.095,3,856.284,3,1,4.87248
15016,3,843.095,3,856.284,3,1,4.87151
15017,3,843.095,3,857.683,3,3,4.87053
15018,3,843.095,3,856.877,3,2,4.86956
15019,3,843.095,3,856.877,3,3,4.86859
15020,3,843.095,3,856.981,0,2,4.86761
15021,3,843.095,3,856.981,1,3,4.86664
15022,3,843.095,3,856.981,2,1,4.86566
15023,3,843.095,3,854.698,0,1,4.86469
15024,3,843.095,3,854.698,2,2,4.86372
15025,3,843.095,3,854.698,1,1,4.86275
15026,3,843.095,3,854.698,1,1,4.86177
15027,3,843.095,3,854.698,1,2,4.8608
15028,3,843.095,3,854.698,3,0,4.85983
15029,3,843.095,3,854.698,2,2,4.85886
15030,3,843.095,3,854.698,4,1,4.85788
15031,3,843.095,3,854.698,3,2,4.85691
15032,3,843.095,3,854.867,2,2,4.85594
15033,3,843.095,3,854.867,1,2,4.85497
15034,3,843.095,3,854.867,1,3,4.854
15035,3,843.095,3,854.867,3,3,4.85303
15036,3,843.095,3,854.867,3,3,4.85206
15037,3,843.095,3,854.867,0,0,4.85109
15038,3,843.095,3,854.867,0,1,4.85012
15039,3,843.095,3,854.481,0,1,4.84915
15040,3,843.095,3,854.164,0,3,4.84818
15041,3,843.095,3,854.164,1,0,4.84721
15042,3,843.095,3,854.164,1,3,4.84624
15043,3,843.095,3,854.164,1,1,4.84527
15044,3,843.095,3,854.164,0,2,4.8443
15045,3,843.095,3,854.164,2,3,4.84333
15046,3,843.095,3,854.164,2,0,4.84236
15047,3,843.095,3,852.763,4,3,4.84139
15048,3,843.095,3,856.534,2,3,4.84043
15049,3,843.095,3,855.781,4,2,4.83946
15050,3,843.095,3,853.229,4,2,4.83849
15051,3,843.095,3,853.229,3,2,4.83752
15052,3,843.095,3,853.06,2,0,4.83656
15053,3,843.095,3,853.06,2,0,4.83559
15054,3,843.095,3,852.955,4,1,4.83462
15055,3,843.095,3,852.955,1,3,4.83365
15056,3,843.095,3,852.955,3,2,4.83269
15057,3,843.095,3,852.955,1,0,4.83172
15058,3,843.095,3,852.955,4,0,4.83075
15059,3,843.095,3,852.955,3,0,4.82979
15060,3,843.095,3,857.539,4,0,4.82882
15061,3,843.095,3,857.855,2,2,4.82786
15062,3,843.095,3,857.855,2,1,4.82689
15063,3,843.095,3,857.855,4,3,4.82593
15064,3,843.095,3,857.855,1,0,4.82496
15065,3,843.095,3,857.855,3,0,4.824
15066,3,843.095,3,857.855,2,2,4.82303
15067,3,843.095,3,857.855,3,0,4.82207
15068,3,843.095,3,857.855,2,1,4.8211
15069,3,843.095,3,857.855,2,3,4.82014
15070,3,843.095,3,857.855,1,3,4.81917
15071,3,843.095,3,857.855,1,0,4.81821
15072,3,843.095,3,857.855,0,0,4.81725
15073,3,843.095,3,857.855,2,0,4.81628
15074,3,843.095,3,857.855,0,1,4.81532
15075,3,843.095,3,857.855,4,0,4.81436
15076,3,843.095,3,857.855,4,1,4.81339
15077,3,843.095,3,857.855,4,0,4.81243
15078,3,843.095,3,857.855,4,2,4.81147
15079,3,843.095,3,853.272,4,1,4.81051
15080,3,843.095,3,853.272,1,3,4.80954
15081,3,843.095,3,853.272,0,1,4.80858
15082,3,843.095,3,853.272,1,2,4.80762
15083,3,843.095,3,852.806,3,3,4.80666
15084,3,843.095,3,852.806,3,3,4.8057
15085,3,843.095,3,852.806,3,2,4.80474
15086,3,843.095,3,852.806,3,3,4.80377
15087,3,843.095,3,852.806,4,2,4.80281
15088,3,843.095,3,857.279,4,2,4.80185
15089,3,843.095,3,857.448,0,3,4.80089
15090,3,843.095,3,857.448,1,2,4.79993
15091,3,843.095,3,857.448,1,2,4.79897
15092,3,843.095,3,857.448,1,1,4.79801
15093,3,843.095,3,857.448,4,3,4.79705
15094,3,843.095,3,855.417,2,0,4.79609
15095,3,843.095,3,855.417,0,2,4.79513
15096,3,843.095,3,855.521,3,3,4.79418
15097,3,843.095,3,855.521,1,1,4.79322
15098,3,843.095,3,855.521,1,3,4.79226
15099,3,843.095,3,856.69,4,3,4.7913
15100,3,843.095,3,856.521,0,0,4.79034
15101,3,843.095,3,856.521,1,1,4.78938
15102,3,843.095,3,855.945,2,0,4.78843
15103,3,843.095,3,855.945,0,0,4.78747
15104,3,843.095,3,855.945,0,0,4.78651
15105,3,843.095,3,851.587,4,3,4.78555
15106,3,843.095,3,851.587,0,2,4.7846
15107,3,843.095,3,851.27,2,1,4.78364
15108,3,843.095,3,851.27,1,1,4.78268
15109,3,843.095,3,851.045,3,3,4.78173
15110,3,843.095,3,851.045,1,1,4.78077
15111,3,843.095,3,851.562,0,3,4.77981
15112,3,843.095,3,851.562,4,1,4.77886
15113,3,843.095,3,851.562,3,3,4.7779
15114,3,843.095,3,851.996,3,2,4.77695
15115,3,843.095,3,851.996,4,1,4.77599
15116,3,843.095,3,851.996,1,0,4.77504
15117,3,843.095,3,851.996,1,0,4.77408
15118,3,843.095,3,851.996,1,0,4.77313
15119,3,843.095,3,851.562,4,1,4.77217
15120,3,843.095,3,851.562,1,2,4.77122
15121,3,843.095,3,851.562,3,1,4.77026
15122,3,843.095,3,851.879,2,3,4.76931
15123,3,843.095,3,851.879,1,2,4.76835
15124,3,843.095,3,851.879,1,3,4.7674
15125,3,843.095,3,851.879,2,2,4.76645
15126,3,843.095,3,851.879,2,1,4.76549
15127,3,843.095,3,851.879,2,1,4.76454
15128,3,843.095,3,852.105,0,3,4.76359
15129,3,843.095,3,857.116,3,3,4.76264
15130,3,843.095,3,857.116,1,1,4.76168
15131,3,843.095,3,857.116,2,1,4.76073
15132,3,843.095,3,857.116,2,3,4.75978
15133,3,843.095,3,857.116,1,1,4.75883
15134,3,843.095,3,857.116,0,1,4.75787
15135,3,843.095,3,856.969,3,2,4.75692
15136,3,843.095,3,856.969,4,1,4.75597
15137,3,843.095,3,856.969,1,1,4.75502
15138,3,843.095,3,856.969,1,0,4.75407
15139,3,843.095,3,856.969,0,2,4.75312
15140,3,843.095,3,856.969,1,1,4.75217
15141,3,843.095,3,856.8,3,2,4.75122
15142,3,843.095,3,854.201,2,3,4.75027
15143,3,843.095,3,854.201,4,2,4.74932
15144,3,843.095,3,851.788,3,1,4.74837
15145,3,843.095,3,851.788,0,2,4.74742
15146,3,843.095,3,859.614,3,0,4.74647
15147,3,843.095,3,860.08,2,3,4.74552
15148,3,843.095,3,860.08,3,0,4.74457
15149,3,843.095,3,860.08,2,1,4.74362
15150,3,843.095,3,852.254,3,3,4.74267
15151,3,843.095,3,852.029,0,2,4.74172
15152,3,843.095,3,852.029,1,3,4.74078
15153,3,843.095,3,852.029,1,1,4.73983
15154,3,843.095,3,852.029,1,0,4.73888
15155,3,843.095,3,852.029,3,1,4.73793
15156,3,843.095,3,852.029,4,3,4.73698
15157,3,843.095,3,852.029,1,3,4.73604
15158,3,843.095,3,851.511,0,2,4.73509
15159,3,843.095,3,851.511,2,1,4.73414
15160,3,843.095,3,851.511,4,1,4.7332
15161,3,843.095,3,851.511,2,1,4.73225
15162,3,843.095,3,851.511,1,3,4.7313
15163,3,843.095,3,851.045,0,2,4.73036
15164,3,843.095,3,849.645,0,1,4.72941
15165,3,843.095,3,849.645,1,3,4.72846
15166,3,843.095,3,849.645,1,2,4.72752
15167,3,843.095,3,849.645,0,0,4.72657
15168,3,843.095,3,849.962,0,3,4.72563
15169,3,843.095,3,850.395,0,3,4.72468
15170,3,843.095,3,849.645,0,1,4.72374
15171,3,843.095,3,849.645,4,3,4.72279
15172,3,843.095,3,850.163,3,3,4.72185
15173,3,843.095,3,850.163,1,2,4.7209
15174,3,843.095,3,850.163,3,0,4.71996
15175,3,843.095,3,850.163,2,1,4.71902
15176,3,843.095,3,850.163,1,0,4.71807
15177,3,843.095,3,851.562,3,3,4.71713
15178,3,843.095,3,851.562,4,2,4.71618
15179,3,843.095,3,851.562,1,3,4.71524
15180,3,843.095,3,851.562,4,2,4.7143
15181,3,843.095,3,851.562,1,0,4.71336
15182,3,843.095,3,851.879,3,2,4.71241
15183,3,843.095,3,850.48,3,2,4.71147
15184,3,843.095,3,849.962,0,3,4.71053
15185,3,843.095,3,849.962,2,1,4.70959
15186,3,843.095,3,849.962,3,0,4.70864
15187,3,843.095,3,849.962,4,0,4.7077
15188,3,843.095,3,849.962,4,1,4.70676
15189,3,843.095,3,849.962,0,0,4.70582
15190,3,843.095,3,850.072,3,3,4.70488
15191,3,843.095,3,849.968,0,0,4.70394
15192,3,843.095,3,849.968,4,0,4.703
15193,3,843.095,3,849.968,4,2,4.70206
15194,3,843.095,3,850.59,4,3,4.70112
15195,3,843.095,3,849.968,4,3,4.70018
15196,3,843.095,3,850.74,0,0,4.69924
15197,3,843.095,3,850.74,0,3,4.6983
15198,3,843.095,3,850.74,2,3,4.69736
15199,3,843.095,3,850.74,1,0,4.69642
15200,3,843.095,3,850.74,2,1,4.69548
15201,3,843.095,3,850.74,1,0,4.69454
15202,3,843.095,3,850.74,3,2,4.6936
15203,3,843.095,3,850.629,0,3,4.69266
15204,3,843.095,3,850.629,0,2,4.69172
15205,3,843.095,3,850.629,1,2,4.69078
15206,3,843.095,3,849.962,4,1,4.68985
15207,3,843.095,3,849.962,0,1,4.68891
15208,3,843.095,3,849.962,1,1,4.68797
15209,3,843.095,3,850.783,0,3,4.68703
15210,3,843.095,3,850.783,3,2,4.68609
15211,3,843.095,3,850.679,4,2,4.68516
15212,3,843.095,3,850.679,2,2,4.68422
15213,3,843.095,3,850.679,0,2,4.68328
15214,3,843.095,3,850.679,4,2,4.68235
15215,3,843.095,3,849.968,3,3,4.68141
15216,3,843.095,3,849.968,3,1,4.68047
15217,3,843.095,3,849.968,1,1,4.67954
15218,3,843.095,3,849.968,2,0,4.6786
15219,3,843.095,3,849.968,1,3,4.67767
15220,3,843.095,3,849.54,2,3,4.67673
15221,3,843.095,3,849.54,1,2,4.6758
15222,3,843.095,3,849.54,1,3,4.67486
15223,3,843.095,3,849.54,1,3,4.67393
15224,3,843.095,3,849.645,4,1,4.67299
15225,3,843.095,3,849.645,4,3,4.67206
15226,3,843.095,3,849.645,3,2,4.67112
15227,3,843.095,3,849.645,1,2,4.67019
15228,3,843.095,3,849.645,2,2,4.66925
15229,3,843.095,3,849.645,1,0,4.66832
15230,3,843.095,3,849.645,0,2,4.66739
15231,3,843.095,3,849.645,1,3,4.66645
15232,3,843.095,3,849.54,2,2,4.66552
15233,3,843.095,3,849.54,0,2,4.66459
15234,3,843.095,3,849.54,4,3,4.66365
15235,3,843.095,3,849.54,4,1,4.66272
15236,3,843.095,3,849.645,0,3,4.66179
15237,3,843.095,3,849.645,0,0,4.66086
15238,3,843.095,3,849.645,3,3,4.65992
15239,3,843.095,3,849.645,1,1,4.65899
15240,3,843.095,3,849.645,4,2,4.65806
15241,3,843.095,3,849.645,0,3,4.65713
15242,3,843.095,3,849.645,4,0,4.6562
15243,3,843.095,3,849.645,0,2,4.65527
15244,3,843.095,3,849.645,1,0,4.65433
15245,3,843.095,3,849.645,2,0,4.6534
15246,3,843.095,3,849.645,3,2,4.65247
15247,3,843.095,3,849.645,0,1,4.65154
15248,3,843.095,3,849.645,2,3,4.65061
15249,3,843.095,3,849.645,4,0,4.64968
15250,3,843.095,3,849.645,2,3,4.64875
15251,3,843.095,3,849.645,1,0,4.64782
15252,3,843.095,3,849.645,1,0,4.64689
15253,3,843.095,3,849.645,4,2,4.64596
15254,3,843.095,3,849.645,3,2,4.64503
15255,3,843.095,3,849.54,4,0,4.6441
15256,3,843.095,3,849.651,3,2,4.64318
15257,3,843.095,3,849.651,0,1,4.64225
15258,3,843.095,3,849.651,2,0,4.64132
15259,3,843.095,3,849.54,0,0,4.64039
15260,3,843.095,3,849.54,3,0,4.63946
15261,3,843.095,3,849.645,0,1,4.63853
15262,3,843.095,3,849.645,3,3,4.63761
15263,3,843.095,3,849.645,4,0,4.63668
15264,3,843.095,3,849.962,3,3,4.63575
15265,3,843.095,3,849.857,0,3,4.63483
15266,3,843.095,3,849.857,2,1,4.6339
15267,3,843.095,3,849.857,0,0,4.63297
15268,3,843.095,3,849.857,2,0,4.63204
15269,3,843.095,3,849.857,1,2,4.63112
15270,3,843.095,3,849.857,0,0,4.63019
15271,3,843.095,3,849.857,1,3,4.62927
15272,3,843.095,3,849.857,3,0,4.62834
15273,3,843.095,3,849.857,1,2,4.62741
15274,3,843.095,3,849.962,3,3,4.62649
15275,3,843.095,3,849.962,1,1,4.62556
15276,3,843.095,3,852.723,0,3,4.62464
15277,3,843.095,3,854.122,3,0,4.62371
15278,3,843.095,3,854.555,3,2,4.62279
15279,3,843.095,3,857.918,2,3,4.62186
15280,3,843.095,3,851.186,2,2,4.62094
15281,3,843.095,3,851.082,2,2,4.62002
15282,3,843.095,3,851.082,0,0,4.61909
15283,3,843.095,3,851.082,1,1,4.61817
15284,3,843.095,3,851.888,3,0,4.61724
15285,3,843.095,3,851.502,3,3,4.61632
15286,3,843.095,3,851.502,1,2,4.6154
15287,3,843.095,3,851.502,1,1,4.61447
15288,3,843.095,3,851.411,3,1,4.61355
15289,3,843.095,3,851.411,0,3,4.61263
15290,3,843.095,3,851.411,0,1,4.61171
15291,3,843.095,3,851.411,3,2,4.61078
15292,3,843.095,3,852.084,2,0,4.60986
15293,3,843.095,3,852.084,1,3,4.60894
15294,3,843.095,3,852.084,1,0,4.60802
15295,3,843.095,3,852.084,1,0,4.6071
15296,3,843.095,3,852.084,1,2,4.60618
15297,3,843.095,3,852.084,2,1,4.60525
15298,3,843.095,3,852.084,1,1,4.60433
15299,3,843.095,3,852.084,4,0,4.60341
15300,3,843.095,3,852.084,3,3,4.60249
15301,3,843.095,3,851.768,0,2,4.60157
15302,3,843.095,3,851.768,1,0,4.60065
15303,3,843.095,3,851.859,0,2,4.59973
15304,3,843.095,3,851.859,4,0,4.59881
15305,3,843.095,3,851.859,4,1,4.59789
15306,3,843.095,3,853.457,4,2,4.59697
15307,3,843.095,3,853.774,4,0,4.59605
15308,3,843.095,3,853.774,0,3,4.59513
15309,3,843.095,3,861.266,4,0,4.59421
15310,3,843.095,3,859.668,2,1,4.59329
15311,3,843.095,3,860.88,4,0,4.59238
15312,3,843.095,3,860.88,3,1,4.59146
15313,3,843.095,3,860.88,3,1,4.59054
15314,3,843.095,3,860.88,2,0,4.58962
15315,3,843.095,3,860.27,2,3,4.5887
15316,3,843.095,3,860.27,3,3,4.58779
15317,3,843.095,3,852.778,3,3,4.58687
15318,3,843.095,3,852.176,3,1,4.58595
15319,3,843.095,3,852.084,3,1,4.58503
15320,3,843.095,3,854.104,4,3,4.58412
15321,3,843.095,3,854.104,4,3,4.5832
15322,3,843.095,3,854.104,1,0,4.58228
15323,3,843.095,3,854.104,2,1,4.58137
15324,3,843.095,3,854.104,0,1,4.58045
15325,3,843.095,3,854.104,1,2,4.57953
15326,3,843.095,3,854.104,4,1,4.57862
15327,3,843.095,3,854.104,2,3,4.5777
15328,3,843.095,3,854.104,3,0,4.57679
15329,3,843.095,3,854.104,1,3,4.57587
15330,3,843.095,3,854.104,3,0,4.57496
15331,3,843.095,3,854.104,1,1,4.57404
15332,3,843.095,3,854.421,4,0,4.57313
15333,3,843.095,3,854.421,4,2,4.57221
15334,3,843.095,3,854.421,4,3,4.5713
15335,3,843.095,3,854.421,2,0,4.57038
15336,3,843.095,3,854.421,3,0,4.56947
15337,3,843.095,3,854.421,4,0,4.56856
15338,3,843.095,3,854.421,1,2,4.56764
15339,3,843.095,3,854.421,3,2,4.56673
15340,3,843.095,3,854.421,2,3,4.56581
15341,3,843.095,3,854.421,0,2,4.5649
15342,3,843.095,3,854.532,2,3,4.56399
15343,3,843.095,3,854.215,4,1,4.56308
15344,3,843.095,3,854.215,0,1,4.56216
15345,3,843.095,3,854.215,4,2,4.56125
15346,3,843.095,3,854.215,2,1,4.56034
15347,3,843.095,3,854.215,3,3,4.55943
15348,3,843.095,3,854.215,1,2,4.55851
15349,3,843.095,3,854.451,4,0,4.5576
15350,3,843.095,3,854.104,4,1,4.55669
15351,3,843.095,3,854.104,3,1,4.55578
15352,3,843.095,3,851.768,3,2,4.55487
15353,3,843.095,3,851.768,0,3,4.55396
15354,3,843.095,3,851.768,4,2,4.55305
15355,3,843.095,3,851.768,3,0,4.55214
15356,3,843.095,3,851.768,4,0,4.55123
15357,3,843.095,3,851.768,1,1,4.55032
15358,3,843.095,3,851.768,1,2,4.54941
15359,3,843.095,3,852.212,3,0,4.5485
15360,3,843.095,3,852.212,2,0,4.54759
15361,3,843.095,3,852.212,3,1,4.54668
15362,3,843.095,3,852.212,1,2,4.54577
15363,3,843.095,3,852.212,3,1,4.54486
15364,3,843.095,3,852.212,1,3,4.54395
15365,3,843.095,3,852.212,1,3,4.54304
15366,3,843.095,3,852.212,0,2,4.54213
15367,3,843.095,3,852.212,3,1,4.54122
15368,3,843.095,3,852.212,4,3,4.54031
15369,3,843.095,3,862.704,4,0,4.53941
15370,3,843.095,3,862.704,1,0,4.5385
15371,3,843.095,3,862.94,2,3,4.53759
15372,3,843.095,3,862.94,3,1,4.53668
15373,3,843.095,3,859.04,4,3,4.53578
15374,3,843.095,3,858.804,2,1,4.53487
15375,3,843.095,3,858.804,1,0,4.53396
15376,3,843.095,3,858.804,0,0,4.53306
15377,3,843.095,3,859.534,0,2,4.53215
15378,3,843.095,3,857.252,3,0,4.53124
15379,3,843.095,3,857.252,1,0,4.53034
15380,3,843.095,3,856.212,4,1,4.52943
15381,3,843.095,3,856.212,4,2,4.52852
15382,3,843.095,3,856.212,4,1,4.52762
15383,3,843.095,3,859.662,2,3,4.52671
15384,3,843.095,3,859.662,0,2,4.52581
15385,3,843.095,3,855.15,2,0,4.5249
15386,3,843.095,3,855.467,4,0,4.524
15387,3,843.095,3,855.467,2,0,4.52309
15388,3,843.095,3,852.985,0,1,4.52219
15389,3,843.095,3,852.985,2,0,4.52128
15390,3,843.095,3,852.985,0,0,4.52038
15391,3,843.095,3,852.985,2,1,4.51948
15392,3,843.095,3,852.519,3,1,4.51857
15393,3,843.095,3,851.119,0,3,4.51767
15394,3,843.095,3,851.119,4,3,4.51676
15395,3,843.095,3,851.119,0,2,4.51586
15396,3,843.095,3,851.119,4,1,4.51496
15397,3,843.095,3,851.119,3,0,4.51405
15398,3,843.095,3,851.119,1,1,4.51315
15399,3,843.095,3,853.456,4,0,4.51225
15400,3,843.095,3,853.456,4,0,4.51135
15401,3,843.095,3,853.456,3,1,4.51044
15402,3,843.095,3,853.23,0,0,4.50954
15403,3,843.095,3,853.23,2,2,4.50864
15404,3,843.095,3,853.23,2,2,4.50774
15405,3,843.095,3,853.23,4,1,4.50684
15406,3,843.095,3,853.23,1,1,4.50594
15407,3,843.095,3,853.23,1,3,4.50503
15408,3,843.095,3,853.23,2,1,4.50413
15409,3,843.095,3,853.23,1,2,4.50323
15410,3,843.095,3,853.23,1,3,4.50233
15411,3,843.095,3,853.23,0,0,4.50143
15412,3,843.095,3,853.23,2,3,4.50053
15413,3,843.095,3,853.23,2,0,4.49963
15414,3,843.095,3,855.62,0,0,4.49873
15415,3,843.095,3,863.104,4,2,4.49783
15416,3,843.095,3,863.104,3,0,4.49693
15417,3,843.095,3,863.104,1,3,4.49603
15418,3,843.095,3,863.104,2,2,4.49513
15419,3,843.095,3,863.104,3,0,4.49423
15420,3,843.095,3,863.104,2,1,4.49334
15421,3,843.095,3,863.104,0,2,4.49244
15422,3,843.095,3,863.104,3,3,4.49154
15423,3,843.095,3,863.131,0,2,4.49064
15424,3,843.095,3,862.962,0,2,4.48974
15425,3,843.095,3,862.962,1,3,4.48884
15426,3,843.095,3,862.962,1,2,4.48795
15427,3,843.095,3,862.962,1,1,4.48705
15428,3,843.095,3,862.962,0,1,4.48615
15429,3,843.095,3,861.185,3,3,4.48525
15430,3,843.095,3,862.176,4,3,4.48436
15431,3,843.095,3,862.176,2,3,4.48346
15432,3,843.095,3,857.862,0,2,4.48256
15433,3,843.095,3,857.862,1,1,4.48167
15434,3,843.095,3,857.862,1,0,4.48077
15435,3,843.095,3,857.862,1,2,4.47987
15436,3,843.095,3,850.893,3,1,4.47898
15437,3,843.095,3,850.577,0,3,4.47808
15438,3,843.095,3,853.202,3,3,4.47719
15439,3,843.095,3,853.202,0,2,4.47629
15440,3,843.095,3,850.577,2,2,4.4754
15441,3,843.095,3,850.577,0,2,4.4745
15442,3,843.095,3,850.577,3,1,4.47361
15443,3,843.095,3,850.577,1,1,4.47271
15444,3,843.095,3,850.577,0,1,4.47182
15445,3,843.095,3,850.577,1,3,4.47092
15446,3,843.095,3,850.577,2,1,4.47003
15447,3,843.095,3,850.577,4,2,4.46913
15448,3,843.095,3,850.577,1,3,4.46824
15449,3,843.095,3,850.577,2,2,4.46735
15450,3,843.095,3,850.577,1,0,4.46645
15451,3,843.095,3,850.577,2,1,4.46556
15452,3,843.095,3,850.577,0,2,4.46467
15453,3,843.095,3,850.577,3,1,4.46377
15454,3,843.095,3,850.577,4,0,4.46288
15455,3,843.095,3,850.577,4,0,4.46199
15456,3,843.095,3,851.976,0,2,4.4611
15457,3,843.095,3,851.976,1,2,4.4602
15458,3,843.095,3,851.976,1,3,4.45931
15459,3,843.095,3,851.976,1,1,4.45842
15460,3,843.095,3,851.976,2,1,4.45753
15461,3,843.095,3,851.976,4,1,4.45664
15462,3,843.095,3,851.976,1,1,4.45575
15463,3,843.095,3,851.976,1,2,4.45485
15464,3,843.095,3,854.367,0,0,4.45396
15465,3,843.095,3,854.367,3,3,4.45307
15466,3,843.095,3,854.367,0,2,4.45218
15467,3,843.095,3,854.367,1,3,4.45129
15468,3,843.095,3,854.367,0,1,4.4504
15469,3,843.095,3,854.367,3,1,4.44951
15470,3,843.095,3,854.367,2,1,4.44862
15471,3,843.095,3,854.367,3,0,4.44773
15472,3,843.095,3,854.367,4,0,4.44684
15473,3,843.095,3,854.367,2,1,4.44595
15474,3,843.095,3,854.367,1,1,4.44506
15475,3,843.095,3,854.425,2,2,4.44417
15476,3,843.095,3,854.425,1,3,4.44329
15477,3,843.095,3,854.425,4,3,4.4424
15478,3,843.095,3,854.425,4,2,4.44151
15479,3,843.095,3,854.425,4,1,4.44062
15480,3,843.095,3,854.425,2,0,4.43973
15481,3,843.095,3,854.425,4,0,4.43884
15482,3,843.095,3,854.742,3,3,4.43796
15483,3,843.095,3,854.742,3,0,4.43707
15484,3,843.095,3,854.742,0,0,4.43618
15485,3,843.095,3,855.128,0,0,4.43529
15486,3,843.095,3,855.128,0,2,4.43441
15487,3,843.095,3,855.128,1,2,4.43352
15488,3,843.095,3,855.128,3,0,4.43263
15489,3,843.095,3,855.128,1,0,4.43175
15490,3,843.095,3,860.843,0,2,4.43086
15491,3,843.095,3,860.843,1,2,4.42997
15492,3,843.095,3,859.207,3,3,4.42909
15493,3,843.095,3,859.207,2,3,4.4282
15494,3,843.095,3,860.606,3,0,4.42732
15495,3,843.095,3,860.606,2,3,4.42643
15496,3,843.095,3,860.606,0,3,4.42555
15497,3,843.095,3,860.606,4,2,4.42466
15498,3,843.095,3,859.207,0,2,4.42378
15499,3,843.095,3,859.207,4,3,4.42289
15500,3,843.095,3,859.207,2,2,4.42201
15501,3,843.095,3,859.207,3,2,4.42112
15502,3,843.095,3,859.207,2,3,4.42024
15503,3,843.095,3,859.207,1,2,4.41935
15504,3,843.095,3,859.207,4,2,4.41847
15505,3,843.095,3,859.207,2,0,4.41759
15506,3,843.095,3,859.207,1,0,4.4167
15507,3,843.095,3,859.443,0,1,4.41582
15508,3,843.095,3,859.443,0,1,4.41494
15509,3,843.095,3,860.243,3,3,4.41405
15510,3,843.095,3,860.243,3,2,4.41317
15511,3,843.095,3,860.243,4,2,4.41229
15512,3,843.095,3,860.243,3,1,4.41141
15513,3,843.095,3,859.207,2,2,4.41052
15514,3,843.095,3,862.389,3,2,4.40964
15515,3,843.095,3,862.389,3,1,4.40876
15516,3,843.095,3,857.805,4,3,4.40788
15517,3,843.095,3,857.805,1,0,4.407
15518,3,843.095,3,857.805,2,2,4.40612
15519,3,843.095,3,856.846,4,0,4.40523
15520,3,843.095,3,856.846,1,2,4.40435
15521,3,843.095,3,856.846,0,3,4.40347
15522,3,843.095,3,856.846,1,2,4.40259
15523,3,843.095,3,856.846,1,3,4.40171
15524,3,843.095,3,856.735,3,2,4.40083
15525,3,843.095,3,856.735,3,0,4.39995
15526,3,843.095,3,856.735,0,2,4.39907
15527,3,843.095,3,856.735,3,2,4.39819
15528,3,843.095,3,852.661,2,3,4.39731
15529,3,843.095,3,852.661,3,1,4.39643
15530,3,843.095,3,852.661,0,3,4.39555
15531,3,843.095,3,852.661,3,1,4.39467
15532,3,843.095,3,852.661,2,3,4.39379
15533,3,843.095,3,852.661,4,3,4.39292
15534,3,843.095,3,852.661,0,0,4.39204
15535,3,843.095,3,852.661,2,2,4.39116
15536,3,843.095,3,851.724,2,2,4.39028
15537,3,843.095,3,855.185,3,3,4.3894
15538,3,843.095,3,855.421,3,3,4.38852
15539,3,843.095,3,855.421,1,3,4.38765
15540,3,843.095,3,855.421,0,0,4.38677
15541,3,843.095,3,857.514,2,0,4.38589
15542,3,843.095,3,857.514,0,2,4.38501
15543,3,843.095,3,857.514,4,2,4.38414
15544,3,843.095,3,857.514,0,3,4.38326
15545,3,843.095,3,857.514,3,0,4.38238
15546,3,843.095,3,857.514,1,1,4.38151
15547,3,843.095,3,857.514,2,1,4.38063
15548,3,843.095,3,857.457,2,0,4.37975
15549,3,843.095,3,854.857,0,2,4.37888
15550,3,843.095,3,854.857,3,3,4.378
15551,3,843.095,3,854.857,3,0,4.37713
15552,3,843.095,3,854.857,1,0,4.37625
15553,3,843.095,3,854.857,0,0,4.37538
15554,3,843.095,3,854.857,1,1,4.3745
15555,3,843.095,3,854.857,3,3,4.37363
15556,3,843.095,3,854.857,1,2,4.37275
15557,3,843.095,3,854.857,2,2,4.37188
15558,3,843.095,3,853.857,3,1,4.371
15559,3,843.095,3,853.857,0,1,4.37013
15560,3,843.095,3,853.857,2,2,4.36926
15561,3,843.095,3,853.54,4,2,4.36838
15562,3,843.095,3,853.304,2,0,4.36751
15563,3,843.095,3,853.304,1,3,4.36663
15564,3,843.095,3,853.304,3,3,4.36576
15565,3,843.095,3,853.415,4,0,4.36489
15566,3,843.095,3,857.701,0,0,4.36401
15567,3,843.095,3,857.701,4,0,4.36314
15568,3,843.095,3,857.258,4,3,4.36227
15569,3,843.095,3,857.258,2,0,4.3614
15570,3,843.095,3,857.258,4,1,4.36052
15571,3,843.095,3,857.258,3,2,4.35965
15572,3,843.095,3,855.506,0,2,4.35878
15573,3,843.095,3,855.506,1,0,4.35791
15574,3,843.095,3,855.506,2,2,4.35704
15575,3,843.095,3,855.342,3,3,4.35617
15576,3,843.095,3,852.528,0,2,4.35529
15577,3,843.095,3,849.903,2,0,4.35442
15578,3,843.095,3,849.903,0,2,4.35355
15579,3,843.095,3,849.903,3,1,4.35268
15580,3,843.095,3,849.903,0,1,4.35181
15581,3,843.095,3,851.302,4,0,4.35094
15582,3,843.095,3,851.302,2,0,4.35007
15583,3,843.095,3,851.302,1,2,4.3492
15584,3,843.095,3,851.302,2,1,4.34833
15585,3,843.095,3,851.302,1,1,4.34746
15586,3,843.095,3,851.302,3,0,4.34659
15587,3,843.095,3,851.302,4,2,4.34572
15588,3,843.095,3,851.302,1,1,4.34485
15589,3,843.095,3,851.302,1,0,4.34398
15590,3,843.095,3,851.302,1,0,4.34312
15591,3,843.095,3,851.302,3,2,4.34225
15592,3,843.095,3,851.619,4,0,4.34138
15593,3,843.095,3,850.22,4,0,4.34051
15594,3,843.095,3,850.22,3,1,4.33964
15595,3,843.095,3,850.22,3,0,4.33877
15596,3,843.095,3,850.22,0,0,4.33791
15597,3,843.095,3,850.606,3,0,4.33704
15598,3,843.095,3,850.606,2,0,4.33617
15599,3,843.095,3,850.606,0,2,4.3353
15600,3,843.095,3,850.606,1,3,4.33444
15601,3,843.095,3,850.606,3,2,4.33357
15602,3,843.095,3,850.606,1,3,4.3327
15603,3,843.095,3,850.606,0,2,4.33184
15604,3,843.095,3,850.606,1,1,4.33097
15605,3,843.095,3,850.606,1,2,4.3301
15606,3,843.095,3,849.903,0,1,4.32924
15607,3,843.095,3,849.903,1,2,4.32837
15608,3,843.095,3,849.903,0,2,4.32751
15609,3,843.095,3,849.903,2,3,4.32664
15610,3,843.095,3,849.903,4,1,4.32578
15611,3,843.095,3,849.903,2,2,4.32491
15612,3,843.095,3,849.903,2,0,4.32405
15613,3,843.095,3,849.097,0,1,4.32318
15614,3,843.095,3,849.097,3,2,4.32232
15615,3,843.095,3,849.097,0,2,4.32145
15616,3,843.095,3,849.097,3,2,4.32059
15617,3,843.095,3,849.201,4,2,4.31972
15618,3,843.095,3,849.201,4,1,4.31886
15619,3,843.095,3,849.201,1,3,4.318
15620,3,843.095,3,849.201,0,3,4.31713
15621,3,843.095,3,849.201,2,0,4.31627
15622,3,843.095,3,849.201,0,0,4.31541
15623,3,843.095,3,849.097,0,2,4.31454
15624,3,843.095,3,850.496,2,1,4.31368
15625,3,843.095,3,849.097,3,0,4.31282
15626,3,843.095,3,849.097,1,2,4.31195
15627,3,843.095,3,849.097,1,1,4.31109
15628,3,843.095,3,849.097,3,3,4.31023
15629,3,843.095,3,849.097,4,3,4.30937
15630,3,843.095,3,849.097,2,0,4.30851
15631,3,843.095,3,849.097,4,1,4.30764
15632,3,843.095,3,849.097,0,0,4.30678
15633,3,843.095,3,849.097,3,3,4.30592
15634,3,843.095,3,849.097,2,2,4.30506
15635,3,843.095,3,849.097,3,3,4.3042
15636,3,843.095,3,849.097,1,1,4.30334
15637,3,843.095,3,849.097,2,2,4.30248
15638,3,843.095,3,849.097,0,2,4.30162
15639,3,843.095,3,849.097,0,1,4.30076
15640,3,843.095,3,849.097,4,1,4.2999
15641,3,843.095,3,849.097,3,3,4.29904
15642,3,843.095,3,849.097,3,2,4.29818
15643,3,843.095,3,849.097,0,2,4.29732
15644,3,843.095,3,849.097,0,2,4.29646
15645,3,843.095,3,849.097,1,3,4.2956
15646,3,843.095,3,849.097,0,3,4.29474
15647,3,843.095,3,849.097,2,1,4.29388
15648,3,843.095,3,849.097,4,1,4.29302
15649,3,843.095,3,849.097,3,0,4.29216
15650,3,843.095,3,849.097,2,0,4.2913
15651,3,843.095,3,850.496,2,2,4.29045
15652,3,843.095,3,850.496,3,3,4.28959
15653,3,843.095,3,850.496,3,2,4.28873
15654,3,843.095,3,850.496,3,1,4.28787
15655,3,843.095,3,850.496,2,3,4.28701
15656,3,843.095,3,850.496,4,1,4.28616
15657,3,843.095,3,851.302,2,2,4.2853
15658,3,843.095,3,851.302,2,2,4.28444
15659,3,843.095,3,851.302,3,2,4.28359
15660,3,843.095,3,851.302,3,1,4.28273
15661,3,843.095,3,851.302,0,0,4.28187
15662,3,843.095,3,851.302,4,1,4.28102
15663,3,843.095,3,851.302,2,0,4.28016
15664,3,843.095,3,851.302,0,0,4.2793
15665,3,843.095,3,851.302,4,0,4.27845
15666,3,843.095,3,851.302,4,0,4.27759
15667,3,843.095,3,851.302,2,3,4.27674
15668,3,843.095,3,852.9,4,2,4.27588
15669,3,843.095,3,852.9,0,3,4.27503
15670,3,843.095,3,851.501,0,2,4.27417
15671,3,843.095,3,851.501,4,3,4.27332
15672,3,843.095,3,851.501,1,0,4.27246
15673,3,843.095,3,851.501,1,1,4.27161
15674,3,843.095,3,851.501,4,3,4.27075
15675,3,843.095,3,851.501,3,0,4.2699
15676,3,843.095,3,851.761,0,3,4.26905
15677,3,843.095,3,850.072,4,1,4.26819
15678,3,843.095,3,850.072,3,0,4.26734
15679,3,843.095,3,850.072,3,3,4.26648
15680,3,843.095,3,850.072,4,3,4.26563
15681,3,843.095,3,850.654,3,0,4.26478
15682,3,843.095,3,850.654,2,3,4.26393
15683,3,843.095,3,850.654,1,0,4.26307
15684,3,843.095,3,849.37,0,1,4.26222
15685,3,843.095,3,849.37,0,1,4.26137
15686,3,843.095,3,849.37,0,3,4.26051
15687,3,843.095,3,849.37,2,2,4.25966
15688,3,843.095,3,849.37,2,0,4.25881
15689,3,843.095,3,849.37,1,0,4.25796
15690,3,843.095,3,849.37,1,2,4.25711
15691,3,843.095,3,849.888,3,3,4.25626
15692,3,843.095,3,849.888,3,2,4.2554
15693,3,843.095,3,849.888,3,0,4.25455
15694,3,843.095,3,849.888,0,3,4.2537
15695,3,843.095,3,849.999,4,0,4.25285
15696,3,843.095,3,852.932,0,0,4.252
15697,3,843.095,3,852.18,0,1,4.25115
15698,3,843.095,3,852.18,4,3,4.2503
15699,3,843.095,3,852.18,0,2,4.24945
15700,3,843.095,3,850.896,3,0,4.2486
15701,3,843.095,3,850.896,0,0,4.24775
15702,3,843.095,3,850.896,2,2,4.2469
15703,3,843.095,3,850.896,1,0,4.24605
15704,3,843.095,3,850.896,2,0,4.2452
15705,3,843.095,3,853.106,3,0,4.24435
15706,3,843.095,3,853.106,1,1,4.24351
15707,3,843.095,3,852.588,3,3,4.24266
15708,3,843.095,3,852.588,0,3,4.24181
15709,3,843.095,3,852.588,0,0,4.24096
15710,3,843.095,3,852.588,0,3,4.24011
15711,3,843.095,3,852.588,1,3,4.23926
15712,3,843.095,3,852.588,2,3,4.23842
15713,3,843.095,3,852.588,0,2,4.23757
15714,3,843.095,3,852.588,1,0,4.23672
15715,3,843.095,3,852.588,0,1,4.23587
15716,3,843.095,3,852.588,1,1,4.23503
15717,3,843.095,3,852.588,2,3,4.23418
15718,3,843.095,3,852.588,2,2,4.23333
15719,3,843.095,3,852.588,0,3,4.23249
15720,3,843.095,3,852.588,1,1,4.23164
15721,3,843.095,3,852.588,4,1,4.23079
15722,3,843.095,3,852.588,1,1,4.22995
15723,3,843.095,3,852.588,3,1,4.2291
15724,3,843.095,3,852.588,3,3,4.22825
15725,3,843.095,3,852.588,2,3,4.22741
15726,3,843.095,3,852.1,3,1,4.22656
15727,3,843.095,3,852.1,1,2,4.22572
15728,3,843.095,3,854.051,2,3,4.22487
15729,3,843.095,3,854.161,0,3,4.22403
15730,3,843.095,3,854.161,3,3,4.22318
15731,3,843.095,3,854.161,4,2,4.22234
15732,3,843.095,3,852.214,4,2,4.22149
15733,3,843.095,3,852.109,0,3,4.22065
15734,3,843.095,3,852.109,1,1,4.21981
15735,3,843.095,3,854.315,2,2,4.21896
15736,3,843.095,3,853.509,0,1,4.21812
15737,3,843.095,3,853.678,4,2,4.21727
15738,3,843.095,3,853.678,2,3,4.21643
15739,3,843.095,3,853.678,1,1,4.21559
15740,3,843.095,3,856.159,3,3,4.21474
15741,3,843.095,3,855.17,2,2,4.2139
15742,3,843.095,3,855.17,2,3,4.21306
15743,3,843.095,3,855.17,1,0,4.21222
15744,3,843.095,3,855.17,2,0,4.21137
15745,3,843.095,3,855.17,1,0,4.21053
15746,3,843.095,3,855.17,3,2,4.20969
15747,3,843.095,3,854.428,4,2,4.20885
15748,3,843.095,3,854.428,0,3,4.20801
15749,3,843.095,3,854.428,0,2,4.20716
15750,3,843.095,3,854.259,0,1,4.20632
15751,3,843.095,3,860.609,2,3,4.20548
15752,3,843.095,3,854.259,2,2,4.20464
15753,3,843.095,3,854.259,2,2,4.2038
15754,3,843.095,3,854.259,4,3,4.20296
15755,3,843.095,3,854.467,3,0,4.20212
15756,3,843.095,3,854.784,3,3,4.20128
15757,3,843.095,3,854.784,2,0,4.20044
15758,3,843.095,3,859.023,0,3,4.1996
15759,3,843.095,3,859.023,0,2,4.19876
15760,3,843.095,3,857.337,4,2,4.19792
15761,3,843.095,3,853.631,2,3,4.19708
15762,3,843.095,3,854.017,0,3,4.19624
15763,3,843.095,3,854.017,0,1,4.1954
15764,3,843.095,3,853.949,2,0,4.19456
15765,3,843.095,3,853.949,1,0,4.19372
15766,3,843.095,3,853.949,0,2,4.19288
15767,3,843.095,3,853.949,1,0,4.19204
15768,3,843.095,3,853.949,0,3,4.19121
15769,3,843.095,3,853.949,2,0,4.19037
15770,3,843.095,3,853.949,2,2,4.18953
15771,3,843.095,3,852.582,3,0,4.18869
15772,3,843.095,3,852.582,1,1,4.18785
15773,3,843.095,3,852.582,2,2,4.18702
15774,3,843.095,3,852.116,4,2,4.18618
15775,3,843.095,3,852.582,2,3,4.18534
15776,3,843.095,3,852.472,3,1,4.1845
15777,3,843.095,3,851.665,0,1,4.18367
15778,3,843.095,3,851.665,1,3,4.18283
15779,3,843.095,3,851.665,3,3,4.18199
15780,3,843.095,3,858.424,4,3,4.18116
15781,3,843.095,3,854.714,2,1,4.18032
15782,3,843.095,3,854.818,4,1,4.17949
15783,3,843.095,3,854.818,1,0,4.17865
15784,3,843.095,3,854.818,3,0,4.17781
15785,3,843.095,3,854.818,3,3,4.17698
15786,3,843.095,3,855.696,2,3,4.17614
15787,3,843.095,3,856.318,3,3,4.17531
15788,3,843.095,3,856.318,1,0,4.17447
15789,3,843.095,3,856.318,1,2,4.17364
15790,3,843.095,3,856.318,2,2,4.1728
15791,3,843.095,3,856.318,1,2,4.17197
15792,3,843.095,3,856.318,1,2,4.17113
15793,3,843.095,3,856.318,2,1,4.1703
15794,3,843.095,3,856.318,0,3,4.16947
15795,3,843.095,3,856.318,1,0,4.16863
15796,3,843.095,3,856.318,3,1,4.1678
15797,3,843.095,3,859.037,0,0,4.16696
15798,3,843.095,3,858.372,4,2,4.16613
15799,3,843.095,3,860.655,3,2,4.1653
15800,3,843.095,3,860.655,1,1,4.16446
15801,3,843.095,3,860.655,1,1,4.16363
15802,3,843.095,3,859.155,2,2,4.1628
15803,3,843.095,3,859.155,1,1,4.16197
15804,3,843.095,3,857.756,0,2,4.16113
15805,3,843.095,3,857.756,4,0,4.1603
15806,3,843.095,3,857.756,4,1,4.15947
15807,3,843.095,3,855.702,3,1,4.15864
15808,3,843.095,3,855.702,4,2,4.15781
15809,3,843.095,3,855.702,1,0,4.15697
15810,3,843.095,3,857.102,3,1,4.15614
15811,3,843.095,3,856.716,3,0,4.15531
15812,3,843.095,3,856.399,4,3,4.15448
15813,3,843.095,3,856.399,1,0,4.15365
15814,3,843.095,3,856.399,3,0,4.15282
15815,3,843.095,3,856.399,0,1,4.15199
15816,3,843.095,3,857.736,3,0,4.15116
15817,3,843.095,3,854.738,4,1,4.15033
15818,3,843.095,3,854.738,4,2,4.1495
15819,3,843.095,3,854.738,1,1,4.14867
15820,3,843.095,3,854.738,0,3,4.14784
15821,3,843.095,3,857.29,2,2,4.14701
15822,3,843.095,3,857.29,4,1,4.14618
15823,3,843.095,3,857.808,0,0,4.14535
15824,3,843.095,3,857.808,2,3,4.14452
15825,3,843.095,3,857.963,2,3,4.14369
15826,3,843.095,3,857.963,1,3,4.14286
15827,3,843.095,3,857.129,0,1,4.14203
15828,3,843.095,3,857.024,0,3,4.14121
15829,3,843.095,3,857.024,1,0,4.14038
15830,3,843.095,3,857.024,1,0,4.13955
15831,3,843.095,3,857.024,3,2,4.13872
15832,3,843.095,3,857.024,1,0,4.13789
15833,3,843.095,3,857.34,3,0,4.13707
15834,3,843.095,3,857.34,1,2,4.13624
15835,3,843.095,3,855.982,3,3,4.13541
15836,3,843.095,3,855.982,1,1,4.13459
15837,3,843.095,3,855.813,3,2,4.13376
15838,3,843.095,3,855.813,3,3,4.13293
15839,3,843.095,3,854.934,4,3,4.13211
15840,3,843.095,3,854.934,1,0,4.13128
15841,3,843.095,3,854.934,0,0,4.13045
15842,3,843.095,3,854.934,1,1,4.12963
15843,3,843.095,3,854.934,2,3,4.1288
15844,3,843.095,3,854.999,3,2,4.12797
15845,3,843.095,3,854.999,2,1,4.12715
15846,3,843.095,3,853.749,2,1,4.12632
15847,3,843.095,3,853.749,4,0,4.1255
15848,3,843.095,3,853.749,1,3,4.12467
15849,3,843.095,3,853.432,0,2,4.12385
15850,3,843.095,3,853.432,3,3,4.12302
15851,3,843.095,3,853.432,4,3,4.1222
15852,3,843.095,3,853.263,4,0,4.12137
15853,3,843.095,3,853.263,0,2,4.12055
15854,3,843.095,3,852.491,4,1,4.11973
15855,3,843.095,3,852.491,0,0,4.1189
15856,3,843.095,3,852.491,3,2,4.11808
15857,3,843.095,3,852.491,0,0,4.11725
15858,3,843.095,3,852.491,1,3,4.11643
15859,3,843.095,3,852.491,1,1,4.11561
15860,3,843.095,3,852.491,0,1,4.11478
15861,3,843.095,3,852.491,2,2,4.11396
15862,3,843.095,3,852.491,0,0,4.11314
15863,3,843.095,3,852.491,2,0,4.11232
15864,3,843.095,3,853.297,3,1,4.11149
15865,3,843.095,3,853.297,1,1,4.11067
15866,3,843.095,3,853.297,1,2,4.10985
15867,3,843.095,3,855.581,4,3,4.10903
15868,3,843.095,3,855.581,0,3,4.10821
15869,3,843.095,3,855.581,0,1,4.10738
15870,3,843.095,3,855.581,1,3,4.10656
15871,3,843.095,3,855.581,1,1,4.10574
15872,3,843.095,3,855.581,4,2,4.10492
15873,3,843.095,3,855.581,2,3,4.1041
15874,3,843.095,3,855.581,3,2,4.10328
15875,3,843.095,3,855.581,1,2,4.10246
15876,3,843.095,3,855.581,2,0,4.10164
15877,3,843.095,3,855.581,3,3,4.10082
15878,3,843.095,3,858.133,4,3,4.1
15879,3,843.095,3,855.581,2,3,4.09918
15880,3,843.095,3,856.255,4,0,4.09836
15881,3,843.095,3,856.255,1,0,4.09754
15882,3,843.095,3,856.255,3,2,4.09672
15883,3,843.095,3,856.255,1,1,4.0959
15884,3,843.095,3,856.571,4,0,4.09508
15885,3,843.095,3,856.571,0,0,4.09426
15886,3,843.095,3,858.169,4,0,4.09344
15887,3,843.095,3,858.169,1,1,4.09262
15888,3,843.095,3,858.169,2,0,4.0918
15889,3,843.095,3,858.169,4,0,4.09099
15890,3,843.095,3,858.169,3,3,4.09017
15891,3,843.095,3,860.405,3,2,4.08935
15892,3,843.095,3,860.405,3,3,4.08853
15893,3,843.095,3,860.405,1,0,4.08771
15894,3,843.095,3,860.405,0,1,4.0869
15895,3,843.095,3,860.405,1,2,4.08608
15896,3,843.095,3,860.405,0,0,4.08526
15897,3,843.095,3,856.255,2,0,4.08444
15898,3,843.095,3,856.255,1,2,4.08363
15899,3,843.095,3,856.255,3,3,4.08281
15900,3,843.095,3,856.255,1,3,4.08199
15901,3,843.095,3,856.255,1,1,4.08118
15902,3,843.095,3,856.255,2,2,4.08036
15903,3,843.095,3,856.255,2,0,4.07955
15904,3,843.095,3,856.255,2,1,4.07873
15905,3,843.095,3,856.255,4,1,4.07791
15906,3,843.095,3,856.255,0,1,4.0771
15907,3,843.095,3,856.255,3,2,4.07628
15908,3,843.095,3,856.255,1,2,4.07547
15909,3,843.095,3,856.255,0,1,4.07465
15910,3,843.095,3,856.255,3,2,4.07384
15911,3,843.095,3,856.255,1,2,4.07302
15912,3,843.095,3,856.255,2,0,4.07221
15913,3,843.095,3,856.255,1,0,4.07139
15914,3,843.095,3,856.255,3,2,4.07058
15915,3,843.095,3,856.807,0,3,4.06977
15916,3,843.095,3,856.807,4,2,4.06895
15917,3,843.095,3,856.571,0,2,4.06814
15918,3,843.095,3,856.571,3,3,4.06732
15919,3,843.095,3,856.571,4,3,4.06651
15920,3,843.095,3,856.571,2,3,4.0657
15921,3,843.095,3,856.571,4,2,4.06488
15922,3,843.095,3,856.571,2,2,4.06407
15923,3,843.095,3,856.571,0,0,4.06326
15924,3,843.095,3,856.571,2,1,4.06245
15925,3,843.095,3,858.169,4,3,4.06163
15926,3,843.095,3,856.571,2,0,4.06082
15927,3,843.095,3,856.571,4,0,4.06001
15928,3,843.095,3,856.571,3,2,4.0592
15929,3,843.095,3,856.571,4,3,4.05839
15930,3,843.095,3,856.571,3,3,4.05757
15931,3,843.095,3,856.571,1,0,4.05676
15932,3,843.095,3,856.571,4,2,4.05595
15933,3,843.095,3,860.139,4,0,4.05514
15934,3,843.095,3,860.139,2,0,4.05433
15935,3,843.095,3,860.139,4,1,4.05352
15936,3,843.095,3,860.139,4,2,4.05271
15937,3,843.095,3,860.139,2,2,4.0519
15938,3,843.095,3,860.139,1,2,4.05109
15939,3,843.095,3,860.139,4,2,4.05028
15940,3,843.095,3,860.139,4,1,4.04947
15941,3,843.095,3,860.139,3,0,4.04866
15942,3,843.095,3,860.139,0,0,4.04785
15943,3,843.095,3,860.139,3,1,4.04704
15944,3,843.095,3,858.936,2,3,4.04623
15945,3,843.095,3,858.936,0,3,4.04542
15946,3,843.095,3,858.936,1,0,4.04461
15947,3,843.095,3,858.936,3,3,4.0438
15948,3,843.095,3,864.076,3,0,4.04299
15949,3,843.095,3,863.84,0,1,4.04218
15950,3,843.095,3,863.84,4,0,4.04137
15951,3,843.095,3,863.84,1,2,4.04057
15952,3,843.095,3,863.84,2,0,4.03976
15953,3,843.095,3,854.816,4,0,4.03895
15954,3,843.095,3,854.816,1,2,4.03814
15955,3,843.095,3,854.816,2,2,4.03733
15956,3,843.095,3,854.816,0,2,4.03653
15957,3,843.095,3,854.816,3,1,4.03572
15958,3,843.095,3,854.816,3,1,4.03491
15959,3,843.095,3,854.816,1,0,4.03411
15960,3,843.095,3,854.816,0,1,4.0333
15961,3,843.095,3,856.537,4,2,4.03249
15962,3,843.095,3,856.537,1,2,4.03169
15963,3,843.095,3,854.814,4,2,4.03088
15964,3,843.095,3,854.814,4,2,4.03007
15965,3,843.095,3,854.814,1,0,4.02927
15966,3,843.095,3,854.814,0,3,4.02846
15967,3,843.095,3,855.281,2,3,4.02766
15968,3,843.095,3,855.281,3,3,4.02685
15969,3,843.095,3,855.714,3,3,4.02604
15970,3,843.095,3,855.603,4,0,4.02524
15971,3,843.095,3,855.603,4,1,4.02443
15972,3,843.095,3,855.603,1,3,4.02363
15973,3,843.095,3,855.603,1,1,4.02282
15974,3,843.095,3,855.137,2,2,4.02202
15975,3,843.095,3,854.704,4,1,4.02122
15976,3,843.095,3,854.704,0,3,4.02041
15977,3,843.095,3,854.704,4,0,4.01961
15978,3,843.095,3,854.704,0,0,4.0188
15979,3,843.095,3,853.304,4,3,4.018
15980,3,843.095,3,853.304,0,3,4.0172
15981,3,843.095,3,853.304,2,0,4.01639
15982,3,843.095,3,853.304,3,3,4.01559
15983,3,843.095,3,853.304,0,0,4.01479
15984,3,843.095,3,853.304,2,0,4.01398
15985,3,843.095,3,855.683,3,2,4.01318
15986,3,843.095,3,855.683,2,2,4.01238
15987,3,843.095,3,860.212,3,0,4.01158
15988,3,843.095,3,860.212,3,1,4.01077
15989,3,843.095,3,860.212,2,1,4.00997
15990,3,843.095,3,860.212,2,2,4.00917
15991,3,843.095,3,854.495,2,2,4.00837
15992,3,843.095,3,854.664,2,2,4.00757
15993,3,843.095,3,854.495,4,0,4.00676
15994,3,843.095,3,854.495,4,2,4.00596
15995,3,843.095,3,854.495,3,1,4.00516
15996,3,843.095,3,854.495,3,2,4.00436
15997,3,843.095,3,854.495,3,3,4.00356
15998,3,843.095,3,854.495,1,1,4.00276
15999,3,843.095,3,854.495,4,2,4.00196
16000,3,843.095,3,854.495,0,0,4.00116
16001,3,843.095,3,854.495,2,0,4.00036
16002,3,843.095,3,854.495,3,1,3.99956
16003,3,843.095,3,854.812,0,0,3.99876
16004,3,843.095,3,854.812,0,1,3.99796
16005,3,843.095,3,854.812,2,1,3.99716
16006,3,843.095,3,854.812,4,0,3.99636
16007,3,843.095,3,854.812,1,0,3.99556
16008,3,843.095,3,856.024,4,0,3.99476
16009,3,843.095,3,855.555,2,1,3.99396
16010,3,843.095,3,855.555,3,0,3.99316
16011,3,843.095,3,855.555,1,0,3.99236
16012,3,843.095,3,853.429,2,3,3.99157
16013,3,843.095,3,852.827,4,0,3.99077
16014,3,843.095,3,852.827,1,0,3.98997
16015,3,843.095,3,852.827,0,0,3.98917
16016,3,843.095,3,852.827,4,2,3.98837
16017,3,843.095,3,852.827,0,0,3.98758
16018,3,843.095,3,853.271,2,3,3.98678
16019,3,843.095,3,853.873,2,2,3.98598
16020,3,843.095,3,853.873,3,3,3.98518
16021,3,843.095,3,852.597,2,3,3.98439
16022,3,843.095,3,851.791,0,1,3.98359
16023,3,843.095,3,853.44,2,3,3.98279
16024,3,843.095,3,852.313,0,3,3.982
16025,3,843.095,3,852.313,1,3,3.9812
16026,3,843.095,3,851.119,0,1,3.9804
16027,3,843.095,3,851.119,0,2,3.97961
16028,3,843.095,3,851.119,2,0,3.97881
16029,3,843.095,3,851.119,1,0,3.97802
16030,3,843.095,3,851.119,0,1,3.97722
16031,3,843.095,3,851.119,4,2,3.97642
16032,3,843.095,3,851.119,4,0,3.97563
16033,3,843.095,3,851.119,3,2,3.97483
16034,3,843.095,3,851.119,3,2,3.97404
16035,3,843.095,3,851.119,1,3,3.97324
16036,3,843.095,3,850.313,2,3,3.97245
16037,3,843.095,3,850.313,0,3,3.97166
16038,3,843.095,3,850.313,2,0,3.97086
16039,3,843.095,3,850.313,2,1,3.97007
16040,3,843.095,3,850.313,3,2,3.96927
16041,3,843.095,3,850.313,1,0,3.96848
16042,3,843.095,3,849.645,4,1,3.96769
16043,3,843.095,3,849.645,1,0,3.96689
16044,3,843.095,3,849.645,0,3,3.9661
16045,3,843.095,3,849.645,3,1,3.96531
16046,3,843.095,3,849.645,1,1,3.96451
16047,3,843.095,3,849.651,2,3,3.96372
16048,3,843.095,3,849.651,0,3,3.96293
16049,3,843.095,3,849.651,1,1,3.96213
16050,3,843.095,3,849.651,2,2,3.96134
16051,3,843.095,3,849.651,2,0,3.96055
16052,3,843.095,3,849.651,1,2,3.95976
16053,3,843.095,3,849.651,3,1,3.95897
16054,3,843.095,3,854.154,4,3,3.95817
16055,3,843.095,3,854.154,3,3,3.95738
16056,3,843.095,3,854.154,4,1,3.95659
16057,3,843.095,3,853.747,3,1,3.9558
16058,3,843.095,3,853.747,3,0,3.95501
16059,3,843.095,3,853.747,1,1,3.95422
16060,3,843.095,3,853.636,4,1,3.95343
16061,3,843.095,3,854.827,4,2,3.95264
16062,3,843.095,3,854.827,3,3,3.95184
16063,3,843.095,3,854.827,4,3,3.95105
16064,3,843.095,3,854.827,3,0,3.95026
16065,3,843.095,3,855.234,0,3,3.94947
16066,3,843.095,3,852.024,2,0,3.94868
16067,3,843.095,3,850.836,3,2,3.94789
16068,3,843.095,3,850.836,0,3,3.9471
16069,3,843.095,3,850.836,4,0,3.94632
16070,3,843.095,3,850.836,2,0,3.94553
16071,3,843.095,3,850.836,0,2,3.94474
16072,3,843.095,3,851.153,0,0,3.94395
16073,3,843.095,3,851.153,0,2,3.94316
16074,3,843.095,3,851.153,1,0,3.94237
16075,3,843.095,3,851.153,1,3,3.94158
16076,3,843.095,3,851.153,2,2,3.94079
16077,3,843.095,3,851.048,3,1,3.94001
16078,3,843.095,3,851.048,3,2,3.93922
16079,3,843.095,3,851.048,2,0,3.93843
16080,3,843.095,3,851.048,1,3,3.93764
16081,3,843.095,3,851.048,3,1,3.93685
16082,3,843.095,3,851.048,0,3,3.93607
16083,3,843.095,3,851.048,3,0,3.93528
16084,3,843.095,3,851.048,1,3,3.93449
16085,3,843.095,3,851.048,1,2,3.93371
16086,3,843.095,3,851.048,3,1,3.93292
16087,3,843.095,3,851.671,4,0,3.93213
16088,3,843.095,3,851.671,3,3,3.93135
16089,3,843.095,3,851.671,1,1,3.93056
16090,3,843.095,3,851.762,3,3,3.92977
16091,3,843.095,3,854.045,2,0,3.92899
16092,3,843.095,3,853.638,4,0,3.9282
16093,3,843.095,3,853.638,2,2,3.92742
16094,3,843.095,3,853.638,0,3,3.92663
16095,3,843.095,3,853.638,4,1,3.92585
16096,3,843.095,3,853.638,1,1,3.92506
16097,3,843.095,3,853.12,2,1,3.92428
16098,3,843.095,3,853.12,1,3,3.92349
16099,3,843.095,3,853.12,3,2,3.92271
16100,3,843.095,3,853.12,4,3,3.92192
16101,3,843.095,3,853.12,4,1,3.92114
16102,3,843.095,3,853.015,2,1,3.92035
16103,3,843.095,3,853.015,1,0,3.91957
16104,3,843.095,3,853.015,4,1,3.91879
16105,3,843.095,3,853.015,3,1,3.918
16106,3,843.095,3,853.821,2,2,3.91722
16107,3,843.095,3,853.821,1,0,3.91643
16108,3,843.095,3,853.821,0,1,3.91565
16109,3,843.095,3,853.932,3,0,3.91487
16110,3,843.095,3,853.932,0,2,3.91408
16111,3,843.095,3,853.932,1,3,3.9133
16112,3,843.095,3,853.932,1,1,3.91252
16113,3,843.095,3,853.932,4,1,3.91174
16114,3,843.095,3,853.932,2,3,3.91095
16115,3,843.095,3,853.932,1,2,3.91017
16116,3,843.095,3,853.821,2,0,3.90939
16117,3,843.095,3,853.015,0,1,3.90861
16118,3,843.095,3,853.12,0,1,3.90783
16119,3,843.095,3,853.12,1,0,3.90705
16120,3,843.095,3,853.12,0,0,3.90626
16121,3,843.095,3,856.671,3,3,3.90548
16122,3,843.095,3,853.211,4,1,3.9047
16123,3,843.095,3,853.211,2,3,3.90392
16124,3,843.095,3,853.211,1,1,3.90314
16125,3,843.095,3,853.211,2,2,3.90236
16126,3,843.095,3,853.697,4,2,3.90158
16127,3,843.095,3,853.592,2,0,3.9008
16128,3,843.095,3,853.592,1,0,3.90002
16129,3,843.095,3,852.845,4,1,3.89924
16130,3,843.095,3,852.754,3,1,3.89846
16131,3,843.095,3,852.754,3,0,3.89768
16132,3,843.095,3,852.754,1,2,3.8969
16133,3,843.095,3,852.754,1,0,3.89612
16134,3,843.095,3,852.754,3,0,3.89534
16135,3,843.095,3,852.754,1,1,3.89456
16136,3,843.095,3,852.754,3,2,3.89378
16137,3,843.095,3,852.754,1,3,3.893
16138,3,843.095,3,852.754,4,3,3.89223
16139,3,843.095,3,852.754,3,2,3.89145
16140,3,843.095,3,852.754,4,3,3.89067
16141,3,843.095,3,852.754,2,2,3.88989
16142,3,843.095,3,852.754,2,2,3.88911
16143,3,843.095,3,852.754,0,2,3.88833
16144,3,843.095,3,853.56,4,2,3.88756
16145,3,843.095,3,853.56,2,3,3.88678
16146,3,843.095,3,853.56,2,0,3.886
16147,3,843.095,3,853.56,3,3,3.88522
16148,3,843.095,3,853.671,2,0,3.88445
16149,3,843.095,3,853.671,2,1,3.88367
16150,3,843.095,3,853.671,1,3,3.88289
16151,3,843.095,3,853.671,0,2,3.88212
16152,3,843.095,3,857.662,4,3,3.88134
16153,3,843.095,3,857.662,1,1,3.88056
16154,3,843.095,3,857.831,3,2,3.87979
16155,3,843.095,3,857.831,0,3,3.87901
16156,3,843.095,3,857.831,4,2,3.87824
16157,3,843.095,3,857.831,4,1,3.87746
16158,3,843.095,3,857.831,2,2,3.87669
16159,3,843.095,3,857.831,2,0,3.87591
16160,3,843.095,3,857.831,1,3,3.87514
16161,3,843.095,3,857.831,2,1,3.87436
16162,3,843.095,3,857.831,4,1,3.87359
16163,3,843.095,3,857.831,0,2,3.87281
16164,3,843.095,3,857.831,2,1,3.87204
16165,3,843.095,3,857.831,2,1,3.87126
16166,3,843.095,3,857.831,1,3,3.87049
16167,3,843.095,3,857.662,0,1,3.86971
16168,3,843.095,3,857.662,0,1,3.86894
16169,3,843.095,3,857.662,0,0,3.86817
16170,3,843.095,3,857.662,0,2,3.86739
16171,3,843.095,3,857.662,3,2,3.86662
16172,3,843.095,3,855.73,0,1,3.86585
16173,3,843.095,3,855.73,2,1,3.86507
16174,3,843.095,3,855.73,3,1,3.8643
16175,3,843.095,3,851.739,2,1,3.86353
16176,3,843.095,3,852.864,4,2,3.86275
16177,3,843.095,3,852.864,4,3,3.86198
16178,3,843.095,3,852.754,4,1,3.86121
16179,3,843.095,3,852.754,1,0,3.86044
16180,3,843.095,3,852.754,2,2,3.85966
16181,3,843.095,3,852.754,1,2,3.85889
16182,3,843.095,3,852.754,1,2,3.85812
16183,3,843.095,3,852.754,4,2,3.85735
16184,3,843.095,3,852.754,1,0,3.85658
16185,3,843.095,3,852.754,1,1,3.85581
16186,3,843.095,3,852.754,2,2,3.85503
16187,3,843.095,3,852.754,4,2,3.85426
16188,3,843.095,3,853.106,4,0,3.85349
16189,3,843.095,3,852.683,4,3,3.85272
16190,3,843.095,3,852.683,1,1,3.85195
16191,3,843.095,3,852.683,2,3,3.85118
16192,3,843.095,3,852.683,4,2,3.85041
16193,3,843.095,3,851.877,2,3,3.84964
16194,3,843.095,3,851.877,2,2,3.84887
16195,3,843.095,3,851.877,0,3,3.8481
16196,3,843.095,3,851.877,2,0,3.84733
16197,3,843.095,3,851.877,3,0,3.84656
16198,3,843.095,3,851.877,1,3,3.84579
16199,3,843.095,3,851.877,4,0,3.84502
16200,3,843.095,3,851.877,3,3,3.84425
16201,3,843.095,3,851.877,3,1,3.84349
16202,3,843.095,3,851.877,4,3,3.84272
16203,3,843.095,3,851.139,2,2,3.84195
16204,3,843.095,3,851.139,1,0,3.84118
16205,3,843.095,3,851.139,1,3,3.84041
16206,3,843.095,3,851.139,2,0,3.83964
16207,3,843.095,3,851.139,3,3,3.83888
16208,3,843.095,3,851.139,0,1,3.83811
16209,3,843.095,3,851.139,0,2,3.83734
16210,3,843.095,3,850.823,0,2,3.83657
16211,3,843.095,3,850.823,4,2,3.83581
16212,3,843.095,3,851.629,0,3,3.83504
16213,3,843.095,3,851.629,4,2,3.83427
16214,3,843.095,3,851.629,0,3,3.8335
16215,3,843.095,3,851.629,2,0,3.83274
16216,3,843.095,3,851.629,1,1,3.83197
16217,3,843.095,3,851.629,4,3,3.83121
16218,3,843.095,3,852.402,0,2,3.83044
16219,3,843.095,3,852.402,2,0,3.82967
16220,3,843.095,3,852.402,1,1,3.82891
16221,3,843.095,3,852.402,3,2,3.82814
16222,3,843.095,3,852.402,3,2,3.82738
16223,3,843.095,3,852.31,0,1,3.82661
16224,3,843.095,3,852.31,2,3,3.82584
16225,3,843.095,3,852.31,1,1,3.82508
16226,3,843.095,3,852.31,3,0,3.82431
16227,3,843.095,3,852.31,0,3,3.82355
16228,3,843.095,3,852.31,3,3,3.82278
16229,3,843.095,3,852.31,0,1,3.82202
16230,3,843.095,3,852.31,3,0,3.82126
16231,3,843.095,3,852.31,2,2,3.82049
16232,3,843.095,3,852.31,0,3,3.81973
16233,3,843.095,3,852.31,4,0,3.81896
16234,3,843.095,3,856.301,4,3,3.8182
16235,3,843.095,3,857.899,3,0,3.81744
16236,3,843.095,3,857.899,1,3,3.81667
16237,3,843.095,3,857.899,2,0,3.81591
16238,3,843.095,3,857.991,4,3,3.81515
16239,3,843.095,3,857.991,1,0,3.81438
16240,3,843.095,3,857.991,2,3,3.81362
16241,3,843.095,3,859.303,4,3,3.81286
16242,3,843.095,3,858.665,4,3,3.81209
16243,3,843.095,3,857.184,2,0,3.81133
16244,3,843.095,3,857.184,3,2,3.81057
16245,3,843.095,3,857.184,0,2,3.80981
16246,3,843.095,3,857.184,0,0,3.80905
16247,3,843.095,3,857.184,1,2,3.80828
16248,3,843.095,3,857.184,4,3,3.80752
16249,3,843.095,3,857.093,3,2,3.80676
16250,3,843.095,3,857.093,1,1,3.806
16251,3,843.095,3,857.093,1,1,3.80524
16252,3,843.095,3,857.093,4,0,3.80448
16253,3,843.095,3,857.093,2,3,3.80372
16254,3,843.095,3,857.093,3,2,3.80296
16255,3,843.095,3,857.093,1,2,3.8022
16256,3,843.095,3,857.093,4,3,3.80143
16257,3,843.095,3,857.093,2,0,3.80067
16258,3,843.095,3,857.093,1,0,3.79991
16259,3,843.095,3,857.093,1,2,3.79915
16260,3,843.095,3,855.495,4,0,3.79839
16261,3,843.095,3,855.495,2,2,3.79764
16262,3,843.095,3,855.495,0,1,3.79688
16263,3,843.095,3,855.495,1,3,3.79612
16264,3,843.095,3,855.495,1,2,3.79536
16265,3,843.095,3,855.495,3,3,3.7946
16266,3,843.095,3,857.006,4,2,3.79384
16267,3,843.095,3,857.006,0,3,3.79308
16268,3,843.095,3,857.006,2,3,3.79232
16269,3,843.095,3,857.006,0,2,3.79156
16270,3,843.095,3,857.006,3,2,3.7908
16271,3,843.095,3,856.745,4,1,3.79005
16272,3,843.095,3,856.745,2,1,3.78929
16273,3,843.095,3,856.745,1,3,3.78853
16274,3,843.095,3,856.849,3,3,3.78777
16275,3,843.095,3,856.849,1,1,3.78702
16276,3,843.095,3,852.858,0,2,3.78626
16277,3,843.095,3,852.858,3,0,3.7855
16278,3,843.095,3,852.754,4,1,3.78474
16279,3,843.095,3,852.754,4,3,3.78399
16280,3,843.095,3,852.754,2,1,3.78323
16281,3,843.095,3,852.754,1,3,3.78247
16282,3,843.095,3,852.754,0,3,3.78172
16283,3,843.095,3,852.754,0,0,3.78096
16284,3,843.095,3,852.754,1,3,3.7802
16285,3,843.095,3,852.754,3,0,3.77945
16286,3,843.095,3,852.754,0,1,3.77869
16287,3,843.095,3,854.352,3,3,3.77794
16288,3,843.095,3,854.352,4,3,3.77718
16289,3,843.095,3,854.352,3,2,3.77643
16290,3,843.095,3,854.456,0,1,3.77567
16291,3,843.095,3,854.456,0,0,3.77492
16292,3,843.095,3,854.352,0,1,3.77416
16293,3,843.095,3,854.352,4,3,3.77341
16294,3,843.095,3,854.352,3,1,3.77265
16295,3,843.095,3,854.352,4,2,3.7719
16296,3,843.095,3,854.352,3,3,3.77114
16297,3,843.095,3,854.352,3,0,3.77039
16298,3,843.095,3,854.352,1,3,3.76963
16299,3,843.095,3,854.352,1,3,3.76888
16300,3,843.095,3,854.352,4,1,3.76813
16301,3,843.095,3,854.352,3,2,3.76737
16302,3,843.095,3,854.352,2,3,3.76662
16303,3,843.095,3,858.599,4,3,3.76587
16304,3,843.095,3,858.599,2,1,3.76511
16305,3,843.095,3,858.599,4,3,3.76436
16306,3,843.095,3,858.599,1,1,3.76361
16307,3,843.095,3,858.599,4,2,3.76285
16308,3,843.095,3,858.599,1,1,3.7621
16309,3,843.095,3,858.599,3,1,3.76135
16310,3,843.095,3,854.352,2,2,3.7606
16311,3,843.095,3,854.352,4,2,3.75984
16312,3,843.095,3,854.352,4,2,3.75909
16313,3,843.095,3,854.352,4,1,3.75834
16314,3,843.095,3,854.352,4,3,3.75759
16315,3,843.095,3,854.352,1,2,3.75684
16316,3,843.095,3,854.352,3,3,3.75609
16317,3,843.095,3,854.352,3,0,3.75533
16318,3,843.095,3,854.352,2,0,3.75458
16319,3,843.095,3,855.564,3,0,3.75383
16320,3,843.095,3,854.352,0,1,3.75308
16321,3,843.095,3,854.352,0,1,3.75233
16322,3,843.095,3,854.352,4,2,3.75158
16323,3,843.095,3,854.352,1,1,3.75083
16324,3,843.095,3,854.352,3,3,3.75008
16325,3,843.095,3,854.352,2,0,3.74933
16326,3,843.095,3,854.352,4,2,3.74858
16327,3,843.095,3,854.352,3,3,3.74783
16328,3,843.095,3,854.352,2,3,3.74708
16329,3,843.095,3,854.352,3,0,3.74633
16330,3,843.095,3,852.754,4,3,3.74558
16331,3,843.095,3,851.184,0,3,3.74483
16332,3,843.095,3,851.184,4,3,3.74408
16333,3,843.095,3,851.184,0,0,3.74334
16334,3,843.095,3,851.184,4,3,3.74259
16335,3,843.095,3,851.184,0,2,3.74184
16336,3,843.095,3,851.184,2,1,3.74109
16337,3,843.095,3,851.184,0,1,3.74034
16338,3,843.095,3,851.991,4,2,3.73959
16339,3,843.095,3,851.991,1,0,3.73885
16340,3,843.095,3,851.991,3,2,3.7381
16341,3,843.095,3,851.991,2,1,3.73735
16342,3,843.095,3,851.991,2,1,3.7366
16343,3,843.095,3,851.094,4,2,3.73586
16344,3,843.095,3,851.094,1,0,3.73511
16345,3,843.095,3,851.094,2,1,3.73436
16346,3,843.095,3,851.094,0,1,3.73361
16347,3,843.095,3,851.094,3,3,3.73287
16348,3,843.095,3,851.094,1,0,3.73212
16349,3,843.095,3,851.094,0,2,3.73137
16350,3,843.095,3,851.094,1,1,3.73063
16351,3,843.095,3,851.094,0,0,3.72988
16352,3,843.095,3,851.094,1,0,3.72914
16353,3,843.095,3,851.094,3,1,3.72839
16354,3,843.095,3,851.094,2,3,3.72764
16355,3,843.095,3,851.094,4,2,3.7269
16356,3,843.095,3,851.185,4,3,3.72615
16357,3,843.095,3,851.185,0,0,3.72541
16358,3,843.095,3,851.185,3,2,3.72466
16359,3,843.095,3,851.185,1,1,3.72392
16360,3,843.095,3,851.185,0,0,3.72317
16361,3,843.095,3,851.185,3,1,3.72243
16362,3,843.095,3,851.185,4,3,3.72168
16363,3,843.095,3,851.185,3,0,3.72094
16364,3,843.095,3,851.185,2,3,3.7202
16365,3,843.095,3,851.185,1,3,3.71945
16366,3,843.095,3,850.288,3,3,3.71871
16367,3,843.095,3,850.288,2,1,3.71796
16368,3,843.095,3,850.288,1,2,3.71722
16369,3,843.095,3,850.288,1,1,3.71648
16370,3,843.095,3,850.288,4,3,3.71573
16371,3,843.095,3,850.288,1,2,3.71499
16372,3,843.095,3,850.288,3,3,3.71425
16373,3,843.095,3,850.288,0,1,3.71351
16374,3,843.095,3,850.288,4,3,3.71276
16375,3,843.095,3,850.288,1,1,3.71202
16376,3,843.095,3,850.288,3,2,3.71128
16377,3,843.095,3,850.288,2,0,3.71054
16378,3,843.095,3,850.288,0,0,3.70979
16379,3,843.095,3,850.288,0,3,3.70905
16380,3,843.095,3,850.288,3,2,3.70831
16381,3,843.095,3,851.676,2,3,3.70757
16382,3,843.095,3,851.676,3,1,3.70683
16383,3,843.095,3,851.676,1,0,3.70609
16384,3,843.095,3,851.676,3,0,3.70534
16385,3,843.095,3,852.194,3,2,3.7046
16386,3,843.095,3,852.194,4,2,3.70386
16387,3,843.095,3,852.194,3,0,3.70312
16388,3,843.095,3,851.676,2,2,3.70238
16389,3,843.095,3,851.676,2,3,3.70164
16390,3,843.095,3,851.676,0,2,3.7009
16391,3,843.095,3,851.676,4,0,3.70016
16392,3,843.095,3,850.773,4,3,3.69942
16393,3,843.095,3,850.773,1,2,3.69868
16394,3,843.095,3,850.773,2,2,3.69794
16395,3,843.095,3,850.773,3,2,3.6972
16396,3,843.095,3,850.773,3,0,3.69646
16397,3,843.095,3,850.884,3,3,3.69572
16398,3,843.095,3,850.884,1,0,3.69498
16399,3,843.095,3,850.884,0,0,3.69424
16400,3,843.095,3,850.884,4,1,3.6935
16401,3,843.095,3,850.884,0,2,3.69277
16402,3,843.095,3,850.884,1,1,3.69203
16403,3,843.095,3,850.715,2,1,3.69129
16404,3,843.095,3,850.715,1,2,3.69055
16405,3,843.095,3,850.715,2,2,3.68981
16406,3,843.095,3,850.715,2,1,3.68907
16407,3,843.095,3,850.288,3,1,3.68834
16408,3,843.095,3,850.288,4,3,3.6876
16409,3,843.095,3,850.288,2,3,3.68686
16410,3,843.095,3,850.288,0,1,3.68612
16411,3,843.095,3,850.288,0,0,3.68539
16412,3,843.095,3,850.392,3,1,3.68465
16413,3,843.095,3,850.483,4,3,3.68391
16414,3,843.095,3,850.483,0,2,3.68318
16415,3,843.095,3,851.001,3,2,3.68244
16416,3,843.095,3,851.001,1,2,3.6817
16417,3,843.095,3,851.001,4,0,3.68097
16418,3,843.095,3,851.001,3,2,3.68023
16419,3,843.095,3,851.001,3,1,3.67949
16420,3,843.095,3,851.001,2,3,3.67876
16421,3,843.095,3,851.001,2,2,3.67802
16422,3,843.095,3,851.001,2,0,3.67729
16423,3,843.095,3,851.001,4,2,3.67655
16424,3,843.095,3,851.001,1,2,3.67582
16425,3,843.095,3,851.001,3,1,3.67508
16426,3,843.095,3,851.001,3,3,3.67435
16427,3,843.095,3,851.17,3,2,3.67361
16428,3,843.095,3,851.079,0,1,3.67288
16429,3,843.095,3,850.561,3,0,3.67214
16430,3,843.095,3,850.561,2,2,3.67141
16431,3,843.095,3,850.561,1,1,3.67067
16432,3,843.095,3,850.561,3,2,3.66994
16433,3,843.095,3,850.561,2,1,3.66921
16434,3,843.095,3,850.561,4,1,3.66847
16435,3,843.095,3,850.561,4,0,3.66774
16436,3,843.095,3,850.561,1,3,3.667
16437,3,843.095,3,850.457,3,0,3.66627
16438,3,843.095,3,851.079,0,3,3.66554
16439,3,843.095,3,851.079,0,3,3.6648
16440,3,843.095,3,851.079,3,3,3.66407
16441,3,843.095,3,851.079,4,0,3.66334
16442,3,843.095,3,858.552,3,3,3.66261
16443,3,843.095,3,865.005,2,2,3.66187
16444,3,843.095,3,865.005,0,2,3.66114
16445,3,843.095,3,863.915,3,1,3.66041
16446,3,843.095,3,863.915,3,1,3.65968
16447,3,843.095,3,863.915,1,2,3.65894
16448,3,843.095,3,863.915,4,3,3.65821
16449,3,843.095,3,863.915,2,3,3.65748
16450,3,843.095,3,863.915,2,3,3.65675
16451,3,843.095,3,863.915,4,1,3.65602
16452,3,843.095,3,863.915,2,2,3.65529
16453,3,843.095,3,863.915,0,3,3.65456
16454,3,843.095,3,863.915,4,1,3.65383
16455,3,843.095,3,863.81,0,1,3.65309
16456,3,843.095,3,863.81,1,2,3.65236
16457,3,843.095,3,863.81,0,1,3.65163
16458,3,843.095,3,869.933,3,0,3.6509
16459,3,843.095,3,869.764,4,1,3.65017
16460,3,843.095,3,868.886,2,0,3.64944
16461,3,843.095,3,868.886,4,0,3.64871
16462,3,843.095,3,868.886,3,0,3.64798
16463,3,843.095,3,869.371,3,3,3.64725
16464,3,843.095,3,869.371,2,2,3.64652
16465,3,843.095,3,870.986,3,2,3.64579
16466,3,843.095,3,870.986,1,1,3.64507
16467,3,843.095,3,868.434,4,3,3.64434
16468,3,843.095,3,868.117,0,1,3.64361
16469,3,843.095,3,870.634,4,3,3.64288
16470,3,843.095,3,870.634,1,0,3.64215
16471,3,843.095,3,870.634,1,2,3.64142
16472,3,843.095,3,870.95,0,2,3.64069
16473,3,843.095,3,870.95,2,0,3.63997
16474,3,843.095,3,870.465,4,2,3.63924
16475,3,843.095,3,870.465,3,3,3.63851
16476,3,843.095,3,870.465,4,3,3.63778
16477,3,843.095,3,866.6,2,3,3.63705
16478,3,843.095,3,866.6,0,2,3.63633
16479,3,843.095,3,866.6,1,3,3.6356
16480,3,843.095,3,866.6,4,0,3.63487
16481,3,843.095,3,866.6,2,0,3.63415
16482,3,843.095,3,866.6,4,2,3.63342
16483,3,843.095,3,861.623,2,1,3.63269
16484,3,843.095,3,861.623,1,3,3.63197
16485,3,843.095,3,859.746,4,1,3.63124
16486,3,843.095,3,859.746,0,1,3.63051
16487,3,843.095,3,866.121,2,2,3.62979
16488,3,843.095,3,866.121,4,0,3.62906
16489,3,843.095,3,865.816,4,1,3.62834
16490,3,843.095,3,864.727,0,0,3.62761
16491,3,843.095,3,862.79,4,2,3.62688
16492,3,843.095,3,862.79,4,1,3.62616
16493,3,843.095,3,862.679,3,0,3.62543
16494,3,843.095,3,862.679,0,0,3.62471
16495,3,843.095,3,861.081,3,0,3.62398
16496,3,843.095,3,861.081,3,1,3.62326
16497,3,843.095,3,861.081,0,1,3.62253
16498,3,843.095,3,861.081,3,0,3.62181
16499,3,843.095,3,861.081,1,2,3.62109
16500,3,843.095,3,861.081,0,0,3.62036
16501,3,843.095,3,861.081,4,1,3.61964
16502,3,843.095,3,861.081,2,2,3.61891
16503,3,843.095,3,861.081,3,3,3.61819
16504,3,843.095,3,861.081,0,2,3.61747
16505,3,843.095,3,861.081,2,0,3.61674
16506,3,843.095,3,861.081,4,0,3.61602
16507,3,843.095,3,861.081,4,0,3.6153
16508,3,843.095,3,861.386,4,0,3.61457
16509,3,843.095,3,861.386,1,2,3.61385
16510,3,843.095,3,861.386,4,2,3.61313
16511,3,843.095,3,860.879,2,3,3.6124
16512,3,843.095,3,860.879,1,3,3.61168
16513,3,843.095,3,860.879,1,1,3.61096
16514,3,843.095,3,860.879,1,2,3.61024
16515,3,843.095,3,860.879,4,3,3.60952
16516,3,843.095,3,860.879,4,0,3.60879
16517,3,843.095,3,860.879,1,1,3.60807
16518,3,843.095,3,860.879,0,2,3.60735
16519,3,843.095,3,860.879,2,0,3.60663
16520,3,843.095,3,860.879,3,1,3.60591
16521,3,843.095,3,861.087,4,1,3.60519
16522,3,843.095,3,861.087,3,1,3.60446
16523,3,843.095,3,861.087,3,1,3.60374
16524,3,843.095,3,861.087,2,2,3.60302
16525,3,843.095,3,861.087,0,3,3.6023
16526,3,843.095,3,861.087,4,1,3.60158
16527,3,843.095,3,861.087,2,2,3.60086
16528,3,843.095,3,861.087,0,2,3.60014
16529,3,843.095,3,861.87,0,3,3.59942
16530,3,843.095,3,861.87,2,2,3.5987
16531,3,843.095,3,861.793,3,3,3.59798
16532,3,843.095,3,866.032,3,3,3.59726
16533,3,843.095,3,866.032,4,3,3.59654
16534,3,843.095,3,866.032,3,3,3.59582
16535,3,843.095,3,870.531,3,0,3.5951
16536,3,843.095,3,870.531,3,2,3.59439
16537,3,843.095,3,866.292,2,2,3.59367
16538,3,843.095,3,860.393,0,0,3.59295
16539,3,843.095,3,863.123,3,1,3.59223
16540,3,843.095,3,863.556,4,3,3.59151
16541,3,843.095,3,860.826,2,1,3.59079
16542,3,843.095,3,860.826,1,2,3.59007
16543,3,843.095,3,860.826,1,0,3.58936
16544,3,843.095,3,860.826,1,1,3.58864
16545,3,843.095,3,861.557,3,0,3.58792
16546,3,843.095,3,861.557,3,3,3.5872
16547,3,843.095,3,861.726,2,3,3.58649
16548,3,843.095,3,861.726,1,3,3.58577
16549,3,843.095,3,861.726,3,2,3.58505
16550,3,843.095,3,861.726,0,1,3.58433
16551,3,843.095,3,861.726,1,3,3.58362
16552,3,843.095,3,856.999,2,3,3.5829
16553,3,843.095,3,856.999,1,2,3.58218
16554,3,843.095,3,857.925,3,0,3.58147
16555,3,843.095,3,857.925,4,1,3.58075
16556,3,843.095,3,857.925,1,2,3.58004
16557,3,843.095,3,857.925,4,0,3.57932
16558,3,843.095,3,857.925,0,1,3.5786
16559,3,843.095,3,857.925,4,2,3.57789
16560,3,843.095,3,857.925,3,3,3.57717
16561,3,843.095,3,853.954,2,1,3.57646
16562,3,843.095,3,853.954,1,3,3.57574
16563,3,843.095,3,855.354,2,2,3.57503
16564,3,843.095,3,855.354,3,3,3.57431
16565,3,843.095,3,855.354,1,2,3.5736
16566,3,843.095,3,855.354,1,1,3.57288
16567,3,843.095,3,855.354,4,3,3.57217
16568,3,843.095,3,855.82,2,0,3.57145
16569,3,843.095,3,855.82,1,3,3.57074
16570,3,843.095,3,855.82,1,2,3.57002
16571,3,843.095,3,856.137,3,0,3.56931
16572,3,843.095,3,856.137,1,0,3.5686
16573,3,843.095,3,856.137,3,3,3.56788
16574,3,843.095,3,856.137,3,0,3.56717
16575,3,843.095,3,855.67,3,1,3.56646
16576,3,843.095,3,855.67,1,0,3.56574
16577,3,843.095,3,855.67,1,2,3.56503
16578,3,843.095,3,855.67,1,0,3.56432
16579,3,843.095,3,856.137,2,3,3.5636
16580,3,843.095,3,856.137,3,1,3.56289
16581,3,843.095,3,856.137,2,0,3.56218
16582,3,843.095,3,856.137,4,1,3.56147
16583,3,843.095,3,856.137,1,2,3.56075
16584,3,843.095,3,856.137,1,0,3.56004
16585,3,843.095,3,856.137,1,2,3.55933
16586,3,843.095,3,856.137,2,0,3.55862
16587,3,843.095,3,856.137,1,3,3.55791
16588,3,843.095,3,856.137,3,2,3.55719
16589,3,843.095,3,855.989,0,3,3.55648
16590,3,843.095,3,855.989,4,3,3.55577
16591,3,843.095,3,855.523,4,1,3.55506
16592,3,843.095,3,855.523,3,2,3.55435
16593,3,843.095,3,855.523,0,2,3.55364
16594,3,843.095,3,855.523,1,3,3.55293
16595,3,843.095,3,855.523,0,2,3.55222
16596,3,843.095,3,857.121,2,0,3.55151
16597,3,843.095,3,857.121,2,0,3.5508
16598,3,843.095,3,857.121,1,2,3.55009
16599,3,843.095,3,853.47,4,0,3.54938
16600,3,843.095,3,853.47,1,2,3.54867
16601,3,843.095,3,853.47,1,2,3.54796
16602,3,843.095,3,853.47,1,1,3.54725
16603,3,843.095,3,853.47,4,1,3.54654
16604,3,843.095,3,853.47,3,1,3.54583
16605,3,843.095,3,852.874,4,1,3.54512
16606,3,843.095,3,852.874,4,3,3.54441
16607,3,843.095,3,852.874,2,0,3.5437
16608,3,843.095,3,852.874,1,0,3.54299
16609,3,843.095,3,852.874,2,3,3.54228
16610,3,843.095,3,852.874,1,0,3.54157
16611,3,843.095,3,852.57,0,1,3.54087
16612,3,843.095,3,852.137,0,2,3.54016
16613,3,843.095,3,852.137,3,0,3.53945
16614,3,843.095,3,852.137,0,1,3.53874
16615,3,843.095,3,852.137,0,2,3.53803
16616,3,843.095,3,852.137,1,0,3.53733
16617,3,843.095,3,852.137,1,1,3.53662
16618,3,843.095,3,852.137,4,0,3.53591
16619,3,843.095,3,850.539,3,1,3.53521
16620,3,843.095,3,850.539,2,1,3.5345
16621,3,843.095,3,850.539,4,3,3.53379
16622,3,843.095,3,850.539,0,0,3.53308
16623,3,843.095,3,850.708,2,2,3.53238
16624,3,843.095,3,850.708,2,1,3.53167
16625,3,843.095,3,850.539,0,2,3.53097
16626,3,843.095,3,850.539,3,2,3.53026
16627,3,843.095,3,850.539,1,2,3.52955
16628,3,843.095,3,850.539,1,3,3.52885
16629,3,843.095,3,850.539,1,2,3.52814
16630,3,843.095,3,850.539,3,1,3.52744
16631,3,843.095,3,850.539,3,3,3.52673
16632,3,843.095,3,850.539,0,2,3.52602
16633,3,843.095,3,850.539,1,3,3.52532
16634,3,843.095,3,850.539,4,3,3.52461
16635,3,843.095,3,851.134,2,0,3.52391
16636,3,843.095,3,850.539,4,2,3.5232
16637,3,843.095,3,850.539,2,0,3.5225
16638,3,843.095,3,852.875,3,0,3.5218
16639,3,843.095,3,852.649,0,3,3.52109
16640,3,843.095,3,852.649,4,0,3.52039
16641,3,843.095,3,852.966,0,2,3.51968
16642,3,843.095,3,852.649,0,2,3.51898
16643,3,843.095,3,852.649,0,0,3.51828
16644,3,843.095,3,852.649,2,0,3.51757
16645,3,843.095,3,852.649,1,3,3.51687
16646,3,843.095,3,852.649,3,3,3.51616
16647,3,843.095,3,852.649,1,0,3.51546
16648,3,843.095,3,854.049,3,2,3.51476
16649,3,843.095,3,853.456,4,0,3.51406
16650,3,843.095,3,853.456,1,1,3.51335
16651,3,843.095,3,853.456,0,0,3.51265
16652,3,843.095,3,853.456,1,0,3.51195
16653,3,843.095,3,853.456,4,1,3.51125
16654,3,843.095,3,852.649,4,3,3.51054
16655,3,843.095,3,852.649,2,0,3.50984
16656,3,843.095,3,852.649,2,0,3.50914
16657,3,843.095,3,852.649,2,2,3.50844
16658,3,843.095,3,852.649,1,1,3.50774
16659,3,843.095,3,852.649,1,2,3.50703
16660,3,843.095,3,852.649,0,1,3.50633
16661,3,843.095,3,852.818,2,3,3.50563
16662,3,843.095,3,852.818,1,2,3.50493
16663,3,843.095,3,852.818,0,3,3.50423
16664,3,843.095,3,852.818,0,3,3.50353
16665,3,843.095,3,852.818,0,1,3.50283
16666,3,843.095,3,852.818,3,1,3.50213
16667,3,843.095,3,852.818,0,3,3.50143
16668,3,843.095,3,852.818,3,0,3.50073
16669,3,843.095,3,852.818,2,0,3.50003
16670,3,843.095,3,852.818,1,3,3.49933
16671,3,843.095,3,852.818,1,1,3.49863
16672,3,843.095,3,852.649,2,2,3.49793
16673,3,843.095,3,855.275,2,3,3.49723
16674,3,843.095,3,855.591,4,3,3.49653
16675,3,843.095,3,852.966,4,2,3.49583
16676,3,843.095,3,853.788,3,2,3.49513
16677,3,843.095,3,853.788,1,0,3.49443
16678,3,843.095,3,853.788,1,2,3.49373
16679,3,843.095,3,852.966,2,0,3.49303
16680,3,843.095,3,852.966,0,2,3.49233
16681,3,843.095,3,853.772,0,2,3.49164
16682,3,843.095,3,857.763,2,0,3.49094
16683,3,843.095,3,857.763,4,0,3.49024
16684,3,843.095,3,857.763,1,1,3.48954
16685,3,843.095,3,857.763,3,0,3.48884
16686,3,843.095,3,857.763,1,0,3.48814
16687,3,843.095,3,857.763,2,2,3.48745
16688,3,843.095,3,857.763,0,0,3.48675
16689,3,843.095,3,857.763,2,1,3.48605
16690,3,843.095,3,857.763,0,2,3.48536
16691,3,843.095,3,857.763,4,0,3.48466
16692,3,843.095,3,854.594,4,2,3.48396
16693,3,843.095,3,854.594,1,3,3.48326
16694,3,843.095,3,853.772,3,2,3.48257
16695,3,843.095,3,853.772,1,3,3.48187
16696,3,843.095,3,853.772,2,2,3.48117
16697,3,843.095,3,853.772,2,0,3.48048
16698,3,843.095,3,853.772,4,3,3.47978
16699,3,843.095,3,853.772,4,1,3.47909
16700,3,843.095,3,853.772,2,0,3.47839
16701,3,843.095,3,853.772,0,0,3.4777
16702,3,843.095,3,853.772,0,2,3.477
16703,3,843.095,3,855.172,2,2,3.4763
16704,3,843.095,3,855.638,2,0,3.47561
16705,3,843.095,3,855.638,3,0,3.47491
16706,3,843.095,3,855.638,3,1,3.47422
16707,3,843.095,3,855.638,2,2,3.47352
16708,3,843.095,3,855.638,0,2,3.47283
16709,3,843.095,3,854.832,2,2,3.47213
16710,3,843.095,3,854.832,3,1,3.47144
16711,3,843.095,3,854.832,0,0,3.47075
16712,3,843.095,3,854.832,3,2,3.47005
16713,3,843.095,3,854.832,3,1,3.46936
16714,3,843.095,3,854.832,1,3,3.46866
16715,3,843.095,3,854.9,2,3,3.46797
16716,3,843.095,3,854.9,0,1,3.46728
16717,3,843.095,3,854.9,2,1,3.46658
16718,3,843.095,3,854.9,1,2,3.46589
16719,3,843.095,3,854.9,3,1,3.4652
16720,3,843.095,3,854.9,3,3,3.4645
16721,3,843.095,3,855.706,2,2,3.46381
16722,3,843.095,3,855.706,2,2,3.46312
16723,3,843.095,3,855.706,2,0,3.46243
16724,3,843.095,3,855.172,2,2,3.46173
16725,3,843.095,3,855.172,1,1,3.46104
16726,3,843.095,3,855.172,3,1,3.46035
16727,3,843.095,3,853.772,0,3,3.45966
16728,3,843.095,3,853.772,1,1,3.45896
16729,3,843.095,3,852.966,2,1,3.45827
16730,3,843.095,3,852.966,1,1,3.45758
16731,3,843.095,3,852.966,4,2,3.45689
16732,3,843.095,3,852.966,3,3,3.4562
16733,3,843.095,3,853.772,4,2,3.45551
16734,3,843.095,3,853.772,1,1,3.45482
16735,3,843.095,3,853.772,0,0,3.45412
16736,3,843.095,3,853.772,2,3,3.45343
16737,3,843.095,3,855.846,3,0,3.45274
16738,3,843.095,3,855.846,4,3,3.45205
16739,3,843.095,3,855.846,0,2,3.45136
16740,3,843.095,3,855.846,0,3,3.45067
16741,3,843.095,3,855.846,3,3,3.44998
16742,3,843.095,3,855.846,3,3,3.44929
16743,3,843.095,3,855.846,1,2,3.4486
16744,3,843.095,3,855.846,2,2,3.44791
16745,3,843.095,3,860.345,2,0,3.44722
16746,3,843.095,3,860.345,2,2,3.44653
16747,3,843.095,3,860.345,3,3,3.44584
16748,3,843.095,3,860.345,2,1,3.44515
16749,3,843.095,3,860.345,0,2,3.44447
16750,3,843.095,3,860.514,0,3,3.44378
16751,3,843.095,3,860.514,4,1,3.44309
16752,3,843.095,3,861.188,4,2,3.4424
16753,3,843.095,3,861.019,0,2,3.44171
16754,3,843.095,3,861.019,3,2,3.44102
16755,3,843.095,3,861.019,1,2,3.44033
16756,3,843.095,3,861.019,3,2,3.43965
16757,3,843.095,3,862.458,2,2,3.43896
16758,3,843.095,3,862.775,0,3,3.43827
16759,3,843.095,3,862.775,1,0,3.43758
16760,3,843.095,3,862.775,2,1,3.4369
16761,3,843.095,3,862.775,2,3,3.43621
16762,3,843.095,3,862.775,0,2,3.43552
16763,3,843.095,3,862.775,4,3,3.43483
16764,3,843.095,3,862.775,3,0,3.43415
16765,3,843.095,3,859.299,3,3,3.43346
16766,3,843.095,3,859.299,2,1,3.43277
16767,3,843.095,3,859.299,0,0,3.43209
16768,3,843.095,3,859.299,0,2,3.4314
16769,3,843.095,3,859.299,3,0,3.43071
16770,3,843.095,3,859.299,1,2,3.43003
16771,3,843.095,3,859.299,0,0,3.42934
16772,3,843.095,3,861.882,2,0,3.42866
16773,3,843.095,3,861.882,2,3,3.42797
16774,3,843.095,3,861.882,4,3,3.42728
16775,3,843.095,3,861.882,1,1,3.4266
16776,3,843.095,3,861.882,1,0,3.42591
16777,3,843.095,3,861.882,2,3,3.42523
16778,3,843.095,3,859.901,2,3,3.42454
16779,3,843.095,3,859.901,1,0,3.42386
16780,3,843.095,3,854.89,2,2,3.42317
16781,3,843.095,3,854.89,0,3,3.42249
16782,3,843.095,3,854.89,0,3,3.4218
16783,3,843.095,3,854.89,1,3,3.42112
16784,3,843.095,3,853.971,2,2,3.42044
16785,3,843.095,3,853.971,3,3,3.41975
16786,3,843.095,3,854.207,2,3,3.41907
16787,3,843.095,3,854.207,2,3,3.41838
16788,3,843.095,3,854.207,3,0,3.4177
16789,3,843.095,3,854.207,3,0,3.41702
16790,3,843.095,3,853.297,4,2,3.41633
16791,3,843.095,3,853.297,4,2,3.41565
16792,3,843.095,3,853.297,2,2,3.41497
16793,3,843.095,3,853.297,4,1,3.41428
16794,3,843.095,3,853.297,0,3,3.4136
16795,3,843.095,3,853.297,3,2,3.41292
16796,3,843.095,3,853.297,4,1,3.41224
16797,3,843.095,3,853.297,1,2,3.41155
16798,3,843.095,3,853.297,0,1,3.41087
16799,3,843.095,3,853.297,1,3,3.41019
16800,3,843.095,3,853.297,1,0,3.40951
16801,3,843.095,3,853.297,2,3,3.40883
16802,3,843.095,3,853.297,1,3,3.40814
16803,3,843.095,3,853.614,4,3,3.40746
16804,3,843.095,3,853.614,3,3,3.40678
16805,3,843.095,3,853.614,3,2,3.4061
16806,3,843.095,3,854.396,4,0,3.40542
16807,3,843.095,3,854.396,0,1,3.40474
16808,3,843.095,3,851.406,3,0,3.40406
16809,3,843.095,3,851.406,4,2,3.40337
16810,3,843.095,3,851.406,2,2,3.40269
16811,3,843.095,3,851.406,1,1,3.40201
16812,3,843.095,3,851.575,4,3,3.40133
16813,3,843.095,3,851.575,1,3,3.40065
16814,3,843.095,3,851.575,0,1,3.39997
16815,3,843.095,3,853.859,3,2,3.39929
16816,3,843.095,3,853.859,0,2,3.39861
16817,3,843.095,3,854.603,3,3,3.39793
16818,3,843.095,3,853.164,2,1,3.39725
16819,3,843.095,3,852.995,0,3,3.39657
16820,3,843.095,3,852.995,0,1,3.39589
16821,3,843.095,3,852.995,1,3,3.39522
16822,3,843.095,3,852.995,0,3,3.39454
16823,3,843.095,3,852.995,4,1,3.39386
16824,3,843.095,3,852.995,3,3,3.39318
16825,3,843.095,3,852.995,4,2,3.3925
16826,3,843.095,3,852.995,4,3,3.39182
16827,3,843.095,3,852.995,2,0,3.39114
16828,3,843.095,3,852.995,1,0,3.39047
16829,3,843.095,3,852.995,1,3,3.38979
16830,3,843.095,3,852.995,1,2,3.38911
16831,3,843.095,3,852.995,2,2,3.38843
16832,3,843.095,3,852.232,4,0,3.38775
16833,3,843.095,3,852.232,1,0,3.38708
16834,3,843.095,3,853.087,3,3,3.3864
16835,3,843.095,3,853.087,4,0,3.38572
16836,3,843.095,3,854.486,4,0,3.38504
16837,3,843.095,3,854.395,2,0,3.38437
16838,3,843.095,3,853.223,4,1,3.38369
16839,3,843.095,3,853.223,2,2,3.38301
16840,3,843.095,3,853.223,2,1,3.38234
16841,3,843.095,3,853.223,2,0,3.38166
16842,3,843.095,3,853.223,0,0,3.38098
16843,3,843.095,3,852.189,0,3,3.38031
16844,3,843.095,3,852.189,4,0,3.37963
16845,3,843.095,3,852.189,0,0,3.37896
16846,3,843.095,3,852.084,0,0,3.37828
16847,3,843.095,3,854.166,4,3,3.3776
16848,3,843.095,3,854.166,0,3,3.37693
16849,3,843.095,3,852.624,0,1,3.37625
16850,3,843.095,3,852.624,1,1,3.37558
16851,3,843.095,3,852.624,3,2,3.3749
16852,3,843.095,3,852.624,1,0,3.37423
16853,3,843.095,3,852.624,2,2,3.37355
16854,3,843.095,3,852.455,4,0,3.37288
16855,3,843.095,3,852.455,3,3,3.3722
16856,3,843.095,3,852.455,3,1,3.37153
16857,3,843.095,3,852.455,2,2,3.37086
16858,3,843.095,3,852.455,0,3,3.37018
16859,3,843.095,3,852.455,4,0,3.36951
16860,3,843.095,3,852.455,3,0,3.36883
16861,3,843.095,3,852.455,1,2,3.36816
16862,3,843.095,3,852.455,3,1,3.36749
16863,3,843.095,3,852.455,2,1,3.36681
16864,3,843.095,3,852.455,0,3,3.36614
16865,3,843.095,3,852.455,0,0,3.36547
16866,3,843.095,3,852.455,0,2,3.36479
16867,3,843.095,3,852.455,2,2,3.36412
16868,3,843.095,3,852.455,1,3,3.36345
16869,3,843.095,3,852.455,2,1,3.36277
16870,3,843.095,3,852.455,4,1,3.3621
16871,3,843.095,3,852.455,1,0,3.36143
16872,3,843.095,3,852.455,0,3,3.36076
16873,3,843.095,3,855.69,4,3,3.36009
16874,3,843.095,3,855.69,4,3,3.35941
16875,3,843.095,3,855.69,2,1,3.35874
16876,3,843.095,3,855.69,2,2,3.35807
16877,3,843.095,3,855.69,1,2,3.3574
16878,3,843.095,3,855.69,1,1,3.35673
16879,3,843.095,3,855.69,1,3,3.35605
16880,3,843.095,3,855.69,3,2,3.35538
16881,3,843.095,3,855.69,4,0,3.35471
16882,3,843.095,3,855.69,1,1,3.35404
16883,3,843.095,3,855.69,4,1,3.35337
16884,3,843.095,3,855.69,1,2,3.3527
16885,3,843.095,3,855.69,2,0,3.35203
16886,3,843.095,3,855.69,0,0,3.35136
16887,3,843.095,3,855.69,2,1,3.35069
16888,3,843.095,3,855.69,2,2,3.35002
16889,3,843.095,3,852.455,3,1,3.34935
16890,3,843.095,3,852.455,1,1,3.34868
16891,3,843.095,3,852.455,0,0,3.34801
16892,3,843.095,3,852.455,0,2,3.34734
16893,3,843.095,3,852.455,3,2,3.34667
16894,3,843.095,3,855.08,2,3,3.346
16895,3,843.095,3,855.08,0,2,3.34533
16896,3,843.095,3,855.08,2,3,3.34466
16897,3,843.095,3,853.854,2,1,3.34399
16898,3,843.095,3,852.455,0,2,3.34332
16899,3,843.095,3,852.455,4,1,3.34266
16900,3,843.095,3,852.455,4,3,3.34199
16901,3,843.095,3,852.455,4,1,3.34132
16902,3,843.095,3,852.455,4,2,3.34065
16903,3,843.095,3,852.455,4,1,3.33998
16904,3,843.095,3,852.455,1,0,3.33931
16905,3,843.095,3,852.455,3,1,3.33865
16906,3,843.095,3,852.455,4,3,3.33798
16907,3,843.095,3,852.455,4,2,3.33731
16908,3,843.095,3,852.455,0,3,3.33664
16909,3,843.095,3,854.628,0,3,3.33598
16910,3,843.095,3,854.628,4,1,3.33531
16911,3,843.095,3,853.806,3,2,3.33464
16912,3,843.095,3,853.806,2,1,3.33398
16913,3,843.095,3,853.806,3,0,3.33331
16914,3,843.095,3,853.806,0,2,3.33264
16915,3,843.095,3,853.806,1,2,3.33198
16916,3,843.095,3,853.806,4,1,3.33131
16917,3,843.095,3,853.806,1,2,3.33064
16918,3,843.095,3,853.806,3,1,3.32998
16919,3,843.095,3,853.806,0,3,3.32931
16920,3,843.095,3,853.806,3,0,3.32865
16921,3,843.095,3,853.806,3,2,3.32798
16922,3,843.095,3,856.527,4,2,3.32731
16923,3,843.095,3,856.527,0,1,3.32665
16924,3,843.095,3,855.246,4,1,3.32598
16925,3,843.095,3,855.246,4,0,3.32532
16926,3,843.095,3,856.068,2,2,3.32465
16927,3,843.095,3,856.068,1,0,3.32399
16928,3,843.095,3,856.068,3,2,3.32332
16929,3,843.095,3,863.56,2,2,3.32266
16930,3,843.095,3,860.503,3,1,3.32199
16931,3,843.095,3,860.819,4,3,3.32133
16932,3,843.095,3,861.278,0,0,3.32067
16933,3,843.095,3,861.278,4,2,3.32
16934,3,843.095,3,861.278,3,1,3.31934
16935,3,843.095,3,860.401,4,3,3.31867
16936,3,843.095,3,860.401,2,0,3.31801
16937,3,843.095,3,860.401,2,3,3.31735
16938,3,843.095,3,860.401,2,2,3.31668
16939,3,843.095,3,860.401,3,0,3.31602
16940,3,843.095,3,862.78,3,2,3.31536
16941,3,843.095,3,862.78,3,3,3.31469
16942,3,843.095,3,862.78,1,3,3.31403
16943,3,843.095,3,862.78,1,1,3.31337
16944,3,843.095,3,862.78,0,1,3.3127
16945,3,843.095,3,862.78,1,0,3.31204
16946,3,843.095,3,862.78,1,3,3.31138
16947,3,843.095,3,862.78,1,0,3.31072
16948,3,843.095,3,862.78,3,2,3.31005
16949,3,843.095,3,861.592,0,1,3.30939
16950,3,843.095,3,857.601,0,3,3.30873
16951,3,843.095,3,857.285,3,2,3.30807
16952,3,843.095,3,857.285,0,0,3.30741
16953,3,843.095,3,857.285,0,2,3.30675
16954,3,843.095,3,857.285,1,1,3.30608
16955,3,843.095,3,857.285,2,0,3.30542
16956,3,843.095,3,857.285,1,3,3.30476
16957,3,843.095,3,857.285,4,3,3.3041
16958,3,843.095,3,857.483,3,0,3.30344
16959,3,843.095,3,857.483,1,1,3.30278
16960,3,843.095,3,857.483,0,1,3.30212
16961,3,843.095,3,857.483,4,3,3.30146
16962,3,843.095,3,857.483,4,1,3.3008
16963,3,843.095,3,857.483,2,0,3.30014
16964,3,843.095,3,855.847,2,2,3.29948
16965,3,843.095,3,855.847,3,1,3.29882
16966,3,843.095,3,855.847,1,1,3.29816
16967,3,843.095,3,855.847,0,2,3.2975
16968,3,843.095,3,855.847,1,3,3.29684
16969,3,843.095,3,855.847,2,1,3.29618
16970,3,843.095,3,855.847,3,0,3.29552
16971,3,843.095,3,855.847,2,1,3.29486
16972,3,843.095,3,855.847,2,1,3.2942
16973,3,843.095,3,855.847,3,2,3.29354
16974,3,843.095,3,855.847,3,1,3.29289
16975,3,843.095,3,855.847,2,1,3.29223
16976,3,843.095,3,855.847,1,3,3.29157
16977,3,843.095,3,855.847,1,0,3.29091
16978,3,843.095,3,855.847,4,1,3.29025
16979,3,843.095,3,855.847,1,2,3.28959
16980,3,843.095,3,855.847,2,3,3.28894
16981,3,843.095,3,857.445,3,3,3.28828
16982,3,843.095,3,857.681,2,3,3.28762
16983,3,843.095,3,858.893,2,3,3.28696
16984,3,843.095,3,857.295,3,1,3.28631
16985,3,843.095,3,857.059,0,3,3.28565
16986,3,843.095,3,855.847,0,1,3.28499
16987,3,843.095,3,855.847,0,3,3.28433
16988,3,843.095,3,855.847,1,3,3.28368
16989,3,843.095,3,855.847,3,2,3.28302
16990,3,843.095,3,855.847,4,3,3.28236
16991,3,843.095,3,855.847,1,3,3.28171
16992,3,843.095,3,855.847,4,0,3.28105
16993,3,843.095,3,855.847,4,3,3.2804
16994,3,843.095,3,855.847,1,3,3.27974
16995,3,843.095,3,855.847,2,3,3.27908
16996,3,843.095,3,855.847,0,1,3.27843
16997,3,843.095,3,855.847,0,0,3.27777
16998,3,843.095,3,855.847,0,0,3.27712
16999,3,843.095,3,855.778,2,1,3.27646
17000,3,843.095,3,855.778,3,3,3.27581
17001,3,843.095,3,855.778,0,2,3.27515
17002,3,843.095,3,855.778,2,3,3.2745
17003,3,843.095,3,855.778,4,1,3.27384
17004,3,843.095,3,855.778,3,1,3.27319
17005,3,843.095,3,855.778,1,1,3.27253
17006,3,843.095,3,855.778,4,2,3.27188
17007,3,843.095,3,855.778,2,3,3.27122
17008,3,843.095,3,856.274,3,3,3.27057
17009,3,843.095,3,856.274,2,3,3.26991
17010,3,843.095,3,856.274,4,1,3.26926
17011,3,843.095,3,856.274,2,1,3.26861
17012,3,843.095,3,857.038,3,3,3.26795
17013,3,843.095,3,856.869,4,0,3.2673
17014,3,843.095,3,856.869,3,3,3.26664
17015,3,843.095,3,856.869,3,2,3.26599
17016,3,843.095,3,856.633,2,1,3.26534
17017,3,843.095,3,856.633,3,0,3.26469
17018,3,843.095,3,856.633,0,3,3.26403
17019,3,843.095,3,855.869,0,2,3.26338
17020,3,843.095,3,855.869,1,2,3.26273
17021,3,843.095,3,855.869,1,0,3.26207
17022,3,843.095,3,855.869,2,3,3.26142
17023,3,843.095,3,855.869,1,0,3.26077
17024,3,843.095,3,855.869,1,0,3.26012
17025,3,843.095,3,855.869,0,1,3.25947
17026,3,843.095,3,855.869,0,1,3.25881
17027,3,843.095,3,855.869,0,3,3.25816
17028,3,843.095,3,855.869,4,1,3.25751
17029,3,843.095,3,855.869,2,2,3.25686
17030,3,843.095,3,855.869,1,2,3.25621
17031,3,843.095,3,855.869,0,3,3.25556
17032,3,843.095,3,851.859,4,0,3.25491
17033,3,843.095,3,851.859,1,0,3.25425
17034,3,843.095,3,851.859,0,2,3.2536
17035,3,843.095,3,852.095,2,3,3.25295
17036,3,843.095,3,852.095,4,3,3.2523
17037,3,843.095,3,852.838,3,3,3.25165
17038,3,843.095,3,852.838,2,0,3.251
17039,3,843.095,3,853.568,3,2,3.25035
17040,3,843.095,3,852.658,4,0,3.2497
17041,3,843.095,3,852.658,4,3,3.24905
17042,3,843.095,3,852.658,1,0,3.2484
17043,3,843.095,3,852.658,0,2,3.24775
17044,3,843.095,3,852.658,3,0,3.2471
17045,3,843.095,3,852.59,3,3,3.24645
17046,3,843.095,3,851.994,0,0,3.2458
17047,3,843.095,3,851.994,2,1,3.24515
17048,3,843.095,3,851.994,1,3,3.2445
17049,3,843.095,3,850.962,0,2,3.24386
17050,3,843.095,3,851.119,3,0,3.24321
17051,3,843.095,3,851.119,3,1,3.24256
17052,3,843.095,3,851.119,3,1,3.24191
17053,3,843.095,3,851.119,1,1,3.24126
17054,3,843.095,3,851.585,2,3,3.24061
17055,3,843.095,3,851.585,1,2,3.23997
17056,3,843.095,3,851.585,2,1,3.23932
17057,3,843.095,3,851.067,0,1,3.23867
17058,3,843.095,3,851.067,1,0,3.23802
17059,3,843.095,3,851.067,1,0,3.23737
17060,3,843.095,3,851.067,4,3,3.23673
17061,3,843.095,3,851.067,0,0,3.23608
17062,3,843.095,3,851.384,3,0,3.23543
17063,3,843.095,3,851.384,0,3,3.23479
17064,3,843.095,3,851.384,0,0,3.23414
17065,3,843.095,3,851.279,4,0,3.23349
17066,3,843.095,3,851.279,3,2,3.23284
17067,3,843.095,3,851.279,1,0,3.2322
17068,3,843.095,3,850.813,2,1,3.23155
17069,3,843.095,3,854.422,2,0,3.23091
17070,3,843.095,3,854.422,0,0,3.23026
17071,3,843.095,3,854.422,1,2,3.22961
17072,3,843.095,3,854.422,4,3,3.22897
17073,3,843.095,3,854.422,2,0,3.22832
17074,3,843.095,3,854.422,1,1,3.22768
17075,3,843.095,3,854.422,4,2,3.22703
17076,3,843.095,3,854.422,0,2,3.22638
17077,3,843.095,3,854.422,2,0,3.22574
17078,3,843.095,3,854.422,4,0,3.22509
17079,3,843.095,3,854.105,0,2,3.22445
17080,3,843.095,3,853.299,0,1,3.2238
17081,3,843.095,3,853.299,4,1,3.22316
17082,3,843.095,3,853.299,0,0,3.22251
17083,3,843.095,3,852.832,4,2,3.22187
17084,3,843.095,3,852.239,0,3,3.22123
17085,3,843.095,3,852.239,1,0,3.22058
17086,3,843.095,3,852.239,0,0,3.21994
17087,3,843.095,3,852.239,3,1,3.21929
17088,3,843.095,3,852.239,1,3,3.21865
17089,3,843.095,3,852.239,1,3,3.21801
17090,3,843.095,3,852.239,3,1,3.21736
17091,3,843.095,3,851.602,4,2,3.21672
17092,3,843.095,3,851.433,0,1,3.21608
17093,3,843.095,3,851.433,2,1,3.21543
17094,3,843.095,3,851.433,1,0,3.21479
17095,3,843.095,3,851.433,4,0,3.21415
17096,3,843.095,3,851.433,1,0,3.2135
17097,3,843.095,3,851.433,2,3,3.21286
17098,3,843.095,3,851.433,3,3,3.21222
17099,3,843.095,3,851.433,2,1,3.21158
17100,3,843.095,3,851.433,0,2,3.21093
17101,3,843.095,3,851.433,1,0,3.21029
17102,3,843.095,3,851.433,2,3,3.20965
17103,3,843.095,3,851.433,1,1,3.20901
17104,3,843.095,3,851.433,4,2,3.20837
17105,3,843.095,3,851.433,2,1,3.20772
17106,3,843.095,3,851.433,2,2,3.20708
17107,3,843.095,3,851.433,4,1,3.20644
17108,3,843.095,3,851.75,4,0,3.2058
17109,3,843.095,3,852.556,4,2,3.20516
17110,3,843.095,3,852.556,3,3,3.20452
17111,3,843.095,3,852.556,2,0,3.20388
17112,3,843.095,3,852.556,3,2,3.20324
17113,3,843.095,3,852.239,3,1,3.2026
17114,3,843.095,3,852.239,2,0,3.20195
17115,3,843.095,3,852.239,2,2,3.20131
17116,3,843.095,3,852.239,4,2,3.20067
17117,3,843.095,3,852.239,1,1,3.20003
17118,3,843.095,3,852.239,4,0,3.19939
17119,3,843.095,3,852.239,4,2,3.19875
17120,3,843.095,3,852.913,4,1,3.19811
17121,3,843.095,3,852.913,3,1,3.19747
17122,3,843.095,3,854.313,2,1,3.19684
17123,3,843.095,3,854.313,1,3,3.1962
17124,3,843.095,3,854.313,1,1,3.19556
17125,3,843.095,3,854.313,2,1,3.19492
17126,3,843.095,3,854.779,0,3,3.19428
17127,3,843.095,3,854.779,4,3,3.19364
17128,3,843.095,3,854.779,1,2,3.193
17129,3,843.095,3,854.779,3,2,3.19236
17130,3,843.095,3,854.779,4,0,3.19172
17131,3,843.095,3,854.779,1,1,3.19109
17132,3,843.095,3,854.779,2,1,3.19045
17133,3,843.095,3,854.779,1,1,3.18981
17134,3,843.095,3,854.779,2,0,3.18917
17135,3,843.095,3,856.093,2,3,3.18853
17136,3,843.095,3,856.093,1,3,3.1879
17137,3,843.095,3,856.093,1,3,3.18726
17138,3,843.095,3,856.093,1,0,3.18662
17139,3,843.095,3,856.093,1,2,3.18598
17140,3,843.095,3,856.093,1,1,3.18535
17141,3,843.095,3,856.093,1,1,3.18471
17142,3,843.095,3,855.627,2,1,3.18407
17143,3,843.095,3,855.627,1,2,3.18344
17144,3,843.095,3,855.737,3,3,3.1828
17145,3,843.095,3,855.737,1,1,3.18216
17146,3,843.095,3,855.737,2,2,3.18153
17147,3,843.095,3,853.784,0,2,3.18089
17148,3,843.095,3,853.784,1,1,3.18025
17149,3,843.095,3,853.784,2,1,3.17962
17150,3,843.095,3,853.784,0,0,3.17898
17151,3,843.095,3,853.616,0,1,3.17835
17152,3,843.095,3,853.616,4,3,3.17771
17153,3,843.095,3,853.616,1,3,3.17707
17154,3,843.095,3,853.616,3,1,3.17644
17155,3,843.095,3,853.616,2,2,3.1758
17156,3,843.095,3,853.616,0,0,3.17517
17157,3,843.095,3,854.005,2,3,3.17453
17158,3,843.095,3,854.005,4,3,3.1739
17159,3,843.095,3,853.616,3,0,3.17326
17160,3,843.095,3,856.477,4,3,3.17263
17161,3,843.095,3,853.616,2,1,3.17199
17162,3,843.095,3,853.616,0,2,3.17136
17163,3,843.095,3,853.616,1,0,3.17073
17164,3,843.095,3,853.616,2,3,3.17009
17165,3,843.095,3,853.616,4,1,3.16946
17166,3,843.095,3,853.616,2,2,3.16882
17167,3,843.095,3,853.616,0,0,3.16819
17168,3,843.095,3,853.616,1,3,3.16756
17169,3,843.095,3,853.616,2,1,3.16692
17170,3,843.095,3,853.616,3,0,3.16629
17171,3,843.095,3,853.616,0,2,3.16566
17172,3,843.095,3,853.616,4,3,3.16502
17173,3,843.095,3,854.417,4,3,3.16439
17174,3,843.095,3,853.23,4,2,3.16376
17175,3,843.095,3,853.23,4,0,3.16312
17176,3,843.095,3,853.23,1,1,3.16249
17177,3,843.095,3,853.23,1,2,3.16186
17178,3,843.095,3,853.466,4,0,3.16123
17179,3,843.095,3,853.466,2,3,3.16059
17180,3,843.095,3,853.466,4,2,3.15996
17181,3,843.095,3,853.466,3,0,3.15933
17182,3,843.095,3,853.149,0,0,3.1587
17183,3,843.095,3,853.082,3,2,3.15807
17184,3,843.095,3,853.082,4,2,3.15744
17185,3,843.095,3,852.913,2,1,3.1568
17186,3,843.095,3,852.913,4,2,3.15617
17187,3,843.095,3,852.913,3,0,3.15554
17188,3,843.095,3,852.913,4,2,3.15491
17189,3,843.095,3,852.913,0,2,3.15428
17190,3,843.095,3,852.913,3,1,3.15365
17191,3,843.095,3,852.913,0,3,3.15302
17192,3,843.095,3,852.913,4,2,3.15239
17193,3,843.095,3,852.913,3,1,3.15176
17194,3,843.095,3,852.913,3,2,3.15113
17195,3,843.095,3,852.913,2,1,3.1505
17196,3,843.095,3,852.913,3,3,3.14987
17197,3,843.095,3,853.024,0,3,3.14924
17198,3,843.095,3,853.024,2,3,3.14861
17199,3,843.095,3,853.024,0,3,3.14798
17200,3,843.095,3,853.024,2,0,3.14735
17201,3,843.095,3,853.024,2,0,3.14672
17202,3,843.095,3,853.26,3,3,3.14609
17203,3,843.095,3,853.26,1,2,3.14546
17204,3,843.095,3,863.456,2,3,3.14483
17205,3,843.095,3,858.132,0,2,3.1442
17206,3,843.095,3,858.132,1,3,3.14357
17207,3,843.095,3,858.132,4,1,3.14294
17208,3,843.095,3,858.132,0,3,3.14231
17209,3,843.095,3,858.132,1,3,3.14169
17210,3,843.095,3,858.132,0,0,3.14106
17211,3,843.095,3,858.132,1,3,3.14043
17212,3,843.095,3,858.132,2,1,3.1398
17213,3,843.095,3,858.132,4,1,3.13917
17214,3,843.095,3,858.132,1,1,3.13855
17215,3,843.095,3,858.132,3,1,3.13792
17216,3,843.095,3,858.132,3,1,3.13729
17217,3,843.095,3,858.132,2,3,3.13666
17218,3,843.095,3,858.132,2,2,3.13604
17219,3,843.095,3,857.255,4,2,3.13541
17220,3,843.095,3,857.255,1,1,3.13478
17221,3,843.095,3,856.242,2,2,3.13415
17222,3,843.095,3,856.242,2,2,3.13353
17223,3,843.095,3,856.242,2,3,3.1329
17224,3,843.095,3,856.242,2,0,3.13227
17225,3,843.095,3,856.242,1,3,3.13165
17226,3,843.095,3,856.242,4,1,3.13102
17227,3,843.095,3,856.708,2,0,3.1304
17228,3,843.095,3,856.708,3,1,3.12977
17229,3,843.095,3,855.432,2,3,3.12914
17230,3,843.095,3,855.432,4,3,3.12852
17231,3,843.095,3,855.432,1,0,3.12789
17232,3,843.095,3,855.432,3,3,3.12727
17233,3,843.095,3,855.432,2,1,3.12664
17234,3,843.095,3,855.432,3,3,3.12602
17235,3,843.095,3,855.432,1,3,3.12539
17236,3,843.095,3,855.432,2,1,3.12476
17237,3,843.095,3,855.432,2,1,3.12414
17238,3,843.095,3,854.694,3,3,3.12352
17239,3,843.095,3,854.694,1,0,3.12289
17240,3,843.095,3,854.694,4,2,3.12227
17241,3,843.095,3,854.159,3,2,3.12164
17242,3,843.095,3,854.159,2,1,3.12102
17243,3,843.095,3,854.159,1,2,3.12039
17244,3,843.095,3,854.159,1,3,3.11977
17245,3,843.095,3,854.159,2,0,3.11914
17246,3,843.095,3,854.159,1,0,3.11852
17247,3,843.095,3,854.159,4,1,3.1179
17248,3,843.095,3,854.159,2,3,3.11727
17249,3,843.095,3,854.159,2,0,3.11665
17250,3,843.095,3,854.159,1,2,3.11603
17251,3,843.095,3,854.159,1,1,3.1154
17252,3,843.095,3,854.159,3,0,3.11478
17253,3,843.095,3,854.626,2,3,3.11416
17254,3,843.095,3,854.626,3,1,3.11353
17255,3,843.095,3,854.626,4,2,3.11291
17256,3,843.095,3,854.626,2,1,3.11229
17257,3,843.095,3,854.626,3,0,3.11167
17258,3,843.095,3,854.159,2,2,3.11104
17259,3,843.095,3,854.159,0,3,3.11042
17260,3,843.095,3,854.159,0,1,3.1098
17261,3,843.095,3,854.159,0,1,3.10918
17262,3,843.095,3,854.159,4,2,3.10856
17263,3,843.095,3,854.159,2,0,3.10793
17264,3,843.095,3,854.159,1,1,3.10731
17265,3,843.095,3,854.626,2,0,3.10669
17266,3,843.095,3,854.626,1,3,3.10607
17267,3,843.095,3,854.626,0,2,3.10545
17268,3,843.095,3,854.626,1,1,3.10483
17269,3,843.095,3,854.626,1,2,3.10421
17270,3,843.095,3,854.626,4,0,3.10359
17271,3,843.095,3,854.626,4,2,3.10297
17272,3,843.095,3,854.626,3,0,3.10235
17273,3,843.095,3,854.159,3,1,3.10172
17274,3,843.095,3,854.159,0,0,3.1011
17275,3,843.095,3,854.159,4,1,3.10048
17276,3,843.095,3,854.476,2,2,3.09986
17277,3,843.095,3,854.476,4,3,3.09924
17278,3,843.095,3,854.645,0,3,3.09862
17279,3,843.095,3,854.645,4,3,3.098
17280,3,843.095,3,854.645,2,1,3.09738
17281,3,843.095,3,854.645,2,3,3.09677
17282,3,843.095,3,854.645,0,3,3.09615
17283,3,843.095,3,854.645,0,1,3.09553
17284,3,843.095,3,854.645,2,1,3.09491
17285,3,843.095,3,855.111,2,0,3.09429
17286,3,843.095,3,855.111,3,2,3.09367
17287,3,843.095,3,854.795,3,3,3.09305
17288,3,843.095,3,854.795,1,3,3.09243
17289,3,843.095,3,854.795,3,0,3.09181
17290,3,843.095,3,854.795,0,0,3.0912
17291,3,843.095,3,854.795,3,2,3.09058
17292,3,843.095,3,854.795,4,3,3.08996
17293,3,843.095,3,854.795,2,0,3.08934
17294,3,843.095,3,854.626,3,3,3.08872
17295,3,843.095,3,854.626,4,0,3.08811
17296,3,843.095,3,854.159,4,2,3.08749
17297,3,843.095,3,854.159,0,2,3.08687
17298,3,843.095,3,854.159,1,2,3.08625
17299,3,843.095,3,854.159,3,3,3.08564
17300,3,843.095,3,854.159,0,2,3.08502
17301,3,843.095,3,854.159,0,1,3.0844
17302,3,843.095,3,854.159,2,1,3.08378
17303,3,843.095,3,854.159,1,2,3.08317
17304,3,843.095,3,854.159,0,3,3.08255
17305,3,843.095,3,854.159,4,3,3.08193
17306,3,843.095,3,854.159,2,1,3.08132
17307,3,843.095,3,854.159,1,0,3.0807
17308,3,843.095,3,852.649,0,3,3.08009
17309,3,843.095,3,852.649,4,3,3.07947
17310,3,843.095,3,852.649,3,2,3.07885
17311,3,843.095,3,852.649,1,0,3.07824
17312,3,843.095,3,852.649,3,0,3.07762
17313,3,843.095,3,852.649,4,3,3.07701
17314,3,843.095,3,851.433,3,1,3.07639
17315,3,843.095,3,851.433,1,0,3.07578
17316,3,843.095,3,851.659,4,3,3.07516
17317,3,843.095,3,851.659,3,1,3.07455
17318,3,843.095,3,851.659,2,2,3.07393
17319,3,843.095,3,851.659,1,1,3.07332
17320,3,843.095,3,852.465,4,0,3.0727
17321,3,843.095,3,851.763,4,1,3.07209
17322,3,843.095,3,851.763,3,3,3.07147
17323,3,843.095,3,851.659,0,2,3.07086
17324,3,843.095,3,851.659,4,2,3.07024
17325,3,843.095,3,851.659,2,2,3.06963
17326,3,843.095,3,851.433,4,1,3.06902
17327,3,843.095,3,851.433,4,1,3.0684
17328,3,843.095,3,851.433,1,0,3.06779
17329,3,843.095,3,851.854,3,3,3.06718
17330,3,843.095,3,851.75,0,0,3.06656
17331,3,843.095,3,851.75,4,3,3.06595
17332,3,843.095,3,851.75,4,0,3.06534
17333,3,843.095,3,851.75,1,3,3.06472
17334,3,843.095,3,851.433,0,2,3.06411
17335,3,843.095,3,851.433,1,2,3.0635
17336,3,843.095,3,851.433,4,1,3.06288
17337,3,843.095,3,851.544,4,3,3.06227
17338,3,843.095,3,851.544,3,3,3.06166
17339,3,843.095,3,853.45,4,3,3.06105
17340,3,843.095,3,853.45,4,1,3.06043
17341,3,843.095,3,853.45,1,3,3.05982
17342,3,843.095,3,853.45,0,0,3.05921
17343,3,843.095,3,851.648,0,1,3.0586
17344,3,843.095,3,852.023,3,2,3.05799
17345,3,843.095,3,852.023,0,3,3.05738
17346,3,843.095,3,851.854,4,2,3.05676
17347,3,843.095,3,851.854,4,2,3.05615
17348,3,843.095,3,851.75,4,0,3.05554
17349,3,843.095,3,851.75,0,2,3.05493
17350,3,843.095,3,851.75,1,1,3.05432
17351,3,843.095,3,851.75,2,2,3.05371
17352,3,843.095,3,851.75,1,1,3.0531
17353,3,843.095,3,851.75,0,2,3.05249
17354,3,843.095,3,851.75,4,3,3.05188
17355,3,843.095,3,851.75,0,2,3.05127
17356,3,843.095,3,851.433,2,2,3.05066
17357,3,843.095,3,851.433,1,3,3.05005
17358,3,843.095,3,851.433,1,1,3.04944
17359,3,843.095,3,851.433,4,1,3.04883
17360,3,843.095,3,851.433,1,2,3.04822
17361,3,843.095,3,851.433,2,3,3.04761
17362,3,843.095,3,851.433,0,2,3.047
17363,3,843.095,3,851.433,1,3,3.04639
17364,3,843.095,3,851.433,2,2,3.04578
17365,3,843.095,3,851.433,0,2,3.04517
17366,3,843.095,3,851.433,0,2,3.04456
17367,3,843.095,3,851.433,2,3,3.04395
17368,3,843.095,3,851.433,0,2,3.04334
17369,3,843.095,3,851.433,2,0,3.04273
17370,3,843.095,3,851.433,0,3,3.04213
17371,3,843.095,3,851.433,2,3,3.04152
17372,3,843.095,3,851.75,0,2,3.04091
17373,3,843.095,3,851.75,1,0,3.0403
17374,3,843.095,3,851.75,3,2,3.03969
17375,3,843.095,3,851.854,4,1,3.03908
17376,3,843.095,3,851.854,4,2,3.03848
17377,3,843.095,3,851.538,3,3,3.03787
17378,3,843.095,3,851.538,0,1,3.03726
17379,3,843.095,3,851.648,3,3,3.03665
17380,3,843.095,3,851.648,1,2,3.03605
17381,3,843.095,3,851.648,0,1,3.03544
17382,3,843.095,3,851.538,4,3,3.03483
17383,3,843.095,3,851.538,0,0,3.03423
17384,3,843.095,3,851.538,0,2,3.03362
17385,3,843.095,3,851.538,3,0,3.03301
17386,3,843.095,3,851.538,4,0,3.0324
17387,3,843.095,3,853.64,2,3,3.0318
17388,3,843.095,3,853.64,3,0,3.03119
17389,3,843.095,3,853.572,4,3,3.03059
17390,3,843.095,3,854.09,0,0,3.02998
17391,3,843.095,3,853.455,2,2,3.02937
17392,3,843.095,3,853.455,1,1,3.02877
17393,3,843.095,3,853.455,1,2,3.02816
17394,3,843.095,3,853.455,4,3,3.02756
17395,3,843.095,3,851.538,3,3,3.02695
17396,3,843.095,3,851.538,1,0,3.02635
17397,3,843.095,3,851.538,1,1,3.02574
17398,3,843.095,3,851.538,0,0,3.02514
17399,3,843.095,3,852.147,3,3,3.02453
17400,3,843.095,3,852.147,2,0,3.02393
17401,3,843.095,3,852.147,1,3,3.02332
17402,3,843.095,3,851.538,3,1,3.02272
17403,3,843.095,3,849.201,4,2,3.02211
17404,3,843.095,3,849.201,1,3,3.02151
17405,3,843.095,3,849.292,4,3,3.0209
17406,3,843.095,3,849.292,4,0,3.0203
17407,3,843.095,3,849.292,3,2,3.01969
17408,3,843.095,3,849.292,0,0,3.01909
17409,3,843.095,3,849.609,4,3,3.01849
17410,3,843.095,3,849.609,0,3,3.01788
17411,3,843.095,3,850.056,0,0,3.01728
17412,3,843.095,3,853.361,0,0,3.01668
17413,3,843.095,3,853.572,2,0,3.01607
17414,3,843.095,3,853.572,1,2,3.01547
17415,3,843.095,3,850.758,0,3,3.01487
17416,3,843.095,3,850.758,1,3,3.01426
17417,3,843.095,3,850.758,1,0,3.01366
17418,3,843.095,3,850.758,2,3,3.01306
17419,3,843.095,3,850.758,0,1,3.01245
17420,3,843.095,3,850.758,4,1,3.01185
17421,3,843.095,3,850.758,3,1,3.01125
17422,3,843.095,3,850.758,1,2,3.01065
17423,3,843.095,3,850.758,3,1,3.01005
17424,3,843.095,3,850.758,0,3,3.00944
17425,3,843.095,3,850.758,2,1,3.00884
17426,3,843.095,3,850.927,3,2,3.00824
17427,3,843.095,3,850.927,3,2,3.00764
17428,3,843.095,3,852.018,0,3,3.00704
17429,3,843.095,3,854.643,2,3,3.00644
17430,3,843.095,3,854.643,4,3,3.00583
17431,3,843.095,3,854.474,4,1,3.00523
17432,3,843.095,3,851.849,2,1,3.00463
17433,3,843.095,3,851.849,1,1,3.00403
17434,3,843.095,3,851.46,0,2,3.00343
17435,3,843.095,3,851.074,4,0,3.00283
17436,3,843.095,3,851.074,1,1,3.00223
17437,3,843.095,3,850.268,2,0,3.00163
17438,3,843.095,3,850.268,2,3,3.00103
17439,3,843.095,3,850.268,4,2,3.00043
17440,3,843.095,3,850.268,1,3,2.99983
17441,3,843.095,3,850.268,3,1,2.99923
17442,3,843.095,3,850.268,1,2,2.99863
17443,3,843.095,3,851.667,2,2,2.99803
17444,3,843.095,3,852.201,2,3,2.99743
17445,3,843.095,3,852.201,2,3,2.99683
17446,3,843.095,3,852.824,4,0,2.99623
17447,3,843.095,3,852.824,3,0,2.99563
17448,3,843.095,3,852.824,4,1,2.99503
17449,3,843.095,3,852.824,2,1,2.99443
17450,3,843.095,3,852.824,4,3,2.99383
17451,3,843.095,3,852.824,2,0,2.99323
17452,3,843.095,3,852.824,4,2,2.99264
17453,3,843.095,3,853.338,4,3,2.99204
17454,3,843.095,3,852.596,4,2,2.99144
17455,3,843.095,3,852.596,1,1,2.99084
17456,3,843.095,3,852.596,1,3,2.99024
17457,3,843.095,3,852.596,2,0,2.98964
17458,3,843.095,3,852.078,0,3,2.98905
17459,3,843.095,3,852.007,3,3,2.98845
17460,3,843.095,3,851.903,4,1,2.98785
17461,3,843.095,3,851.586,4,3,2.98725
17462,3,843.095,3,851.586,4,3,2.98666
17463,3,843.095,3,851.586,1,3,2.98606
17464,3,843.095,3,851.586,0,1,2.98546
17465,3,843.095,3,851.586,0,2,2.98486
17466,3,843.095,3,851.586,1,0,2.98427
17467,3,843.095,3,851.476,4,1,2.98367
17468,3,843.095,3,851.567,4,3,2.98307
17469,3,843.095,3,851.567,0,3,2.98248
17470,3,843.095,3,851.567,0,0,2.98188
17471,3,843.095,3,851.567,1,0,2.98128
17472,3,843.095,3,851.476,3,1,2.98069
17473,3,843.095,3,851.476,0,2,2.98009
17474,3,843.095,3,851.476,2,1,2.9795
17475,3,843.095,3,851.476,3,3,2.9789
17476,3,843.095,3,851.476,0,1,2.9783
17477,3,843.095,3,851.476,1,0,2.97771
17478,3,843.095,3,851.476,2,2,2.97711
17479,3,843.095,3,851.476,1,0,2.97652
17480,3,843.095,3,851.476,1,0,2.97592
17481,3,843.095,3,851.476,4,3,2.97533
17482,3,843.095,3,851.476,0,3,2.97473
17483,3,843.095,3,851.476,0,1,2.97414
17484,3,843.095,3,851.476,4,2,2.97354
17485,3,843.095,3,851.476,2,1,2.97295
17486,3,843.095,3,851.58,4,1,2.97235
17487,3,843.095,3,851.58,2,1,2.97176
17488,3,843.095,3,851.476,0,0,2.97116
17489,3,843.095,3,851.476,1,2,2.97057
17490,3,843.095,3,851.476,1,0,2.96998
17491,3,843.095,3,850.288,4,1,2.96938
17492,3,843.095,3,850.288,3,3,2.96879
17493,3,843.095,3,850.288,2,2,2.96819
17494,3,843.095,3,850.288,3,2,2.9676
17495,3,843.095,3,850.392,3,3,2.96701
17496,3,843.095,3,850.392,1,2,2.96641
17497,3,843.095,3,851.604,4,3,2.96582
17498,3,843.095,3,851.822,2,3,2.96523
17499,3,843.095,3,851.822,0,1,2.96463
17500,3,843.095,3,851.754,2,3,2.96404
17501,3,843.095,3,851.754,4,3,2.96345
17502,3,843.095,3,851.754,0,2,2.96286
17503,3,843.095,3,855.571,4,0,2.96226
17504,3,843.095,3,855.571,3,3,2.96167
17505,3,843.095,3,855.402,3,1,2.96108
17506,3,843.095,3,855.617,4,3,2.96049
17507,3,843.095,3,855.507,0,0,2.95989
17508,3,843.095,3,855.507,0,0,2.9593
17509,3,843.095,3,855.507,2,1,2.95871
17510,3,843.095,3,851.067,2,0,2.95812
17511,3,843.095,3,851.067,2,0,2.95753
17512,3,843.095,3,851.067,3,0,2.95694
17513,3,843.095,3,851.067,4,2,2.95634
17514,3,843.095,3,851.067,1,1,2.95575
17515,3,843.095,3,851.067,1,3,2.95516
17516,3,843.095,3,851.067,3,0,2.95457
17517,3,843.095,3,851.067,1,1,2.95398
17518,3,843.095,3,851.067,0,1,2.95339
17519,3,843.095,3,851.067,4,1,2.9528
17520,3,843.095,3,851.067,1,0,2.95221
17521,3,843.095,3,850.962,2,2,2.95162
17522,3,843.095,3,850.962,2,2,2.95103
17523,3,843.095,3,850.962,1,3,2.95044
17524,3,843.095,3,850.962,0,2,2.94985
17525,3,843.095,3,850.962,4,0,2.94926
17526,3,843.095,3,850.962,1,3,2.94867
17527,3,843.095,3,850.962,1,0,2.94808
17528,3,843.095,3,850.962,4,2,2.94749
17529,3,843.095,3,850.962,4,0,2.9469
17530,3,843.095,3,850.962,3,0,2.94631
17531,3,843.095,3,850.962,1,0,2.94572
17532,3,843.095,3,858.455,4,3,2.94513
17533,3,843.095,3,859.077,3,0,2.94454
17534,3,843.095,3,859.077,1,0,2.94395
17535,3,843.095,3,859.077,4,3,2.94336
17536,3,843.095,3,859.077,4,3,2.94278
17537,3,843.095,3,859.077,2,3,2.94219
17538,3,843.095,3,858.559,2,2,2.9416
17539,3,843.095,3,858.559,3,1,2.94101
17540,3,843.095,3,858.559,4,1,2.94042
17541,3,843.095,3,858.559,1,3,2.93983
17542,3,843.095,3,858.559,0,0,2.93925
17543,3,843.095,3,858.559,4,3,2.93866
17544,3,843.095,3,858.559,2,0,2.93807
17545,3,843.095,3,858.559,0,0,2.93748
17546,3,843.095,3,858.559,4,0,2.93689
17547,3,843.095,3,858.559,4,0,2.93631
17548,3,843.095,3,858.876,4,2,2.93572
17549,3,843.095,3,858.876,2,2,2.93513
17550,3,843.095,3,858.876,1,3,2.93455
17551,3,843.095,3,858.41,3,0,2.93396
17552,3,843.095,3,858.41,3,0,2.93337
17553,3,843.095,3,858.579,3,3,2.93279
17554,3,843.095,3,858.796,0,0,2.9322
17555,3,843.095,3,861.378,3,3,2.93161
17556,3,843.095,3,861.378,4,3,2.93103
17557,3,843.095,3,858.579,0,0,2.93044
17558,3,843.095,3,851.086,3,2,2.92985
17559,3,843.095,3,851.086,3,3,2.92927
17560,3,843.095,3,851.086,1,1,2.92868
17561,3,843.095,3,851.086,4,0,2.9281
17562,3,843.095,3,851.086,4,1,2.92751
17563,3,843.095,3,851.086,0,0,2.92693
17564,3,843.095,3,851.086,3,2,2.92634
17565,3,843.095,3,849.518,0,0,2.92575
17566,3,843.095,3,849.518,3,1,2.92517
17567,3,843.095,3,849.518,3,3,2.92458
17568,3,843.095,3,849.518,0,0,2.924
17569,3,843.095,3,849.518,4,0,2.92341
17570,3,843.095,3,852.823,4,2,2.92283
17571,3,843.095,3,852.823,2,3,2.92225
17572,3,843.095,3,852.992,0,3,2.92166
17573,3,843.095,3,852.992,1,2,2.92108
17574,3,843.095,3,850.389,3,2,2.92049
17575,3,843.095,3,850.389,1,2,2.91991
17576,3,843.095,3,850.389,3,0,2.91932
17577,3,843.095,3,850.389,4,3,2.91874
17578,3,843.095,3,850.389,1,2,2.91816
17579,3,843.095,3,850.072,3,3,2.91757
17580,3,843.095,3,850.072,2,0,2.91699
17581,3,843.095,3,849.903,3,0,2.91641
17582,3,843.095,3,849.903,3,1,2.91582
17583,3,843.095,3,849.903,3,3,2.91524
17584,3,843.095,3,849.903,1,1,2.91466
17585,3,843.095,3,850.78,4,3,2.91407
17586,3,843.095,3,850.78,3,3,2.91349
17587,3,843.095,3,850.347,2,0,2.91291
17588,3,843.095,3,850.347,0,2,2.91233
17589,3,843.095,3,850.347,1,3,2.91174
17590,3,843.095,3,850.347,4,0,2.91116
17591,3,843.095,3,850.347,4,1,2.91058
17592,3,843.095,3,850.347,1,3,2.91
17593,3,843.095,3,850.347,1,1,2.90941
17594,3,843.095,3,856.653,4,0,2.90883
17595,3,843.095,3,856.653,1,3,2.90825
17596,3,843.095,3,855.846,3,1,2.90767
17597,3,843.095,3,855.846,0,0,2.90709
17598,3,843.095,3,855.846,3,1,2.90651
17599,3,843.095,3,855.846,4,1,2.90593
17600,3,843.095,3,855.951,3,2,2.90534
17601,3,843.095,3,855.951,4,2,2.90476
17602,3,843.095,3,855.951,1,2,2.90418
17603,3,843.095,3,855.951,0,3,2.9036
17604,3,843.095,3,855.951,1,0,2.90302
17605,3,843.095,3,855.846,0,1,2.90244
17606,3,843.095,3,855.846,1,1,2.90186
17607,3,843.095,3,855.846,3,1,2.90128
17608,3,843.095,3,855.157,0,1,2.9007
17609,3,843.095,3,855.157,1,1,2.90012
17610,3,843.095,3,855.157,0,2,2.89954
17611,3,843.095,3,852.213,3,3,2.89896
17612,3,843.095,3,852.029,3,3,2.89838
17613,3,843.095,3,852.029,4,0,2.8978
17614,3,843.095,3,852.029,3,2,2.89722
17615,3,843.095,3,851.562,3,1,2.89664
17616,3,843.095,3,851.562,1,2,2.89606
17617,3,843.095,3,852.029,0,3,2.89548
17618,3,843.095,3,852.029,1,2,2.8949
17619,3,843.095,3,852.029,1,1,2.89432
17620,3,843.095,3,852.029,1,0,2.89374
17621,3,843.095,3,852.029,4,0,2.89317
17622,3,843.095,3,852.029,4,1,2.89259
17623,3,843.095,3,852.029,2,0,2.89201
17624,3,843.095,3,852.029,4,1,2.89143
17625,3,843.095,3,852.029,3,2,2.89085
17626,3,843.095,3,852.029,2,3,2.89027
17627,3,843.095,3,852.029,2,3,2.8897
17628,3,843.095,3,852.029,2,1,2.88912
17629,3,843.095,3,852.029,1,3,2.88854
17630,3,843.095,3,852.029,2,1,2.88796
17631,3,843.095,3,852.029,3,0,2.88738
17632,3,843.095,3,852.029,4,0,2.88681
17633,3,843.095,3,852.029,3,2,2.88623
17634,3,843.095,3,852.029,1,0,2.88565
17635,3,843.095,3,851.511,0,3,2.88508
17636,3,843.095,3,851.511,4,3,2.8845
17637,3,843.095,3,851.406,0,0,2.88392
17638,3,843.095,3,851.406,0,2,2.88334
17639,3,843.095,3,851.406,4,3,2.88277
17640,3,843.095,3,851.406,2,0,2.88219
17641,3,843.095,3,851.406,4,3,2.88162
17642,3,843.095,3,851.406,0,0,2.88104
17643,3,843.095,3,851.497,0,3,2.88046
17644,3,843.095,3,851.497,1,3,2.87989
17645,3,843.095,3,851.497,2,2,2.87931
17646,3,843.095,3,851.497,2,3,2.87873
17647,3,843.095,3,851.723,4,3,2.87816
17648,3,843.095,3,851.723,2,2,2.87758
17649,3,843.095,3,851.723,1,1,2.87701
17650,3,843.095,3,851.723,3,1,2.87643
17651,3,843.095,3,851.723,0,0,2.87586
17652,3,843.095,3,851.406,3,3,2.87528
17653,3,843.095,3,851.511,4,1,2.87471
17654,3,843.095,3,851.511,4,1,2.87413
17655,3,843.095,3,851.511,4,2,2.87356
17656,3,843.095,3,851.067,4,2,2.87298
17657,3,843.095,3,851.067,4,1,2.87241
17658,3,843.095,3,851.067,4,1,2.87183
17659,3,843.095,3,851.067,4,1,2.87126
17660,3,843.095,3,851.067,4,0,2.87068
17661,3,843.095,3,851.067,2,2,2.87011
17662,3,843.095,3,851.067,4,2,2.86954
17663,3,843.095,3,850.962,0,0,2.86896
17664,3,843.095,3,850.962,4,3,2.86839
17665,3,843.095,3,850.962,4,0,2.86782
17666,3,843.095,3,850.962,3,0,2.86724
17667,3,843.095,3,850.962,1,1,2.86667
17668,3,843.095,3,850.962,3,1,2.86609
17669,3,843.095,3,851.073,4,2,2.86552
17670,3,843.095,3,851.073,1,1,2.86495
17671,3,843.095,3,851.073,0,2,2.86438
17672,3,843.095,3,851.073,3,3,2.8638
17673,3,843.095,3,851.073,1,3,2.86323
17674,3,843.095,3,850.711,3,3,2.86266
17675,3,843.095,3,850.711,0,3,2.86208
17676,3,843.095,3,850.711,1,2,2.86151
17677,3,843.095,3,850.711,1,3,2.86094
17678,3,843.095,3,850.88,3,2,2.86037
17679,3,843.095,3,849.481,4,1,2.8598
17680,3,843.095,3,849.481,3,2,2.85922
17681,3,843.095,3,849.312,0,1,2.85865
17682,3,843.095,3,849.201,0,2,2.85808
17683,3,843.095,3,849.201,0,0,2.85751
17684,3,843.095,3,849.201,1,2,2.85694
17685,3,843.095,3,849.201,0,1,2.85637
17686,3,843.095,3,849.201,2,1,2.85579
17687,3,843.095,3,849.201,1,2,2.85522
17688,3,843.095,3,849.201,2,2,2.85465
17689,3,843.095,3,849.097,3,0,2.85408
17690,3,843.095,3,849.097,1,2,2.85351
17691,3,843.095,3,849.097,2,3,2.85294
17692,3,843.095,3,849.097,3,0,2.85237
17693,3,843.095,3,849.097,3,0,2.8518
17694,3,843.095,3,849.097,4,3,2.85123
17695,3,843.095,3,849.097,1,3,2.85066
17696,3,843.095,3,849.097,4,3,2.85009
17697,3,843.095,3,849.097,1,1,2.84952
17698,3,843.095,3,849.097,3,0,2.84895
17699,3,843.095,3,849.097,0,1,2.84838
17700,3,843.095,3,849.097,0,0,2.84781
17701,3,843.095,3,849.097,1,2,2.84724
17702,3,843.095,3,849.097,4,3,2.84667
17703,3,843.095,3,849.097,2,3,2.8461
17704,3,843.095,3,849.097,2,2,2.84553
17705,3,843.095,3,849.097,0,3,2.84496
17706,3,843.095,3,849.097,1,1,2.84439
17707,3,843.095,3,849.097,3,1,2.84382
17708,3,843.095,3,849.097,2,2,2.84326
17709,3,843.095,3,849.097,3,1,2.84269
17710,3,843.095,3,849.207,0,3,2.84212
17711,3,843.095,3,849.207,4,2,2.84155
17712,3,843.095,3,849.207,0,3,2.84098
17713,3,843.095,3,849.207,4,1,2.84041
17714,3,843.095,3,849.207,2,3,2.83984
17715,3,843.095,3,849.207,2,1,2.83928
17716,3,843.095,3,850.014,0,2,2.83871
17717,3,843.095,3,849.207,2,1,2.83814
17718,3,843.095,3,849.207,3,2,2.83757
17719,3,843.095,3,849.207,1,1,2.83701
17720,3,843.095,3,849.207,4,2,2.83644
17721,3,843.095,3,849.207,2,2,2.83587
17722,3,843.095,3,849.207,1,0,2.8353
17723,3,843.095,3,849.207,4,2,2.83474
17724,3,843.095,3,849.207,0,1,2.83417
17725,3,843.095,3,849.207,1,1,2.8336
17726,3,843.095,3,849.207,1,1,2.83304
17727,3,843.095,3,849.207,0,3,2.83247
17728,3,843.095,3,849.207,0,0,2.8319
17729,3,843.095,3,849.207,4,0,2.83134
17730,3,843.095,3,849.097,3,1,2.83077
17731,3,843.095,3,849.097,3,3,2.8302
17732,3,843.095,3,849.097,2,0,2.82964
17733,3,843.095,3,857.506,4,3,2.82907
17734,3,843.095,3,857.506,3,2,2.82851
17735,3,843.095,3,854.954,2,3,2.82794
17736,3,843.095,3,854.954,2,1,2.82738
17737,3,843.095,3,854.954,3,0,2.82681
17738,3,843.095,3,854.954,1,3,2.82625
17739,3,843.095,3,854.954,1,3,2.82568
17740,3,843.095,3,854.954,1,2,2.82511
17741,3,843.095,3,854.954,1,2,2.82455
17742,3,843.095,3,854.954,2,3,2.82398
17743,3,843.095,3,854.954,4,1,2.82342
17744,3,843.095,3,855.123,2,3,2.82286
17745,3,843.095,3,854.954,3,1,2.82229
17746,3,843.095,3,855.123,2,2,2.82173
17747,3,843.095,3,855.123,2,1,2.82116
17748,3,843.095,3,855.123,2,1,2.8206
17749,3,843.095,3,855.123,4,0,2.82003
17750,3,843.095,3,855.123,2,0,2.81947
17751,3,843.095,3,855.123,4,0,2.81891
17752,3,843.095,3,855.123,0,3,2.81834
17753,3,843.095,3,856.772,3,0,2.81778
17754,3,843.095,3,856.772,1,3,2.81721
17755,3,843.095,3,856.772,1,3,2.81665
17756,3,843.095,3,856.772,4,2,2.81609
17757,3,843.095,3,856.772,2,1,2.81552
17758,3,843.095,3,856.772,2,0,2.81496
17759,3,843.095,3,856.603,0,0,2.8144
17760,3,843.095,3,857.372,4,2,2.81384
17761,3,843.095,3,858.7,4,3,2.81327
17762,3,843.095,3,858.182,4,0,2.81271
17763,3,843.095,3,858.182,3,1,2.81215
17764,3,843.095,3,858.182,2,2,2.81159
17765,3,843.095,3,858.182,4,2,2.81102
17766,3,843.095,3,858.182,3,1,2.81046
17767,3,843.095,3,858.182,2,0,2.8099
17768,3,843.095,3,858.182,3,2,2.80934
17769,3,843.095,3,858.182,1,2,2.80877
17770,3,843.095,3,856.55,3,0,2.80821
17771,3,843.095,3,856.55,0,3,2.80765
17772,3,843.095,3,857.083,3,2,2.80709
17773,3,843.095,3,856.76,4,2,2.80653
17774,3,843.095,3,856.76,0,0,2.80597
17775,3,843.095,3,855.361,0,0,2.80541
17776,3,843.095,3,855.361,0,1,2.80484
17777,3,843.095,3,855.361,1,1,2.80428
17778,3,843.095,3,855.044,4,2,2.80372
17779,3,843.095,3,855.044,3,0,2.80316
17780,3,843.095,3,855.044,3,1,2.8026
17781,3,843.095,3,858.908,0,3,2.80204
17782,3,843.095,3,858.908,2,3,2.80148
17783,3,843.095,3,858.908,1,3,2.80092
17784,3,843.095,3,858.908,3,1,2.80036
17785,3,843.095,3,858.908,1,3,2.7998
17786,3,843.095,3,863.148,0,3,2.79924
17787,3,843.095,3,863.148,1,0,2.79868
17788,3,843.095,3,863.148,0,2,2.79812
17789,3,843.095,3,855.213,2,2,2.79756
17790,3,843.095,3,854.948,2,0,2.797
17791,3,843.095,3,854.948,1,2,2.79644
17792,3,843.095,3,854.948,3,2,2.79588
17793,3,843.095,3,854.948,4,1,2.79532
17794,3,843.095,3,854.948,1,1,2.79476
17795,3,843.095,3,854.779,2,3,2.79421
17796,3,843.095,3,857.221,2,0,2.79365
17797,3,843.095,3,857.221,3,1,2.79309
17798,3,843.095,3,857.538,3,0,2.79253
17799,3,843.095,3,857.538,0,1,2.79197
17800,3,843.095,3,857.538,1,3,2.79141
17801,3,843.095,3,857.538,1,2,2.79085
17802,3,843.095,3,857.538,1,0,2.7903
17803,3,843.095,3,857.538,3,1,2.78974
17804,3,843.095,3,857.538,0,0,2.78918
17805,3,843.095,3,857.538,3,0,2.78862
17806,3,843.095,3,857.538,0,0,2.78806
17807,3,843.095,3,857.538,0,2,2.78751
17808,3,843.095,3,857.538,3,3,2.78695
17809,3,843.095,3,857.538,1,2,2.78639
17810,3,843.095,3,857.221,3,1,2.78583
17811,3,843.095,3,857.221,4,0,2.78528
17812,3,843.095,3,857.538,3,2,2.78472
17813,3,843.095,3,857.538,4,3,2.78416
17814,3,843.095,3,857.629,2,3,2.78361
17815,3,843.095,3,857.629,3,1,2.78305
17816,3,843.095,3,857.629,1,2,2.78249
17817,3,843.095,3,857.629,2,1,2.78194
17818,3,843.095,3,857.629,3,2,2.78138
17819,3,843.095,3,857.629,1,0,2.78082
17820,3,843.095,3,859.427,0,2,2.78027
17821,3,843.095,3,859.019,3,3,2.77971
17822,3,843.095,3,868.871,2,2,2.77916
17823,3,843.095,3,868.871,2,0,2.7786
17824,3,843.095,3,868.871,1,3,2.77804
17825,3,843.095,3,868.871,1,2,2.77749
17826,3,843.095,3,870.27,3,2,2.77693
17827,3,843.095,3,869.916,4,0,2.77638
17828,3,843.095,3,869.916,3,1,2.77582
17829,3,843.095,3,869.916,1,2,2.77527
17830,3,843.095,3,868.516,0,0,2.77471
17831,3,843.095,3,868.516,0,1,2.77416
17832,3,843.095,3,868.516,4,0,2.7736
17833,3,843.095,3,868.516,1,2,2.77305
17834,3,843.095,3,867.134,0,1,2.77249
17835,3,843.095,3,867.134,1,1,2.77194
17836,3,843.095,3,867.134,3,2,2.77138
17837,3,843.095,3,867.134,3,2,2.77083
17838,3,843.095,3,864.787,3,2,2.77028
17839,3,843.095,3,864.787,1,0,2.76972
17840,3,843.095,3,864.787,0,0,2.76917
17841,3,843.095,3,863.623,3,0,2.76861
17842,3,843.095,3,863.623,2,0,2.76806
17843,3,843.095,3,863.623,1,1,2.76751
17844,3,843.095,3,863.623,1,1,2.76695
17845,3,843.095,3,863.623,2,3,2.7664
17846,3,843.095,3,863.623,3,2,2.76585
17847,3,843.095,3,863.623,0,2,2.76529
17848,3,843.095,3,858.954,3,0,2.76474
17849,3,843.095,3,858.954,3,2,2.76419
17850,3,843.095,3,858.954,1,1,2.76363
17851,3,843.095,3,858.954,1,1,2.76308
17852,3,843.095,3,857.553,4,0,2.76253
17853,3,843.095,3,857.553,1,0,2.76198
17854,3,843.095,3,857.553,3,2,2.76142
17855,3,843.095,3,857.553,4,0,2.76087
17856,3,843.095,3,857.553,4,3,2.76032
17857,3,843.095,3,857.553,3,2,2.75977
17858,3,843.095,3,857.553,0,1,2.75922
17859,3,843.095,3,857.553,2,3,2.75866
17860,3,843.095,3,857.553,4,2,2.75811
17861,3,843.095,3,857.553,1,1,2.75756
17862,3,843.095,3,857.553,0,3,2.75701
17863,3,843.095,3,857.553,1,3,2.75646
17864,3,843.095,3,857.869,3,3,2.75591
17865,3,843.095,3,857.869,3,1,2.75536
17866,3,843.095,3,857.869,1,3,2.7548
17867,3,843.095,3,858.216,0,0,2.75425
17868,3,843.095,3,855.895,3,1,2.7537
17869,3,843.095,3,855.895,0,0,2.75315
17870,3,843.095,3,857.808,4,3,2.7526
17871,3,843.095,3,856.931,0,0,2.75205
17872,3,843.095,3,857.397,2,0,2.7515
17873,3,843.095,3,857.397,2,3,2.75095
17874,3,843.095,3,857.397,0,0,2.7504
17875,3,843.095,3,857.397,1,2,2.74985
17876,3,843.095,3,857.397,1,3,2.7493
17877,3,843.095,3,857.397,0,0,2.74875
17878,3,843.095,3,857.397,1,3,2.7482
17879,3,843.095,3,857.397,2,3,2.74765
17880,3,843.095,3,857.397,3,3,2.7471
17881,3,843.095,3,857.397,1,0,2.74655
17882,3,843.095,3,857.397,1,3,2.746
17883,3,843.095,3,857.397,2,2,2.74545
17884,3,843.095,3,857.397,2,0,2.7449
17885,3,843.095,3,857.397,3,2,2.74435
17886,3,843.095,3,857.397,3,3,2.74381
17887,3,843.095,3,857.397,3,3,2.74326
17888,3,843.095,3,857.397,4,3,2.74271
17889,3,843.095,3,856.931,2,2,2.74216
17890,3,843.095,3,856.486,3,1,2.74161
17891,3,843.095,3,856.486,2,1,2.74106
17892,3,843.095,3,856.486,2,1,2.74052
17893,3,843.095,3,855.086,4,2,2.73997
17894,3,843.095,3,855.086,1,0,2.73942
17895,3,843.095,3,855.086,2,0,2.73887
17896,3,843.095,3,855.086,3,3,2.73832
17897,3,843.095,3,855.086,2,0,2.73778
17898,3,843.095,3,855.086,2,0,2.73723
17899,3,843.095,3,855.255,4,2,2.73668
17900,3,843.095,3,855.255,3,0,2.73613
17901,3,843.095,3,854.449,4,0,2.73559
17902,3,843.095,3,854.449,2,3,2.73504
17903,3,843.095,3,854.449,1,2,2.73449
17904,3,843.095,3,854.449,3,3,2.73395
17905,3,843.095,3,854.449,2,0,2.7334
17906,3,843.095,3,854.449,4,2,2.73285
17907,3,843.095,3,854.449,0,1,2.73231
17908,3,843.095,3,854.449,1,2,2.73176
17909,3,843.095,3,854.597,4,3,2.73121
17910,3,843.095,3,855.996,3,0,2.73067
17911,3,843.095,3,855.996,1,1,2.73012
17912,3,843.095,3,855.1,4,1,2.72957
17913,3,843.095,3,855.1,3,3,2.72903
17914,3,843.095,3,855.1,4,1,2.72848
17915,3,843.095,3,855.1,2,1,2.72794
17916,3,843.095,3,855.1,1,2,2.72739
17917,3,843.095,3,855.566,2,0,2.72685
17918,3,843.095,3,855.566,1,3,2.7263
17919,3,843.095,3,853.661,2,2,2.72575
17920,3,843.095,3,853.344,4,1,2.72521
17921,3,843.095,3,853.344,4,0,2.72466
17922,3,843.095,3,853.344,3,2,2.72412
17923,3,843.095,3,853.344,2,2,2.72357
17924,3,843.095,3,853.344,4,1,2.72303
17925,3,843.095,3,853.344,4,2,2.72249
17926,3,843.095,3,853.344,1,2,2.72194
17927,3,843.095,3,853.344,0,3,2.7214
17928,3,843.095,3,851.945,4,2,2.72085
17929,3,843.095,3,851.945,1,0,2.72031
17930,3,843.095,3,851.945,1,2,2.71976
17931,3,843.095,3,851.945,1,3,2.71922
17932,3,843.095,3,851.945,1,3,2.71868
17933,3,843.095,3,851.945,4,1,2.71813
17934,3,843.095,3,851.945,4,3,2.71759
17935,3,843.095,3,851.945,1,1,2.71705
17936,3,843.095,3,851.945,3,2,2.7165
17937,3,843.095,3,852.056,0,3,2.71596
17938,3,843.095,3,852.862,0,2,2.71542
17939,3,843.095,3,852.862,2,1,2.71487
17940,3,843.095,3,852.862,4,2,2.71433
17941,3,843.095,3,852.862,3,0,2.71379
17942,3,843.095,3,852.862,2,2,2.71324
17943,3,843.095,3,854.261,2,2,2.7127
17944,3,843.095,3,853.062,0,2,2.71216
17945,3,843.095,3,853.062,1,1,2.71162
17946,3,843.095,3,851.413,2,2,2.71107
17947,3,843.095,3,850.607,4,1,2.71053
17948,3,843.095,3,850.607,3,1,2.70999
17949,3,843.095,3,850.607,0,2,2.70945
17950,3,843.095,3,853.883,3,0,2.70891
17951,3,843.095,3,853.883,1,0,2.70836
17952,3,843.095,3,853.883,1,2,2.70782
17953,3,843.095,3,853.883,0,0,2.70728
17954,3,843.095,3,853.883,1,0,2.70674
17955,3,843.095,3,853.883,3,0,2.7062
17956,3,843.095,3,853.883,1,3,2.70566
17957,3,843.095,3,853.883,0,1,2.70512
17958,3,843.095,3,852.484,2,0,2.70457
17959,3,843.095,3,852.106,0,1,2.70403
17960,3,843.095,3,850.104,0,3,2.70349
17961,3,843.095,3,850.104,3,3,2.70295
17962,3,843.095,3,850.104,4,0,2.70241
17963,3,843.095,3,850.104,3,3,2.70187
17964,3,843.095,3,849.993,3,3,2.70133
17965,3,843.095,3,849.993,1,0,2.70079
17966,3,843.095,3,849.993,4,0,2.70025
17967,3,843.095,3,849.993,0,1,2.69971
17968,3,843.095,3,849.993,4,1,2.69917
17969,3,843.095,3,850.098,3,1,2.69863
17970,3,843.095,3,850.098,2,3,2.69809
17971,3,843.095,3,850.098,3,2,2.69755
17972,3,843.095,3,849.993,4,0,2.69701
17973,3,843.095,3,849.993,1,0,2.69647
17974,3,843.095,3,849.993,2,0,2.69593
17975,3,843.095,3,849.993,4,0,2.69539
17976,3,843.095,3,849.993,0,2,2.69485
17977,3,843.095,3,849.993,1,3,2.69432
17978,3,843.095,3,849.993,1,2,2.69378
17979,3,843.095,3,849.993,2,2,2.69324
17980,3,843.095,3,849.993,4,1,2.6927
17981,3,843.095,3,849.993,1,3,2.69216
17982,3,843.095,3,849.993,1,0,2.69162
17983,3,843.095,3,849.993,0,3,2.69108
17984,3,843.095,3,849.993,1,3,2.69055
17985,3,843.095,3,849.993,2,2,2.69001
17986,3,843.095,3,849.993,3,0,2.68947
17987,3,843.095,3,849.993,0,1,2.68893
17988,3,843.095,3,849.993,4,1,2.68839
17989,3,843.095,3,849.993,4,0,2.68786
17990,3,843.095,3,849.993,4,2,2.68732
17991,3,843.095,3,849.993,4,0,2.68678
17992,3,843.095,3,849.993,0,2,2.68624
17993,3,843.095,3,849.993,0,0,2.68571
17994,3,843.095,3,849.993,0,2,2.68517
17995,3,843.095,3,849.993,1,3,2.68463
17996,3,843.095,3,849.993,3,0,2.6841
17997,3,843.095,3,850.085,4,3,2.68356
17998,3,843.095,3,850.085,1,1,2.68302
17999,3,843.095,3,850.085,2,3,2.68249
18000,3,843.095,3,849.993,4,1,2.68195
18001,3,843.095,3,849.993,0,3,2.68141
18002,3,843.095,3,849.993,0,1,2.68088
18003,3,843.095,3,849.097,4,0,2.68034
18004,3,843.095,3,849.097,2,2,2.6798
18005,3,843.095,3,849.097,4,2,2.67927
18006,3,843.095,3,849.097,3,1,2.67873
18007,3,843.095,3,849.097,3,1,2.6782
18008,3,843.095,3,849.097,0,1,2.67766
18009,3,843.095,3,849.097,3,2,2.67713
18010,3,843.095,3,849.097,3,0,2.67659
18011,3,843.095,3,849.097,3,0,2.67605
18012,3,843.095,3,849.097,0,1,2.67552
18013,3,843.095,3,849.097,1,3,2.67498
18014,3,843.095,3,849.097,4,1,2.67445
18015,3,843.095,3,849.097,3,3,2.67391
18016,3,843.095,3,849.097,1,1,2.67338
18017,3,843.095,3,849.097,1,1,2.67284
18018,3,843.095,3,849.097,2,2,2.67231
18019,3,843.095,3,849.097,3,2,2.67178
18020,3,843.095,3,849.097,1,0,2.67124
18021,3,843.095,3,849.097,4,2,2.67071
18022,3,843.095,3,849.097,0,2,2.67017
18023,3,843.095,3,849.097,1,3,2.66964
18024,3,843.095,3,849.097,0,3,2.66911
18025,3,843.095,3,849.097,4,0,2.66857
18026,3,843.095,3,849.097,2,1,2.66804
18027,3,843.095,3,849.097,4,2,2.6675
18028,3,843.095,3,849.097,4,2,2.66697
18029,3,843.095,3,849.097,3,0,2.66644
18030,3,843.095,3,849.097,0,0,2.6659
18031,3,843.095,3,849.097,0,0,2.66537
18032,3,843.095,3,849.097,1,2,2.66484
18033,3,843.095,3,849.097,1,2,2.6643
18034,3,843.095,3,849.097,2,0,2.66377
18035,3,843.095,3,849.097,3,3,2.66324
18036,3,843.095,3,849.097,4,0,2.66271
18037,3,843.095,3,849.097,0,3,2.66217
18038,3,843.095,3,849.097,0,3,2.66164
18039,3,843.095,3,849.097,0,3,2.66111
18040,3,843.095,3,849.097,2,3,2.66058
18041,3,843.095,3,849.097,2,2,2.66004
18042,3,843.095,3,849.097,3,1,2.65951
18043,3,843.095,3,849.097,4,1,2.65898
18044,3,843.095,3,849.097,2,2,2.65845
18045,3,843.095,3,849.097,0,0,2.65792
18046,3,843.095,3,849.097,1,0,2.65739
18047,3,843.095,3,849.097,4,1,2.65685
18048,3,843.095,3,849.993,4,2,2.65632
18049,3,843.095,3,849.993,4,1,2.65579
18050,3,843.095,3,849.993,3,1,2.65526
18051,3,843.095,3,849.993,0,3,2.65473
18052,3,843.095,3,849.993,2,0,2.6542
18053,3,843.095,3,849.993,0,3,2.65367
18054,3,843.095,3,849.993,2,1,2.65314
18055,3,843.095,3,849.993,3,1,2.65261
18056,3,843.095,3,849.993,0,0,2.65208
18057,3,843.095,3,849.993,3,2,2.65155
18058,3,843.095,3,849.993,3,1,2.65101
18059,3,843.095,3,849.993,4,2,2.65048
18060,3,843.095,3,849.993,1,2,2.64995
18061,3,843.095,3,849.918,3,0,2.64942
18062,3,843.095,3,849.918,0,0,2.64889
18063,3,843.095,3,849.918,4,3,2.64837
18064,3,843.095,3,849.918,1,1,2.64784
18065,3,843.095,3,849.918,2,0,2.64731
18066,3,843.095,3,849.918,4,1,2.64678
18067,3,843.095,3,849.918,3,2,2.64625
18068,3,843.095,3,849.918,0,2,2.64572
18069,3,843.095,3,849.903,2,0,2.64519
18070,3,843.095,3,849.903,3,0,2.64466
18071,3,843.095,3,849.903,0,3,2.64413
18072,3,843.095,3,849.903,1,1,2.6436
18073,3,843.095,3,849.903,3,0,2.64307
18074,3,843.095,3,849.903,0,0,2.64254
18075,3,843.095,3,849.903,0,1,2.64202
18076,3,843.095,3,849.903,4,2,2.64149
18077,3,843.095,3,849.903,0,3,2.64096
18078,3,843.095,3,849.903,3,3,2.64043
18079,3,843.095,3,849.903,2,3,2.6399
18080,3,843.095,3,849.903,3,1,2.63937
18081,3,843.095,3,851.302,3,0,2.63885
18082,3,843.095,3,849.903,0,2,2.63832
18083,3,843.095,3,849.903,3,0,2.63779
18084,3,843.095,3,849.903,2,0,2.63726
18085,3,843.095,3,849.903,1,2,2.63674
18086,3,843.095,3,849.097,4,3,2.63621
18087,3,843.095,3,849.097,3,1,2.63568
18088,3,843.095,3,849.097,3,2,2.63515
18089,3,843.095,3,849.097,4,1,2.63463
18090,3,843.095,3,849.097,0,2,2.6341
18091,3,843.095,3,849.097,1,0,2.63357
18092,3,843.095,3,850.22,4,3,2.63305
18093,3,843.095,3,849.903,0,1,2.63252
18094,3,843.095,3,850.893,4,0,2.63199
18095,3,843.095,3,850.577,4,1,2.63147
18096,3,843.095,3,850.577,2,2,2.63094
18097,3,843.095,3,850.577,0,1,2.63042
18098,3,843.095,3,850.577,4,3,2.62989
18099,3,843.095,3,850.577,3,1,2.62936
18100,3,843.095,3,850.577,4,3,2.62884
18101,3,843.095,3,850.577,1,1,2.62831
18102,3,843.095,3,850.577,3,2,2.62779
18103,3,843.095,3,850.577,1,3,2.62726
18104,3,843.095,3,850.577,0,2,2.62674
18105,3,843.095,3,850.577,4,0,2.62621
18106,3,843.095,3,850.577,4,0,2.62568
18107,3,843.095,3,850.577,3,1,2.62516
18108,3,843.095,3,850.577,1,3,2.62463
18109,3,843.095,3,850.577,4,2,2.62411
18110,3,843.095,3,850.577,2,1,2.62358
18111,3,843.095,3,850.577,3,1,2.62306
18112,3,843.095,3,850.577,3,1,2.62254
18113,3,843.095,3,850.577,0,1,2.62201
18114,3,843.095,3,850.577,2,0,2.62149
18115,3,843.095,3,850.577,3,1,2.62096
18116,3,843.095,3,850.577,1,1,2.62044
18117,3,843.095,3,850.577,0,2,2.61991
18118,3,843.095,3,850.577,2,2,2.61939
18119,3,843.095,3,850.577,0,1,2.61887
18120,3,843.095,3,850.577,3,3,2.61834
18121,3,843.095,3,852.967,3,0,2.61782
18122,3,843.095,3,852.089,2,3,2.61729
18123,3,843.095,3,852.089,0,1,2.61677
18124,3,843.095,3,852.089,3,3,2.61625
18125,3,843.095,3,852.089,3,3,2.61572
18126,3,843.095,3,852.089,4,2,2.6152
18127,3,843.095,3,852.089,1,3,2.61468
18128,3,843.095,3,852.089,0,1,2.61416
18129,3,843.095,3,854.816,0,2,2.61363
18130,3,843.095,3,862.033,3,1,2.61311
18131,3,843.095,3,862.033,3,0,2.61259
18132,3,843.095,3,855.133,0,0,2.61207
18133,3,843.095,3,855.133,3,1,2.61154
18134,3,843.095,3,855.133,3,0,2.61102
18135,3,843.095,3,855.133,4,2,2.6105
18136,3,843.095,3,855.369,0,0,2.60998
18137,3,843.095,3,855.369,3,2,2.60945
18138,3,843.095,3,855.369,2,3,2.60893
18139,3,843.095,3,855.369,1,1,2.60841
18140,3,843.095,3,855.369,2,3,2.60789
18141,3,843.095,3,855.369,1,1,2.60737
18142,3,843.095,3,855.369,2,2,2.60685
18143,3,843.095,3,855.133,0,1,2.60632
18144,3,843.095,3,855.131,4,2,2.6058
18145,3,843.095,3,855.131,4,0,2.60528
18146,3,843.095,3,855.131,2,0,2.60476
18147,3,843.095,3,855.131,2,2,2.60424
18148,3,843.095,3,853.731,2,1,2.60372
18149,3,843.095,3,853.731,3,0,2.6032
18150,3,843.095,3,853.731,1,1,2.60268
18151,3,843.095,3,853.731,1,3,2.60216
18152,3,843.095,3,853.731,3,1,2.60164
18153,3,843.095,3,853.731,0,2,2.60112
18154,3,843.095,3,853.731,1,2,2.6006
18155,3,843.095,3,853.415,4,3,2.60008
18156,3,843.095,3,853.415,0,3,2.59956
18157,3,843.095,3,853.415,0,2,2.59904
18158,3,843.095,3,853.415,3,1,2.59852
18159,3,843.095,3,853.415,4,0,2.598
18160,3,843.095,3,853.415,3,3,2.59748
18161,3,843.095,3,853.415,4,2,2.59696
18162,3,843.095,3,853.415,2,2,2.59644
18163,3,843.095,3,853.651,2,3,2.59592
18164,3,843.095,3,853.415,2,2,2.5954
18165,3,843.095,3,853.415,3,0,2.59488
18166,3,843.095,3,853.415,2,1,2.59436
18167,3,843.095,3,853.415,3,0,2.59384
18168,3,843.095,3,853.82,2,3,2.59332
18169,3,843.095,3,851.536,0,1,2.59281
18170,3,843.095,3,851.536,1,1,2.59229
18171,3,843.095,3,851.536,2,3,2.59177
18172,3,843.095,3,851.536,1,1,2.59125
18173,3,843.095,3,851.367,3,0,2.59073
18174,3,843.095,3,851.367,4,3,2.59021
18175,3,843.095,3,851.367,0,3,2.5897
18176,3,843.095,3,851.367,3,1,2.58918
18177,3,843.095,3,851.367,1,1,2.58866
18178,3,843.095,3,851.367,4,0,2.58814
18179,3,843.095,3,851.367,2,1,2.58762
18180,3,843.095,3,851.367,3,0,2.58711
18181,3,843.095,3,851.367,3,3,2.58659
18182,3,843.095,3,851.367,1,2,2.58607
18183,3,843.095,3,852.767,2,1,2.58555
18184,3,843.095,3,852.767,3,3,2.58504
18185,3,843.095,3,852.767,4,1,2.58452
18186,3,843.095,3,852.531,0,1,2.584
18187,3,843.095,3,852.531,1,1,2.58349
18188,3,843.095,3,853.969,2,2,2.58297
18189,3,843.095,3,853.969,0,2,2.58245
18190,3,843.095,3,853.969,1,3,2.58194
18191,3,843.095,3,853.969,4,1,2.58142
18192,3,843.095,3,853.969,4,1,2.5809
18193,3,843.095,3,853.969,3,2,2.58039
18194,3,843.095,3,853.969,1,3,2.57987
18195,3,843.095,3,853.969,3,3,2.57936
18196,3,843.095,3,855.038,2,3,2.57884
18197,3,843.095,3,855.038,1,1,2.57832
18198,3,843.095,3,855.207,0,2,2.57781
18199,3,843.095,3,855.207,1,2,2.57729
18200,3,843.095,3,855.207,0,2,2.57678
18201,3,843.095,3,855.207,2,3,2.57626
18202,3,843.095,3,855.207,1,2,2.57575
18203,3,843.095,3,854.605,0,2,2.57523
18204,3,843.095,3,854.605,4,3,2.57472
18205,3,843.095,3,854.752,4,2,2.5742
18206,3,843.095,3,854.752,1,1,2.57369
18207,3,843.095,3,854.752,3,0,2.57317
18208,3,843.095,3,854.752,4,2,2.57266
18209,3,843.095,3,854.752,3,2,2.57214
18210,3,843.095,3,854.752,0,3,2.57163
18211,3,843.095,3,854.752,3,3,2.57111
18212,3,843.095,3,854.436,3,3,2.5706
18213,3,843.095,3,854.436,1,3,2.57009
18214,3,843.095,3,853.969,3,0,2.56957
18215,3,843.095,3,853.969,1,3,2.56906
18216,3,843.095,3,853.969,0,0,2.56854
18217,3,843.095,3,853.969,2,3,2.56803
18218,3,843.095,3,853.969,1,2,2.56752
18219,3,843.095,3,853.969,1,3,2.567
18220,3,843.095,3,853.969,0,0,2.56649
18221,3,843.095,3,854.436,2,0,2.56598
18222,3,843.095,3,854.436,0,3,2.56546
18223,3,843.095,3,854.436,0,3,2.56495
18224,3,843.095,3,854.436,0,2,2.56444
18225,3,843.095,3,854.436,3,2,2.56392
18226,3,843.095,3,854.436,1,0,2.56341
18227,3,843.095,3,854.436,1,1,2.5629
18228,3,843.095,3,854.436,1,0,2.56239
18229,3,843.095,3,854.436,4,2,2.56187
18230,3,843.095,3,854.436,0,0,2.56136
18231,3,843.095,3,854.436,2,0,2.56085
18232,3,843.095,3,853.969,3,0,2.56034
18233,3,843.095,3,853.969,4,1,2.55983
18234,3,843.095,3,853.969,0,2,2.55931
18235,3,843.095,3,853.969,3,1,2.5588
18236,3,843.095,3,853.969,0,2,2.55829
18237,3,843.095,3,853.969,1,2,2.55778
18238,3,843.095,3,853.969,0,3,2.55727
18239,3,843.095,3,853.969,1,1,2.55676
18240,3,843.095,3,854.571,0,2,2.55624
18241,3,843.095,3,854.571,3,1,2.55573
18242,3,843.095,3,853.969,3,2,2.55522
18243,3,843.095,3,853.969,1,1,2.55471
18244,3,843.095,3,853.969,0,3,2.5542
18245,3,843.095,3,853.969,0,3,2.55369
18246,3,843.095,3,853.969,0,0,2.55318
18247,3,843.095,3,853.969,4,1,2.55267
18248,3,843.095,3,852.57,4,1,2.55216
18249,3,843.095,3,852.57,1,1,2.55165
18250,3,843.095,3,853.969,2,1,2.55114
18251,3,843.095,3,853.969,2,1,2.55063
18252,3,843.095,3,853.969,0,2,2.55012
18253,3,843.095,3,853.969,4,0,2.54961
18254,3,843.095,3,853.969,4,0,2.5491
18255,3,843.095,3,853.969,4,3,2.54859
18256,3,843.095,3,853.969,2,3,2.54808
18257,3,843.095,3,853.969,1,0,2.54757
18258,3,843.095,3,853.969,4,3,2.54706
18259,3,843.095,3,854.286,0,3,2.54655
18260,3,843.095,3,854.752,2,0,2.54604
18261,3,843.095,3,854.752,4,3,2.54553
18262,3,843.095,3,854.752,0,2,2.54502
18263,3,843.095,3,854.436,4,2,2.54451
18264,3,843.095,3,854.436,4,0,2.544
18265,3,843.095,3,854.436,0,3,2.54349
18266,3,843.095,3,854.436,4,2,2.54298
18267,3,843.095,3,854.436,2,3,2.54248
18268,3,843.095,3,857.609,4,3,2.54197
18269,3,843.095,3,857.609,3,1,2.54146
18270,3,843.095,3,853.762,2,0,2.54095
18271,3,843.095,3,853.762,0,0,2.54044
18272,3,843.095,3,853.762,1,3,2.53993
18273,3,843.095,3,853.762,0,3,2.53943
18274,3,843.095,3,853.762,2,0,2.53892
18275,3,843.095,3,853.762,2,3,2.53841
18276,3,843.095,3,853.762,1,1,2.5379
18277,3,843.095,3,853.762,0,0,2.5374
18278,3,843.095,3,853.762,1,0,2.53689
18279,3,843.095,3,853.762,2,1,2.53638
18280,3,843.095,3,853.762,2,3,2.53587
18281,3,843.095,3,853.762,4,0,2.53537
18282,3,843.095,3,853.762,4,3,2.53486
18283,3,843.095,3,853.762,0,2,2.53435
18284,3,843.095,3,853.762,3,3,2.53385
18285,3,843.095,3,853.06,3,3,2.53334
18286,3,843.095,3,853.06,1,1,2.53283
18287,3,843.095,3,853.06,0,1,2.53233
18288,3,843.095,3,853.06,3,1,2.53182
18289,3,843.095,3,853.06,2,0,2.53131
18290,3,843.095,3,852.594,0,1,2.53081
18291,3,843.095,3,852.594,1,1,2.5303
18292,3,843.095,3,852.594,0,0,2.52979
18293,3,843.095,3,852.489,0,2,2.52929
18294,3,843.095,3,852.489,3,1,2.52878
18295,3,843.095,3,852.955,2,0,2.52828
18296,3,843.095,3,852.955,3,3,2.52777
18297,3,843.095,3,852.955,3,1,2.52727
18298,3,843.095,3,852.955,4,0,2.52676
18299,3,843.095,3,860.992,4,2,2.52625
18300,3,843.095,3,860.992,3,0,2.52575
18301,3,843.095,3,860.992,0,0,2.52524
18302,3,843.095,3,860.526,2,2,2.52474
18303,3,843.095,3,860.526,4,2,2.52423
18304,3,843.095,3,860.526,2,3,2.52373
18305,3,843.095,3,860.526,2,1,2.52322
18306,3,843.095,3,860.526,3,0,2.52272
18307,3,843.095,3,860.526,1,0,2.52222
18308,3,843.095,3,860.526,1,3,2.52171
18309,3,843.095,3,860.526,0,0,2.52121
18310,3,843.095,3,860.843,4,3,2.5207
18311,3,843.095,3,860.843,1,1,2.5202
18312,3,843.095,3,860.843,4,2,2.51969
18313,3,843.095,3,860.843,3,2,2.51919
18314,3,843.095,3,860.843,3,0,2.51869
18315,3,843.095,3,860.843,0,0,2.51818
18316,3,843.095,3,860.843,4,2,2.51768
18317,3,843.095,3,860.843,3,3,2.51718
18318,3,843.095,3,860.843,0,0,2.51667
18319,3,843.095,3,858.65,4,1,2.51617
18320,3,843.095,3,858.65,1,0,2.51567
18321,3,843.095,3,858.65,1,0,2.51516
18322,3,843.095,3,858.65,0,3,2.51466
18323,3,843.095,3,858.65,1,3,2.51416
18324,3,843.095,3,858.333,3,3,2.51365
18325,3,843.095,3,858.333,3,3,2.51315
18326,3,843.095,3,858.333,4,1,2.51265
18327,3,843.095,3,856.934,2,0,2.51215
18328,3,843.095,3,857.831,3,0,2.51164
18329,3,843.095,3,857.831,0,2,2.51114
18330,3,843.095,3,857.831,0,0,2.51064
18331,3,843.095,3,857.831,1,2,2.51014
18332,3,843.095,3,858.497,0,3,2.50963
18333,3,843.095,3,854.426,4,1,2.50913
18334,3,843.095,3,854.426,0,1,2.50863
18335,3,843.095,3,854.46,3,1,2.50813
18336,3,843.095,3,854.46,1,2,2.50763
18337,3,843.095,3,853.863,4,3,2.50713
18338,3,843.095,3,853.863,4,3,2.50662
18339,3,843.095,3,853.863,3,0,2.50612
18340,3,843.095,3,853.863,1,2,2.50562
18341,3,843.095,3,853.863,1,0,2.50512
18342,3,843.095,3,853.863,2,1,2.50462
18343,3,843.095,3,853.863,4,0,2.50412
18344,3,843.095,3,853.863,2,3,2.50362
18345,3,843.095,3,853.863,0,1,2.50312
18346,3,843.095,3,853.863,0,2,2.50262
18347,3,843.095,3,853.863,1,3,2.50212
18348,3,843.095,3,853.863,1,1,2.50162
18349,3,843.095,3,853.863,3,2,2.50112
18350,3,843.095,3,853.863,3,1,2.50062
18351,3,843.095,3,853.863,0,1,2.50011
18352,3,843.095,3,854.011,3,0,2.49961
18353,3,843.095,3,854.011,4,0,2.49912
18354,3,843.095,3,854.011,0,0,2.49862
18355,3,843.095,3,854.011,2,3,2.49812
18356,3,843.095,3,854.011,4,1,2.49762
18357,3,843.095,3,854.011,1,3,2.49712
18358,3,843.095,3,853.205,3,3,2.49662
18359,3,843.095,3,853.205,1,2,2.49612
18360,3,843.095,3,853.205,4,0,2.49562
18361,3,843.095,3,854.294,3,0,2.49512
18362,3,843.095,3,854.294,3,2,2.49462
18363,3,843.095,3,854.294,4,0,2.49412
18364,3,843.095,3,854.294,0,0,2.49362
18365,3,843.095,3,854.294,0,3,2.49312
18366,3,843.095,3,854.294,0,0,2.49263
18367,3,843.095,3,854.294,2,0,2.49213
18368,3,843.095,3,854.294,0,1,2.49163
18369,3,843.095,3,854.294,3,3,2.49113
18370,3,843.095,3,854.294,0,2,2.49063
18371,3,843.095,3,854.294,3,0,2.49013
18372,3,843.095,3,854.294,0,1,2.48964
18373,3,843.095,3,854.294,3,3,2.48914
18374,3,843.095,3,854.294,0,2,2.48864
18375,3,843.095,3,854.294,4,3,2.48814
18376,3,843.095,3,854.294,0,0,2.48764
18377,3,843.095,3,854.294,3,0,2.48715
18378,3,843.095,3,854.294,2,1,2.48665
18379,3,843.095,3,854.294,0,3,2.48615
18380,3,843.095,3,857.211,0,3,2.48565
18381,3,843.095,3,857.211,0,3,2.48516
18382,3,843.095,3,856.843,4,0,2.48466
18383,3,843.095,3,856.843,1,1,2.48416
18384,3,843.095,3,856.843,1,2,2.48367
18385,3,843.095,3,856.948,4,1,2.48317
18386,3,843.095,3,856.948,3,0,2.48267
18387,3,843.095,3,856.948,2,2,2.48218
18388,3,843.095,3,856.948,2,3,2.48168
18389,3,843.095,3,857.66,4,3,2.48118
18390,3,843.095,3,857.66,3,1,2.48069
18391,3,843.095,3,857.66,1,1,2.48019
18392,3,843.095,3,857.66,4,1,2.4797
18393,3,843.095,3,857.66,3,0,2.4792
18394,3,843.095,3,857.829,4,3,2.4787
18395,3,843.095,3,857.829,3,3,2.47821
18396,3,843.095,3,857.829,0,2,2.47771
18397,3,843.095,3,857.829,1,0,2.47722
18398,3,843.095,3,857.829,1,3,2.47672
18399,3,843.095,3,857.829,0,3,2.47623
18400,3,843.095,3,857.232,0,1,2.47573
18401,3,843.095,3,857.063,0,1,2.47524
18402,3,843.095,3,857.063,0,1,2.47474
18403,3,843.095,3,857.063,0,0,2.47425
18404,3,843.095,3,857.063,1,1,2.47375
18405,3,843.095,3,856.746,0,2,2.47326
18406,3,843.095,3,856.746,1,3,2.47276
18407,3,843.095,3,856.746,3,1,2.47227
18408,3,843.095,3,856.746,2,1,2.47177
18409,3,843.095,3,856.746,1,0,2.47128
18410,3,843.095,3,856.746,3,3,2.47078
18411,3,843.095,3,856.746,2,2,2.47029
18412,3,843.095,3,856.746,4,3,2.4698
18413,3,843.095,3,856.746,2,1,2.4693
18414,3,843.095,3,856.746,1,2,2.46881
18415,3,843.095,3,856.746,0,3,2.46831
18416,3,843.095,3,856.746,1,0,2.46782
18417,3,843.095,3,856.746,4,1,2.46733
18418,3,843.095,3,856.746,2,3,2.46683
18419,3,843.095,3,856.746,1,1,2.46634
18420,3,843.095,3,856.746,3,3,2.46585
18421,3,843.095,3,856.746,4,2,2.46535
18422,3,843.095,3,856.746,2,1,2.46486
18423,3,843.095,3,856.746,4,1,2.46437
18424,3,843.095,3,857.232,4,2,2.46387
18425,3,843.095,3,857.232,3,0,2.46338
18426,3,843.095,3,857.232,0,1,2.46289
18427,3,843.095,3,857.232,1,1,2.4624
18428,3,843.095,3,857.232,0,1,2.4619
18429,3,843.095,3,857.232,2,1,2.46141
18430,3,843.095,3,857.232,2,0,2.46092
18431,3,843.095,3,857.232,3,2,2.46043
18432,3,843.095,3,854.911,4,2,2.45994
18433,3,843.095,3,854.595,0,2,2.45944
18434,3,843.095,3,854.595,3,0,2.45895
18435,3,843.095,3,854.48,3,2,2.45846
18436,3,843.095,3,854.48,2,1,2.45797
18437,3,843.095,3,854.48,1,0,2.45748
18438,3,843.095,3,854.311,0,2,2.45698
18439,3,843.095,3,854.311,4,0,2.45649
18440,3,843.095,3,854.311,1,1,2.456
18441,3,843.095,3,854.311,1,1,2.45551
18442,3,843.095,3,854.311,1,1,2.45502
18443,3,843.095,3,854.311,3,1,2.45453
18444,3,843.095,3,854.311,0,3,2.45404
18445,3,843.095,3,854.311,1,0,2.45355
18446,3,843.095,3,854.311,4,2,2.45306
18447,3,843.095,3,854.311,1,3,2.45257
18448,3,843.095,3,853.793,4,1,2.45208
18449,3,843.095,3,853.793,3,0,2.45159
18450,3,843.095,3,853.793,0,1,2.45109
18451,3,843.095,3,853.689,2,2,2.4506
18452,3,843.095,3,853.689,4,0,2.45011
18453,3,843.095,3,853.689,3,3,2.44962
18454,3,843.095,3,853.689,1,3,2.44913
18455,3,843.095,3,855.079,3,2,2.44864
18456,3,843.095,3,855.079,0,2,2.44815
18457,3,843.095,3,855.079,4,3,2.44767
18458,3,843.095,3,855.079,0,0,2.44718
18459,3,843.095,3,855.079,1,3,2.44669
18460,3,843.095,3,855.079,1,3,2.4462
18461,3,843.095,3,855.079,1,3,2.44571
18462,3,843.095,3,856.993,2,0,2.44522
18463,3,843.095,3,856.993,0,1,2.44473
18464,3,843.095,3,856.993,3,1,2.44424
18465,3,843.095,3,859.26,2,2,2.44375
18466,3,843.095,3,859.26,1,0,2.44326
18467,3,843.095,3,859.26,1,2,2.44277
18468,3,843.095,3,859.26,0,0,2.44229
18469,3,843.095,3,859.26,0,3,2.4418
18470,3,843.095,3,859.26,0,3,2.44131
18471,3,843.095,3,859.26,1,2,2.44082
18472,3,843.095,3,859.26,3,3,2.44033
18473,3,843.095,3,859.26,1,1,2.43984
18474,3,843.095,3,859.26,2,0,2.43936
18475,3,843.095,3,859.26,0,2,2.43887
18476,3,843.095,3,859.26,1,0,2.43838
18477,3,843.095,3,859.26,1,1,2.43789
18478,3,843.095,3,860.661,0,0,2.43741
18479,3,843.095,3,860.661,0,0,2.43692
18480,3,843.095,3,860.661,4,0,2.43643
18481,3,843.095,3,859.536,0,0,2.43594
18482,3,843.095,3,859.536,3,3,2.43546
18483,3,843.095,3,859.536,1,1,2.43497
18484,3,843.095,3,860.661,0,2,2.43448
18485,3,843.095,3,860.766,0,3,2.434
18486,3,843.095,3,856.901,3,3,2.43351
18487,3,843.095,3,856.901,2,3,2.43302
18488,3,843.095,3,856.901,3,3,2.43254
18489,3,843.095,3,856.901,1,3,2.43205
18490,3,843.095,3,856.901,3,2,2.43156
18491,3,843.095,3,856.901,4,3,2.43108
18492,3,843.095,3,856.797,3,0,2.43059
18493,3,843.095,3,856.797,2,3,2.4301
18494,3,843.095,3,856.797,3,0,2.42962
18495,3,843.095,3,856.797,2,2,2.42913
18496,3,843.095,3,856.797,4,3,2.42865
18497,3,843.095,3,856.797,3,3,2.42816
18498,3,843.095,3,856.797,2,2,2.42767
18499,3,843.095,3,856.48,0,1,2.42719
18500,3,843.095,3,856.48,3,3,2.4267
18501,3,843.095,3,856.48,1,1,2.42622
18502,3,843.095,3,857.286,0,3,2.42573
18503,3,843.095,3,857.286,4,0,2.42525
18504,3,843.095,3,857.286,4,3,2.42476
18505,3,843.095,3,857.286,1,1,2.42428
18506,3,843.095,3,857.286,0,3,2.42379
18507,3,843.095,3,857.286,4,1,2.42331
18508,3,843.095,3,857.286,3,1,2.42282
18509,3,843.095,3,857.286,1,0,2.42234
18510,3,843.095,3,857.455,3,2,2.42185
18511,3,843.095,3,857.455,0,1,2.42137
18512,3,843.095,3,857.455,1,0,2.42089
18513,3,843.095,3,857.455,0,3,2.4204
18514,3,843.095,3,857.455,1,0,2.41992
18515,3,843.095,3,857.455,3,3,2.41943
18516,3,843.095,3,857.455,1,1,2.41895
18517,3,843.095,3,857.455,1,0,2.41847
18518,3,843.095,3,857.455,2,1,2.41798
18519,3,843.095,3,857.455,4,2,2.4175
18520,3,843.095,3,857.455,0,3,2.41702
18521,3,843.095,3,857.455,2,3,2.41653
18522,3,843.095,3,857.455,1,0,2.41605
18523,3,843.095,3,857.455,3,3,2.41557
18524,3,843.095,3,857.455,2,3,2.41508
18525,3,843.095,3,856.33,2,0,2.4146
18526,3,843.095,3,856.33,2,3,2.41412
18527,3,843.095,3,856.33,1,1,2.41363
18528,3,843.095,3,856.33,3,1,2.41315
18529,3,843.095,3,856.33,3,0,2.41267
18530,3,843.095,3,855.524,4,0,2.41219
18531,3,843.095,3,855.355,0,1,2.4117
18532,3,843.095,3,855.355,0,0,2.41122
18533,3,843.095,3,855.355,2,0,2.41074
18534,3,843.095,3,854.058,0,1,2.41026
18535,3,843.095,3,854.058,2,0,2.40977
18536,3,843.095,3,854.058,3,3,2.40929
18537,3,843.095,3,854.058,0,0,2.40881
18538,3,843.095,3,854.058,1,2,2.40833
18539,3,843.095,3,854.058,1,2,2.40785
18540,3,843.095,3,854.058,2,2,2.40737
18541,3,843.095,3,854.058,1,3,2.40688
18542,3,843.095,3,854.058,0,1,2.4064
18543,3,843.095,3,854.058,1,0,2.40592
18544,3,843.095,3,854.655,4,0,2.40544
18545,3,843.095,3,854.655,0,1,2.40496
18546,3,843.095,3,854.058,3,3,2.40448
18547,3,843.095,3,854.058,1,3,2.404
18548,3,843.095,3,854.058,4,2,2.40352
18549,3,843.095,3,854.058,4,0,2.40304
18550,3,843.095,3,854.058,3,1,2.40255
18551,3,843.095,3,854.058,1,2,2.40207
18552,3,843.095,3,855.458,2,1,2.40159
18553,3,843.095,3,855.458,1,2,2.40111
18554,3,843.095,3,854.058,3,3,2.40063
18555,3,843.095,3,854.058,4,2,2.40015
18556,3,843.095,3,854.058,4,0,2.39967
18557,3,843.095,3,854.058,2,0,2.39919
18558,3,843.095,3,853.954,3,0,2.39871
18559,3,843.095,3,853.057,4,3,2.39823
18560,3,843.095,3,853.057,4,0,2.39775
18561,3,843.095,3,853.057,1,3,2.39727
18562,3,843.095,3,853.057,1,1,2.3968
18563,3,843.095,3,853.057,4,1,2.39632
18564,3,843.095,3,853.057,1,3,2.39584
18565,3,843.095,3,853.057,1,3,2.39536
18566,3,843.095,3,853.057,4,1,2.39488
18567,3,843.095,3,853.057,2,3,2.3944
18568,3,843.095,3,851.618,2,3,2.39392
18569,3,843.095,3,851.618,1,1,2.39344
18570,3,843.095,3,851.618,1,0,2.39296
18571,3,843.095,3,851.618,1,2,2.39248
18572,3,843.095,3,851.618,4,3,2.39201
18573,3,843.095,3,851.618,3,3,2.39153
18574,3,843.095,3,851.618,4,2,2.39105
18575,3,843.095,3,851.618,0,1,2.39057
18576,3,843.095,3,851.618,3,1,2.39009
18577,3,843.095,3,851.618,0,0,2.38961
18578,3,843.095,3,851.723,3,1,2.38914
18579,3,843.095,3,851.723,1,1,2.38866
18580,3,843.095,3,851.723,3,0,2.38818
18581,3,843.095,3,851.618,3,2,2.3877
18582,3,843.095,3,851.618,2,3,2.38723
18583,3,843.095,3,851.618,3,1,2.38675
18584,3,843.095,3,851.618,3,3,2.38627
18585,3,843.095,3,852.424,2,3,2.38579
18586,3,843.095,3,852.424,4,2,2.38532
18587,3,843.095,3,852.593,3,3,2.38484
18588,3,843.095,3,852.593,4,2,2.38436
18589,3,843.095,3,852.593,1,2,2.38389
18590,3,843.095,3,853.993,0,1,2.38341
18591,3,843.095,3,853.993,1,1,2.38293
18592,3,843.095,3,852.424,3,3,2.38246
18593,3,843.095,3,852.424,1,1,2.38198
18594,3,843.095,3,852.424,3,2,2.3815
18595,3,843.095,3,852.424,2,0,2.38103
18596,3,843.095,3,852.424,1,3,2.38055
18597,3,843.095,3,852.424,0,2,2.38007
18598,3,843.095,3,852.204,4,1,2.3796
18599,3,843.095,3,852.204,4,2,2.37912
18600,3,843.095,3,852.204,2,1,2.37865
18601,3,843.095,3,852.204,3,2,2.37817
18602,3,843.095,3,852.204,3,1,2.3777
18603,3,843.095,3,853.643,4,2,2.37722
18604,3,843.095,3,853.643,3,3,2.37674
18605,3,843.095,3,853.643,3,1,2.37627
18606,3,843.095,3,853.643,0,0,2.37579
18607,3,843.095,3,853.96,4,3,2.37532
18608,3,843.095,3,853.96,3,3,2.37484
18609,3,843.095,3,853.153,0,2,2.37437
18610,3,843.095,3,853.153,4,2,2.37389
18611,3,843.095,3,853.153,2,0,2.37342
18612,3,843.095,3,853.153,0,3,2.37294
18613,3,843.095,3,853.153,1,3,2.37247
18614,3,843.095,3,853.153,3,0,2.372
18615,3,843.095,3,853.153,0,3,2.37152
18616,3,843.095,3,853.153,2,2,2.37105
18617,3,843.095,3,853.153,4,0,2.37057
18618,3,843.095,3,853.153,3,2,2.3701
18619,3,843.095,3,853.153,4,0,2.36962
18620,3,843.095,3,853.373,4,0,2.36915
18621,3,843.095,3,853.373,3,3,2.36868
18622,3,843.095,3,853.373,0,2,2.3682
18623,3,843.095,3,853.373,3,1,2.36773
18624,3,843.095,3,853.373,1,0,2.36726
18625,3,843.095,3,853.373,3,1,2.36678
18626,3,843.095,3,853.057,4,1,2.36631
18627,3,843.095,3,853.057,1,3,2.36584
18628,3,843.095,3,853.057,0,1,2.36536
18629,3,843.095,3,853.057,1,2,2.36489
18630,3,843.095,3,853.057,0,2,2.36442
18631,3,843.095,3,853.057,1,2,2.36394
18632,3,843.095,3,852.941,4,1,2.36347
18633,3,843.095,3,852.941,0,2,2.363
18634,3,843.095,3,852.941,4,1,2.36253
18635,3,843.095,3,852.941,2,0,2.36205
18636,3,843.095,3,852.941,4,0,2.36158
18637,3,843.095,3,852.941,1,1,2.36111
18638,3,843.095,3,852.941,3,3,2.36064
18639,3,843.095,3,852.941,0,3,2.36016
18640,3,843.095,3,853.459,3,2,2.35969
18641,3,843.095,3,853.459,2,3,2.35922
18642,3,843.095,3,853.459,3,1,2.35875
18643,3,843.095,3,853.459,3,2,2.35828
18644,3,843.095,3,853.459,4,1,2.3578
18645,3,843.095,3,853.459,4,2,2.35733
18646,3,843.095,3,853.459,2,1,2.35686
18647,3,843.095,3,853.459,3,3,2.35639
18648,3,843.095,3,853.459,4,2,2.35592
18649,3,843.095,3,853.459,1,1,2.35545
18650,3,843.095,3,852.941,4,1,2.35498
18651,3,843.095,3,852.941,0,1,2.35451
18652,3,843.095,3,852.837,3,1,2.35403
18653,3,843.095,3,856.701,2,3,2.35356
18654,3,843.095,3,856.701,2,0,2.35309
18655,3,843.095,3,856.701,2,3,2.35262
18656,3,843.095,3,856.701,4,1,2.35215
18657,3,843.095,3,856.701,3,0,2.35168
18658,3,843.095,3,856.701,3,2,2.35121
18659,3,843.095,3,852.837,2,0,2.35074
18660,3,843.095,3,860.054,3,1,2.35027
18661,3,843.095,3,862.606,3,0,2.3498
18662,3,843.095,3,862.606,3,3,2.34933
18663,3,843.095,3,862.606,4,2,2.34886
18664,3,843.095,3,853.153,2,0,2.34839
18665,3,843.095,3,853.153,4,1,2.34792
18666,3,843.095,3,853.153,2,3,2.34745
18667,3,843.095,3,853.153,4,0,2.34698
18668,3,843.095,3,852.837,0,3,2.34651
18669,3,843.095,3,852.837,4,0,2.34604
18670,3,843.095,3,852.837,0,2,2.34557
18671,3,843.095,3,852.837,0,0,2.34511
18672,3,843.095,3,852.837,0,0,2.34464
18673,3,843.095,3,852.837,2,1,2.34417
18674,3,843.095,3,852.837,0,2,2.3437
18675,3,843.095,3,852.837,3,3,2.34323
18676,3,843.095,3,853.653,3,2,2.34276
18677,3,843.095,3,853.653,1,0,2.34229
18678,3,843.095,3,853.653,2,1,2.34182
18679,3,843.095,3,853.653,2,0,2.34136
18680,3,843.095,3,853.653,2,3,2.34089
18681,3,843.095,3,853.653,0,3,2.34042
18682,3,843.095,3,852.215,2,0,2.33995
18683,3,843.095,3,852.215,0,1,2.33948
18684,3,843.095,3,852.215,0,3,2.33902
18685,3,843.095,3,852.215,1,2,2.33855
18686,3,843.095,3,853.614,2,1,2.33808
18687,3,843.095,3,854.511,3,2,2.33761
18688,3,843.095,3,854.511,2,0,2.33714
18689,3,843.095,3,853.694,4,1,2.33668
18690,3,843.095,3,853.694,1,1,2.33621
18691,3,843.095,3,855.585,3,0,2.33574
18692,3,843.095,3,854.511,3,3,2.33528
18693,3,843.095,3,854.616,0,3,2.33481
18694,3,843.095,3,854.616,3,0,2.33434
18695,3,843.095,3,854.616,1,2,2.33387
18696,3,843.095,3,854.616,0,1,2.33341
18697,3,843.095,3,854.511,3,3,2.33294
18698,3,843.095,3,854.511,4,2,2.33247
18699,3,843.095,3,854.501,3,1,2.33201
18700,3,843.095,3,855.939,2,2,2.33154
18701,3,843.095,3,855.043,3,2,2.33108
18702,3,843.095,3,855.043,3,0,2.33061
18703,3,843.095,3,853.643,4,3,2.33014
18704,3,843.095,3,853.643,4,1,2.32968
18705,3,843.095,3,853.643,3,2,2.32921
18706,3,843.095,3,853.643,4,0,2.32875
18707,3,843.095,3,853.643,0,2,2.32828
18708,3,843.095,3,853.643,1,1,2.32781
18709,3,843.095,3,853.643,1,0,2.32735
18710,3,843.095,3,853.643,2,1,2.32688
18711,3,843.095,3,853.643,2,2,2.32642
18712,3,843.095,3,852.837,4,0,2.32595
18713,3,843.095,3,852.837,2,1,2.32549
18714,3,843.095,3,853.653,0,0,2.32502
18715,3,843.095,3,853.161,4,3,2.32456
18716,3,843.095,3,853.161,2,2,2.32409
18717,3,843.095,3,853.161,3,1,2.32363
18718,3,843.095,3,853.161,1,3,2.32316
18719,3,843.095,3,853.161,0,3,2.3227
18720,3,843.095,3,853.161,1,3,2.32223
18721,3,843.095,3,853.161,4,3,2.32177
18722,3,843.095,3,853.161,4,1,2.3213
18723,3,843.095,3,853.161,2,3,2.32084
18724,3,843.095,3,853.161,1,1,2.32038
18725,3,843.095,3,853.161,3,3,2.31991
18726,3,843.095,3,853.161,3,1,2.31945
18727,3,843.095,3,853.898,4,0,2.31898
18728,3,843.095,3,853.898,4,2,2.31852
18729,3,843.095,3,855.298,4,2,2.31806
18730,3,843.095,3,855.298,1,2,2.31759
18731,3,843.095,3,855.223,0,0,2.31713
18732,3,843.095,3,855.119,4,2,2.31667
18733,3,843.095,3,855.119,1,1,2.3162
18734,3,843.095,3,855.119,4,3,2.31574
18735,3,843.095,3,855.891,4,0,2.31528
18736,3,843.095,3,855.891,1,3,2.31481
18737,3,843.095,3,854.492,0,2,2.31435
18738,3,843.095,3,854.492,3,0,2.31389
18739,3,843.095,3,854.492,0,0,2.31342
18740,3,843.095,3,854.492,4,3,2.31296
18741,3,843.095,3,853.977,4,3,2.3125
18742,3,843.095,3,853.977,0,3,2.31204
18743,3,843.095,3,853.977,2,1,2.31157
18744,3,843.095,3,853.977,4,3,2.31111
18745,3,843.095,3,853.977,4,2,2.31065
18746,3,843.095,3,853.977,2,1,2.31019
18747,3,843.095,3,853.977,4,1,2.30973
18748,3,843.095,3,853.977,4,1,2.30926
18749,3,843.095,3,854.953,3,2,2.3088
18750,3,843.095,3,854.784,4,1,2.30834
18751,3,843.095,3,854.784,1,1,2.30788
18752,3,843.095,3,854.784,0,3,2.30742
18753,3,843.095,3,854.784,4,2,2.30696
18754,3,843.095,3,854.416,2,2,2.30649
18755,3,843.095,3,854.416,2,3,2.30603
18756,3,843.095,3,854.416,3,0,2.30557
18757,3,843.095,3,854.416,4,0,2.30511
18758,3,843.095,3,854.416,0,2,2.30465
18759,3,843.095,3,854.416,3,2,2.30419
18760,3,843.095,3,854.888,3,1,2.30373
18761,3,843.095,3,855.205,2,3,2.30327
18762,3,843.095,3,855.205,4,2,2.30281
18763,3,843.095,3,855.205,1,2,2.30235
18764,3,843.095,3,855.205,2,2,2.30189
18765,3,843.095,3,855.205,1,1,2.30142
18766,3,843.095,3,856.48,4,3,2.30096
18767,3,843.095,3,856.48,2,0,2.3005
18768,3,843.095,3,856.48,1,1,2.30004
18769,3,843.095,3,856.48,1,3,2.29958
18770,3,843.095,3,856.48,3,3,2.29912
18771,3,843.095,3,856.48,3,0,2.29866
18772,3,843.095,3,856.48,1,2,2.2982
18773,3,843.095,3,856.48,3,2,2.29775
18774,3,843.095,3,855.205,4,1,2.29729
18775,3,843.095,3,858.532,0,3,2.29683
18776,3,843.095,3,859.409,0,3,2.29637
18777,3,843.095,3,855.715,3,2,2.29591
18778,3,843.095,3,854.818,3,3,2.29545
18779,3,843.095,3,854.818,0,0,2.29499
18780,3,843.095,3,854.818,1,3,2.29453
18781,3,843.095,3,854.818,1,2,2.29407
18782,3,843.095,3,854.818,0,2,2.29361
18783,3,843.095,3,854.818,4,0,2.29315
18784,3,843.095,3,853.38,2,1,2.2927
18785,3,843.095,3,852.492,2,3,2.29224
18786,3,843.095,3,852.492,3,3,2.29178
18787,3,843.095,3,853.402,4,3,2.29132
18788,3,843.095,3,853.402,1,0,2.29086
18789,3,843.095,3,853.402,0,0,2.2904
18790,3,843.095,3,853.402,3,3,2.28995
18791,3,843.095,3,853.402,3,0,2.28949
18792,3,843.095,3,853.402,4,0,2.28903
18793,3,843.095,3,853.402,1,0,2.28857
18794,3,843.095,3,853.402,4,1,2.28811
18795,3,843.095,3,853.402,1,0,2.28766
18796,3,843.095,3,853.402,1,1,2.2872
18797,3,843.095,3,853.402,1,0,2.28674
18798,3,843.095,3,853.402,1,0,2.28628
18799,3,843.095,3,853.402,0,1,2.28583
18800,3,843.095,3,853.402,0,2,2.28537
18801,3,843.095,3,853.402,1,0,2.28491
18802,3,843.095,3,853.402,0,1,2.28446
18803,3,843.095,3,852.255,4,3,2.284
18804,3,843.095,3,852.255,3,2,2.28354
18805,3,843.095,3,852.255,1,2,2.28309
18806,3,843.095,3,852.255,1,2,2.28263
18807,3,843.095,3,852.255,1,0,2.28217
18808,3,843.095,3,852.019,0,2,2.28172
18809,3,843.095,3,852.019,2,3,2.28126
18810,3,843.095,3,852.019,4,2,2.2808
18811,3,843.095,3,852.019,2,2,2.28035
18812,3,843.095,3,852.255,3,3,2.27989
18813,3,843.095,3,852.255,3,3,2.27943
18814,3,843.095,3,852.424,2,3,2.27898
18815,3,843.095,3,852.424,1,1,2.27852
18816,3,843.095,3,852.424,1,1,2.27807
18817,3,843.095,3,852.424,3,2,2.27761
18818,3,843.095,3,852.424,3,0,2.27716
18819,3,843.095,3,852.189,3,2,2.2767
18820,3,843.095,3,852.189,4,2,2.27625
18821,3,843.095,3,852.189,2,2,2.27579
18822,3,843.095,3,852.189,0,2,2.27534
18823,3,843.095,3,852.189,1,2,2.27488
18824,3,843.095,3,852.189,3,2,2.27442
18825,3,843.095,3,852.189,0,0,2.27397
18826,3,843.095,3,852.189,4,2,2.27352
18827,3,843.095,3,852.189,1,1,2.27306
18828,3,843.095,3,852.189,2,3,2.27261
18829,3,843.095,3,852.189,3,0,2.27215
18830,3,843.095,3,852.79,3,2,2.2717
18831,3,843.095,3,852.79,1,2,2.27124
18832,3,843.095,3,852.79,4,0,2.27079
18833,3,843.095,3,852.79,0,3,2.27033
18834,3,843.095,3,851.515,0,2,2.26988
18835,3,843.095,3,851.515,3,1,2.26943
18836,3,843.095,3,851.346,2,2,2.26897
18837,3,843.095,3,851.346,1,1,2.26852
18838,3,843.095,3,851.346,1,1,2.26806
18839,3,843.095,3,851.346,2,0,2.26761
18840,3,843.095,3,851.346,3,1,2.26716
18841,3,843.095,3,851.346,1,3,2.2667
18842,3,843.095,3,851.346,1,3,2.26625
18843,3,843.095,3,851.346,3,2,2.2658
18844,3,843.095,3,851.346,2,3,2.26534
18845,3,843.095,3,851.346,1,3,2.26489
18846,3,843.095,3,851.346,0,1,2.26444
18847,3,843.095,3,851.346,2,0,2.26399
18848,3,843.095,3,851.346,3,0,2.26353
18849,3,843.095,3,851.346,4,1,2.26308
18850,3,843.095,3,851.346,0,2,2.26263
18851,3,843.095,3,851.346,4,3,2.26217
18852,3,843.095,3,851.346,4,3,2.26172
18853,3,843.095,3,851.346,1,2,2.26127
18854,3,843.095,3,851.346,3,2,2.26082
18855,3,843.095,3,851.346,3,1,2.26037
18856,3,843.095,3,851.346,3,3,2.25991
18857,3,843.095,3,852.745,3,1,2.25946
18858,3,843.095,3,852.745,1,3,2.25901
18859,3,843.095,3,852.745,4,3,2.25856
18860,3,843.095,3,852.745,4,1,2.25811
18861,3,843.095,3,852.745,1,0,2.25765
18862,3,843.095,3,852.255,0,0,2.2572
18863,3,843.095,3,852.255,3,1,2.25675
18864,3,843.095,3,852.255,4,1,2.2563
18865,3,843.095,3,851.939,0,2,2.25585
18866,3,843.095,3,851.939,3,0,2.2554
18867,3,843.095,3,851.939,0,0,2.25495
18868,3,843.095,3,851.939,1,1,2.2545
18869,3,843.095,3,851.939,3,1,2.25404
18870,3,843.095,3,851.939,1,1,2.25359
18871,3,843.095,3,851.939,0,3,2.25314
18872,3,843.095,3,850.539,0,2,2.25269
18873,3,843.095,3,850.539,0,3,2.25224
18874,3,843.095,3,850.539,2,1,2.25179
18875,3,843.095,3,850.539,3,2,2.25134
18876,3,843.095,3,850.539,0,0,2.25089
18877,3,843.095,3,850.539,0,1,2.25044
18878,3,843.095,3,850.539,3,0,2.24999
18879,3,843.095,3,850.539,1,3,2.24954
18880,3,843.095,3,850.539,1,0,2.24909
18881,3,843.095,3,850.539,4,1,2.24864
18882,3,843.095,3,850.539,1,2,2.24819
18883,3,843.095,3,850.539,4,1,2.24774
18884,3,843.095,3,850.539,4,3,2.24729
18885,3,843.095,3,850.539,3,1,2.24684
18886,3,843.095,3,850.539,3,3,2.24639
18887,3,843.095,3,850.539,1,1,2.24594
18888,3,843.095,3,850.539,2,1,2.24549
18889,3,843.095,3,850.539,2,3,2.24505
18890,3,843.095,3,850.539,2,0,2.2446
18891,3,843.095,3,850.539,3,3,2.24415
18892,3,843.095,3,850.539,0,3,2.2437
18893,3,843.095,3,850.644,4,1,2.24325
18894,3,843.095,3,850.644,2,1,2.2428
18895,3,843.095,3,850.644,4,1,2.24235
18896,3,843.095,3,850.644,2,3,2.2419
18897,3,843.095,3,850.539,3,2,2.24146
18898,3,843.095,3,850.539,3,2,2.24101
18899,3,843.095,3,850.539,3,1,2.24056
18900,3,843.095,3,850.539,2,1,2.24011
18901,3,843.095,3,850.539,0,2,2.23966
18902,3,843.095,3,850.539,2,1,2.23922
18903,3,843.095,3,850.539,4,3,2.23877
18904,3,843.095,3,850.539,0,1,2.23832
18905,3,843.095,3,850.539,4,2,2.23787
18906,3,843.095,3,850.539,3,2,2.23742
18907,3,843.095,3,850.539,3,1,2.23698
18908,3,843.095,3,850.539,0,0,2.23653
18909,3,843.095,3,850.539,4,3,2.23608
18910,3,843.095,3,850.539,2,0,2.23564
18911,3,843.095,3,852.019,3,1,2.23519
18912,3,843.095,3,852.019,3,1,2.23474
18913,3,843.095,3,852.019,4,3,2.23429
18914,3,843.095,3,852.019,2,2,2.23385
18915,3,843.095,3,852.019,2,3,2.2334
18916,3,843.095,3,852.019,0,0,2.23295
18917,3,843.095,3,852.019,2,2,2.23251
18918,3,843.095,3,852.019,1,3,2.23206
18919,3,843.095,3,852.019,0,2,2.23161
18920,3,843.095,3,852.019,2,1,2.23117
18921,3,843.095,3,852.019,0,0,2.23072
18922,3,843.095,3,852.019,1,1,2.23028
18923,3,843.095,3,852.019,0,0,2.22983
18924,3,843.095,3,852.019,2,1,2.22938
18925,3,843.095,3,853.419,3,1,2.22894
18926,3,843.095,3,853.419,3,2,2.22849
18927,3,843.095,3,853.419,1,3,2.22805
18928,3,843.095,3,853.419,4,2,2.2276
18929,3,843.095,3,853.419,3,2,2.22716
18930,3,843.095,3,853.419,4,1,2.22671
18931,3,843.095,3,853.419,1,0,2.22626
18932,3,843.095,3,853.419,4,0,2.22582
18933,3,843.095,3,853.885,0,3,2.22537
18934,3,843.095,3,853.419,2,2,2.22493
18935,3,843.095,3,853.419,0,2,2.22448
18936,3,843.095,3,853.736,4,0,2.22404
18937,3,843.095,3,853.736,1,2,2.22359
18938,3,843.095,3,853.736,3,3,2.22315
18939,3,843.095,3,853.419,4,1,2.22271
18940,3,843.095,3,853.419,0,1,2.22226
18941,3,843.095,3,853.419,3,0,2.22182
18942,3,843.095,3,853.419,3,3,2.22137
18943,3,843.095,3,853.419,2,0,2.22093
18944,3,843.095,3,853.419,2,1,2.22048
18945,3,843.095,3,853.419,1,0,2.22004
18946,3,843.095,3,853.419,4,1,2.2196
18947,3,843.095,3,852.019,0,1,2.21915
18948,3,843.095,3,852.019,2,2,2.21871
18949,3,843.095,3,852.019,1,3,2.21826
18950,3,843.095,3,852.019,2,2,2.21782
18951,3,843.095,3,852.019,4,1,2.21738
18952,3,843.095,3,852.019,3,1,2.21693
18953,3,843.095,3,852.019,2,1,2.21649
18954,3,843.095,3,852.019,2,1,2.21605
18955,3,843.095,3,852.019,4,0,2.2156
18956,3,843.095,3,852.019,0,0,2.21516
18957,3,843.095,3,852.019,3,2,2.21472
18958,3,843.095,3,852.336,3,2,2.21427
18959,3,843.095,3,852.336,3,0,2.21383
18960,3,843.095,3,852.336,4,3,2.21339
18961,3,843.095,3,852.336,4,3,2.21295
18962,3,843.095,3,853.274,0,3,2.2125
18963,3,843.095,3,853.274,2,3,2.21206
18964,3,843.095,3,852.938,2,3,2.21162
18965,3,843.095,3,852.938,1,1,2.21118
18966,3,843.095,3,852.938,0,0,2.21073
18967,3,843.095,3,852.336,2,0,2.21029
18968,3,843.095,3,852.336,0,2,2.20985
18969,3,843.095,3,852.336,2,2,2.20941
18970,3,843.095,3,852.336,1,3,2.20897
18971,3,843.095,3,852.336,3,1,2.20852
18972,3,843.095,3,852.336,3,1,2.20808
18973,3,843.095,3,852.336,0,2,2.20764
18974,3,843.095,3,852.336,0,2,2.2072
18975,3,843.095,3,852.336,0,0,2.20676
18976,3,843.095,3,852.336,3,3,2.20632
18977,3,843.095,3,852.336,3,2,2.20587
18978,3,843.095,3,852.572,0,3,2.20543
18979,3,843.095,3,852.336,2,1,2.20499
18980,3,843.095,3,852.336,1,0,2.20455
18981,3,843.095,3,852.336,1,1,2.20411
18982,3,843.095,3,852.336,0,0,2.20367
18983,3,843.095,3,852.336,4,0,2.20323
18984,3,843.095,3,852.336,1,1,2.20279
18985,3,843.095,3,852.336,3,1,2.20235
18986,3,843.095,3,859.111,3,3,2.20191
18987,3,843.095,3,859.111,4,2,2.20147
18988,3,843.095,3,859.111,3,2,2.20103
18989,3,843.095,3,852.336,4,1,2.20059
18990,3,843.095,3,853.736,2,2,2.20015
18991,3,843.095,3,853.736,3,1,2.19971
18992,3,843.095,3,852.572,0,0,2.19927
18993,3,843.095,3,852.572,1,1,2.19883
18994,3,843.095,3,852.572,4,2,2.19839
18995,3,843.095,3,852.572,4,1,2.19795
18996,3,843.095,3,852.572,3,3,2.19751
18997,3,843.095,3,852.572,0,1,2.19707
18998,3,843.095,3,852.572,1,3,2.19663
18999,3,843.095,3,852.336,2,0,2.19619
19000,3,843.095,3,852.336,1,0,2.19575
19001,3,843.095,3,852.336,0,2,2.19531
19002,3,843.095,3,852.336,3,3,2.19487
19003,3,843.095,3,852.336,1,3,2.19443
19004,3,843.095,3,852.336,3,3,2.19399
19005,3,843.095,3,852.336,0,1,2.19356
19006,3,843.095,3,852.019,3,1,2.19312
19007,3,843.095,3,852.019,2,2,2.19268
19008,3,843.095,3,852.019,0,1,2.19224
19009,3,843.095,3,852.019,2,3,2.1918
19010,3,843.095,3,852.019,1,3,2.19136
19011,3,843.095,3,852.019,2,1,2.19092
19012,3,843.095,3,852.019,3,1,2.19049
19013,3,843.095,3,852.019,3,0,2.19005
19014,3,843.095,3,852.019,1,1,2.18961
19015,3,843.095,3,852.019,0,2,2.18917
19016,3,843.095,3,852.019,4,2,2.18873
19017,3,843.095,3,852.019,1,3,2.1883
19018,3,843.095,3,853.201,3,3,2.18786
19019,3,843.095,3,853.201,0,1,2.18742
19020,3,843.095,3,853.201,2,2,2.18698
19021,3,843.095,3,853.201,1,1,2.18655
19022,3,843.095,3,853.201,2,0,2.18611
19023,3,843.095,3,853.37,0,3,2.18567
19024,3,843.095,3,853.37,0,1,2.18523
19025,3,843.095,3,853.201,4,0,2.1848
19026,3,843.095,3,853.201,2,1,2.18436
19027,3,843.095,3,853.201,0,2,2.18392
19028,3,843.095,3,853.518,0,3,2.18349
19029,3,843.095,3,853.518,2,1,2.18305
19030,3,843.095,3,853.518,4,2,2.18261
19031,3,843.095,3,853.518,3,0,2.18218
19032,3,843.095,3,853.518,1,2,2.18174
19033,3,843.095,3,854.455,2,3,2.1813
19034,3,843.095,3,854.455,0,2,2.18087
19035,3,843.095,3,854.455,3,0,2.18043
19036,3,843.095,3,854.455,3,1,2.18
19037,3,843.095,3,854.455,1,1,2.17956
19038,3,843.095,3,854.455,3,3,2.17912
19039,3,843.095,3,854.455,3,1,2.17869
19040,3,843.095,3,854.455,4,0,2.17825
19041,3,843.095,3,853.274,0,3,2.17782
19042,3,843.095,3,853.274,1,0,2.17738
19043,3,843.095,3,853.274,3,2,2.17695
19044,3,843.095,3,853.274,3,3,2.17651
19045,3,843.095,3,853.274,3,3,2.17608
19046,3,843.095,3,853.274,4,0,2.17564
19047,3,843.095,3,853.274,0,2,2.1752
19048,3,843.095,3,853.274,4,0,2.17477
19049,3,843.095,3,853.274,0,1,2.17433
19050,3,843.095,3,853.274,0,2,2.1739
19051,3,843.095,3,853.274,2,0,2.17347
19052,3,843.095,3,852.336,2,1,2.17303
19053,3,843.095,3,852.336,1,1,2.1726
19054,3,843.095,3,852.572,3,1,2.17216
19055,3,843.095,3,852.572,1,1,2.17173
19056,3,843.095,3,852.572,1,1,2.17129
19057,3,843.095,3,852.572,3,3,2.17086
19058,3,843.095,3,852.572,1,3,2.17042
19059,3,843.095,3,852.572,4,2,2.16999
19060,3,843.095,3,852.572,0,1,2.16956
19061,3,843.095,3,852.572,0,3,2.16912
19062,3,843.095,3,852.572,2,1,2.16869
19063,3,843.095,3,852.572,1,3,2.16825
19064,3,843.095,3,852.572,1,1,2.16782
19065,3,843.095,3,852.572,3,1,2.16739
19066,3,843.095,3,852.572,4,2,2.16695
19067,3,843.095,3,852.572,0,3,2.16652
19068,3,843.095,3,852.336,4,2,2.16609
19069,3,843.095,3,854.673,4,0,2.16565
19070,3,843.095,3,854.673,0,1,2.16522
19071,3,843.095,3,854.525,0,3,2.16479
19072,3,843.095,3,854.525,1,0,2.16435
19073,3,843.095,3,852.189,4,1,2.16392
19074,3,843.095,3,852.189,4,3,2.16349
19075,3,843.095,3,852.463,4,3,2.16306
19076,3,843.095,3,852.463,3,0,2.16262
19077,3,843.095,3,852.463,1,1,2.16219
19078,3,843.095,3,852.463,3,2,2.16176
19079,3,843.095,3,852.78,4,0,2.16133
19080,3,843.095,3,852.78,1,3,2.16089
19081,3,843.095,3,852.78,3,1,2.16046
19082,3,843.095,3,852.78,4,0,2.16003
19083,3,843.095,3,852.78,0,1,2.1596
19084,3,843.095,3,852.78,2,0,2.15917
19085,3,843.095,3,852.78,4,0,2.15873
19086,3,843.095,3,852.78,1,3,2.1583
19087,3,843.095,3,852.78,0,2,2.15787
19088,3,843.095,3,852.78,4,2,2.15744
19089,3,843.095,3,852.78,1,3,2.15701
19090,3,843.095,3,852.78,1,0,2.15658
19091,3,843.095,3,852.78,3,1,2.15615
19092,3,843.095,3,852.78,0,0,2.15571
19093,3,843.095,3,852.78,1,3,2.15528
19094,3,843.095,3,852.78,1,2,2.15485
19095,3,843.095,3,853.016,0,3,2.15442
19096,3,843.095,3,853.016,1,3,2.15399
19097,3,843.095,3,853.016,3,1,2.15356
19098,3,843.095,3,852.78,0,1,2.15313
19099,3,843.095,3,852.78,3,2,2.1527
19100,3,843.095,3,852.78,2,0,2.15227
19101,3,843.095,3,852.78,1,0,2.15184
19102,3,843.095,3,852.78,4,0,2.15141
19103,3,843.095,3,852.78,1,0,2.15098
19104,3,843.095,3,853.016,4,1,2.15055
19105,3,843.095,3,852.78,4,1,2.15012
19106,3,843.095,3,852.78,3,1,2.14969
19107,3,843.095,3,852.78,1,2,2.14926
19108,3,843.095,3,853.213,2,2,2.14883
19109,3,843.095,3,853.213,0,2,2.1484
19110,3,843.095,3,853.449,3,2,2.14797
19111,3,843.095,3,853.449,0,2,2.14754
19112,3,843.095,3,853.449,0,0,2.14711
19113,3,843.095,3,853.449,3,0,2.14668
19114,3,843.095,3,853.449,2,0,2.14625
19115,3,843.095,3,853.449,0,2,2.14582
19116,3,843.095,3,853.449,1,0,2.14539
19117,3,843.095,3,853.132,0,3,2.14496
19118,3,843.095,3,853.132,4,2,2.14453
19119,3,843.095,3,852.255,3,1,2.1441
19120,3,843.095,3,852.255,2,3,2.14367
19121,3,843.095,3,852.255,4,3,2.14325
19122,3,843.095,3,852.255,0,1,2.14282
19123,3,843.095,3,852.255,0,2,2.14239
19124,3,843.095,3,852.255,0,2,2.14196
19125,3,843.095,3,852.255,1,3,2.14153
19126,3,843.095,3,852.255,1,1,2.1411
19127,3,843.095,3,852.255,2,0,2.14067
19128,3,843.095,3,852.019,0,3,2.14025
19129,3,843.095,3,852.019,2,1,2.13982
19130,3,843.095,3,852.255,0,1,2.13939
19131,3,843.095,3,852.255,2,1,2.13896
19132,3,843.095,3,852.424,3,3,2.13854
19133,3,843.095,3,852.424,3,3,2.13811
19134,3,843.095,3,852.424,3,3,2.13768
19135,3,843.095,3,852.424,4,0,2.13725
19136,3,843.095,3,852.424,3,2,2.13682
19137,3,843.095,3,852.424,4,1,2.1364
19138,3,843.095,3,852.424,0,0,2.13597
19139,3,843.095,3,852.424,2,1,2.13554
19140,3,843.095,3,852.255,4,1,2.13512
19141,3,843.095,3,852.019,2,1,2.13469
19142,3,843.095,3,852.019,0,2,2.13426
19143,3,843.095,3,852.019,3,2,2.13384
19144,3,843.095,3,852.019,2,1,2.13341
19145,3,843.095,3,852.019,3,3,2.13298
19146,3,843.095,3,852.255,4,1,2.13256
19147,3,843.095,3,853.039,3,3,2.13213
19148,3,843.095,3,853.039,1,2,2.1317
19149,3,843.095,3,853.039,0,3,2.13128
19150,3,843.095,3,853.039,4,3,2.13085
19151,3,843.095,3,853.039,4,2,2.13042
19152,3,843.095,3,852.67,4,1,2.13
19153,3,843.095,3,854.484,4,3,2.12957
19154,3,843.095,3,854.484,2,0,2.12915
19155,3,843.095,3,854.484,1,3,2.12872
19156,3,843.095,3,856.418,4,2,2.12829
19157,3,843.095,3,856.182,2,2,2.12787
19158,3,843.095,3,854.736,4,3,2.12744
19159,3,843.095,3,854.736,2,2,2.12702
19160,3,843.095,3,854.736,4,1,2.12659
19161,3,843.095,3,854.736,1,3,2.12617
19162,3,843.095,3,854.736,1,1,2.12574
19163,3,843.095,3,854.736,0,0,2.12532
19164,3,843.095,3,854.736,2,3,2.12489
19165,3,843.095,3,854.736,3,0,2.12447
19166,3,843.095,3,854.736,3,0,2.12404
19167,3,843.095,3,854.736,3,2,2.12362
19168,3,843.095,3,854.736,4,1,2.12319
19169,3,843.095,3,854.736,2,2,2.12277
19170,3,843.095,3,854.736,0,1,2.12234
19171,3,843.095,3,854.368,0,0,2.12192
19172,3,843.095,3,854.368,1,0,2.12149
19173,3,843.095,3,854.368,4,2,2.12107
19174,3,843.095,3,854.368,0,2,2.12064
19175,3,843.095,3,853.625,2,3,2.12022
19176,3,843.095,3,853.625,3,0,2.1198
19177,3,843.095,3,853.625,3,1,2.11937
19178,3,843.095,3,853.625,4,3,2.11895
19179,3,843.095,3,853.625,3,3,2.11853
19180,3,843.095,3,853.625,0,0,2.1181
19181,3,843.095,3,855.962,3,3,2.11768
19182,3,843.095,3,855.962,4,3,2.11725
19183,3,843.095,3,856.9,4,3,2.11683
19184,3,843.095,3,856.9,1,2,2.11641
19185,3,843.095,3,856.9,2,3,2.11598
19186,3,843.095,3,856.9,4,1,2.11556
19187,3,843.095,3,856.9,4,0,2.11514
19188,3,843.095,3,856.9,1,2,2.11471
19189,3,843.095,3,856.9,3,1,2.11429
19190,3,843.095,3,854.563,3,1,2.11387
19191,3,843.095,3,854.563,0,1,2.11345
19192,3,843.095,3,854.563,2,2,2.11302
19193,3,843.095,3,854.772,4,0,2.1126
19194,3,843.095,3,855.238,2,3,2.11218
19195,3,843.095,3,855.238,3,0,2.11176
19196,3,843.095,3,854.3,4,2,2.11133
19197,3,843.095,3,854.3,0,3,2.11091
19198,3,843.095,3,854.3,2,1,2.11049
19199,3,843.095,3,854.3,0,1,2.11007
19200,3,843.095,3,854.3,4,0,2.10965
19201,3,843.095,3,854.3,0,0,2.10922
19202,3,843.095,3,854.3,4,2,2.1088
19203,3,843.095,3,854.054,3,0,2.10838
19204,3,843.095,3,854.054,1,3,2.10796
19205,3,843.095,3,854.054,2,2,2.10754
19206,3,843.095,3,854.223,4,2,2.10711
19207,3,843.095,3,854.223,1,3,2.10669
19208,3,843.095,3,854.223,4,3,2.10627
19209,3,843.095,3,854.223,3,2,2.10585
19210,3,843.095,3,854.223,3,2,2.10543
19211,3,843.095,3,854.223,1,3,2.10501
19212,3,843.095,3,854.223,0,1,2.10459
19213,3,843.095,3,854.223,2,3,2.10417
19214,3,843.095,3,854.223,1,2,2.10375
19215,3,843.095,3,854.223,4,2,2.10333
19216,3,843.095,3,854.539,0,1,2.1029
19217,3,843.095,3,854.983,0,0,2.10248
19218,3,843.095,3,854.983,0,1,2.10206
19219,3,843.095,3,854.983,4,0,2.10164
19220,3,843.095,3,854.763,4,2,2.10122
19221,3,843.095,3,854.763,4,0,2.1008
19222,3,843.095,3,854.983,3,0,2.10038
19223,3,843.095,3,854.983,0,1,2.09996
19224,3,843.095,3,854.667,4,3,2.09954
19225,3,843.095,3,854.667,4,3,2.09912
19226,3,843.095,3,854.498,0,1,2.0987
19227,3,843.095,3,854.498,0,1,2.09828
19228,3,843.095,3,854.498,1,1,2.09786
19229,3,843.095,3,854.498,4,1,2.09744
19230,3,843.095,3,854.498,0,1,2.09702
19231,3,843.095,3,854.498,2,2,2.0966
19232,3,843.095,3,853.695,4,3,2.09619
19233,3,843.095,3,853.695,4,2,2.09577
19234,3,843.095,3,853.098,2,2,2.09535
19235,3,843.095,3,853.098,1,2,2.09493
19236,3,843.095,3,853.098,4,1,2.09451
19237,3,843.095,3,853.098,3,3,2.09409
19238,3,843.095,3,853.098,1,2,2.09367
19239,3,843.095,3,853.098,2,3,2.09325
19240,3,843.095,3,853.098,3,3,2.09283
19241,3,843.095,3,853.098,4,1,2.09242
19242,3,843.095,3,853.098,1,1,2.092
19243,3,843.095,3,853.098,2,0,2.09158
19244,3,843.095,3,853.098,1,2,2.09116
19245,3,843.095,3,853.098,1,2,2.09074
19246,3,843.095,3,853.098,4,0,2.09032
19247,3,843.095,3,853.098,4,0,2.08991
19248,3,843.095,3,853.098,1,3,2.08949
19249,3,843.095,3,852.654,3,0,2.08907
19250,3,843.095,3,852.654,1,3,2.08865
19251,3,843.095,3,852.654,0,2,2.08823
19252,3,843.095,3,852.654,0,3,2.08782
19253,3,843.095,3,852.654,3,1,2.0874
19254,3,843.095,3,852.654,4,2,2.08698
19255,3,843.095,3,852.654,4,0,2.08656
19256,3,843.095,3,852.654,0,3,2.08615
19257,3,843.095,3,852.654,2,1,2.08573
19258,3,843.095,3,852.654,2,1,2.08531
19259,3,843.095,3,852.654,0,1,2.0849
19260,3,843.095,3,852.654,0,2,2.08448
19261,3,843.095,3,852.654,3,0,2.08406
19262,3,843.095,3,852.654,0,1,2.08364
19263,3,843.095,3,852.654,2,1,2.08323
19264,3,843.095,3,852.654,0,1,2.08281
19265,3,843.095,3,852.654,2,3,2.08239
19266,3,843.095,3,852.654,2,1,2.08198
19267,3,843.095,3,852.654,2,0,2.08156
19268,3,843.095,3,852.654,0,3,2.08115
19269,3,843.095,3,852.654,0,1,2.08073
19270,3,843.095,3,852.654,2,0,2.08031
19271,3,843.095,3,852.654,0,1,2.0799
19272,3,843.095,3,852.654,4,2,2.07948
19273,3,843.095,3,852.878,2,1,2.07907
19274,3,843.095,3,852.878,3,1,2.07865
19275,3,843.095,3,852.878,3,1,2.07823
19276,3,843.095,3,852.878,4,2,2.07782
19277,3,843.095,3,852.878,0,1,2.0774
19278,3,843.095,3,852.878,1,3,2.07699
19279,3,843.095,3,852.878,1,2,2.07657
19280,3,843.095,3,852.878,2,2,2.07616
19281,3,843.095,3,852.878,2,0,2.07574
19282,3,843.095,3,852.878,2,0,2.07533
19283,3,843.095,3,852.878,4,2,2.07491
19284,3,843.095,3,852.878,1,1,2.0745
19285,3,843.095,3,853.195,4,2,2.07408
19286,3,843.095,3,854.634,2,3,2.07367
19287,3,843.095,3,854.317,3,2,2.07325
19288,3,843.095,3,854.317,3,2,2.07284
19289,3,843.095,3,854.317,4,1,2.07242
19290,3,843.095,3,854.317,1,0,2.07201
19291,3,843.095,3,854.317,0,3,2.07159
19292,3,843.095,3,854.317,1,3,2.07118
19293,3,843.095,3,854.317,4,3,2.07076
19294,3,843.095,3,854.317,3,3,2.07035
19295,3,843.095,3,857.807,3,3,2.06994
19296,3,843.095,3,857.807,0,1,2.06952
19297,3,843.095,3,854.317,2,0,2.06911
19298,3,843.095,3,854.317,1,2,2.06869
19299,3,843.095,3,854.317,3,3,2.06828
19300,3,843.095,3,854.317,1,1,2.06787
19301,3,843.095,3,854.634,3,2,2.06745
19302,3,843.095,3,854.634,1,0,2.06704
19303,3,843.095,3,854.634,2,0,2.06663
19304,3,843.095,3,854.634,3,1,2.06621
19305,3,843.095,3,854.634,0,2,2.0658
19306,3,843.095,3,854.634,1,3,2.06539
19307,3,843.095,3,854.634,0,0,2.06497
19308,3,843.095,3,854.634,1,1,2.06456
19309,3,843.095,3,854.634,3,2,2.06415
19310,3,843.095,3,854.634,3,2,2.06374
19311,3,843.095,3,854.634,2,1,2.06332
19312,3,843.095,3,854.634,0,2,2.06291
19313,3,843.095,3,855.59,3,0,2.0625
19314,3,843.095,3,855.59,3,0,2.06208
19315,3,843.095,3,855.59,4,0,2.06167
19316,3,843.095,3,855.59,1,1,2.06126
19317,3,843.095,3,855.59,1,1,2.06085
19318,3,843.095,3,855.59,4,2,2.06044
19319,3,843.095,3,855.59,1,3,2.06002
19320,3,843.095,3,855.59,1,3,2.05961
19321,3,843.095,3,855.59,2,3,2.0592
19322,3,843.095,3,855.59,0,1,2.05879
19323,3,843.095,3,855.59,4,3,2.05838
19324,3,843.095,3,855.59,1,2,2.05796
19325,3,843.095,3,855.59,4,1,2.05755
19326,3,843.095,3,855.59,1,3,2.05714
19327,3,843.095,3,855.59,2,1,2.05673
19328,3,843.095,3,855.59,1,1,2.05632
19329,3,843.095,3,855.274,0,3,2.05591
19330,3,843.095,3,855.2,0,1,2.0555
19331,3,843.095,3,855.2,4,2,2.05508
19332,3,843.095,3,855.2,2,1,2.05467
19333,3,843.095,3,855.2,0,1,2.05426
19334,3,843.095,3,855.2,3,2,2.05385
19335,3,843.095,3,855.2,2,0,2.05344
19336,3,843.095,3,855.2,4,2,2.05303
19337,3,843.095,3,855.2,3,3,2.05262
19338,3,843.095,3,855.2,1,0,2.05221
19339,3,843.095,3,855.2,4,2,2.0518
19340,3,843.095,3,855.2,4,3,2.05139
19341,3,843.095,3,855.2,1,3,2.05098
19342,3,843.095,3,855.2,0,0,2.05057
19343,3,843.095,3,855.2,4,1,2.05016
19344,3,843.095,3,855.2,0,1,2.04975
19345,3,843.095,3,855.2,2,2,2.04934
19346,3,843.095,3,855.2,2,3,2.04893
19347,3,843.095,3,855.2,2,3,2.04852
19348,3,843.095,3,855.2,2,1,2.04811
19349,3,843.095,3,855.2,3,1,2.0477
19350,3,843.095,3,855.2,1,3,2.04729
19351,3,843.095,3,855.134,3,1,2.04688
19352,3,843.095,3,855.134,3,3,2.04647
19353,3,843.095,3,856.208,0,3,2.04606
19354,3,843.095,3,856.208,3,3,2.04565
19355,3,843.095,3,856.208,2,2,2.04524
19356,3,843.095,3,856.208,0,0,2.04483
19357,3,843.095,3,856.208,0,1,2.04443
19358,3,843.095,3,856.208,3,2,2.04402
19359,3,843.095,3,856.208,0,2,2.04361
19360,3,843.095,3,856.208,0,1,2.0432
19361,3,843.095,3,856.208,3,2,2.04279
19362,3,843.095,3,857.474,3,3,2.04238
19363,3,843.095,3,857.474,0,1,2.04197
19364,3,843.095,3,857.474,0,2,2.04156
19365,3,843.095,3,856.531,2,0,2.04116
19366,3,843.095,3,856.531,1,0,2.04075
19367,3,843.095,3,856.531,2,2,2.04034
19368,3,843.095,3,856.531,2,3,2.03993
19369,3,843.095,3,856.531,2,3,2.03952
19370,3,843.095,3,856.531,1,3,2.03912
19371,3,843.095,3,856.531,3,2,2.03871
19372,3,843.095,3,856.145,0,0,2.0383
19373,3,843.095,3,856.145,1,1,2.03789
19374,3,843.095,3,856.145,2,3,2.03749
19375,3,843.095,3,856.145,0,2,2.03708
19376,3,843.095,3,856.145,1,1,2.03667
19377,3,843.095,3,856.145,0,2,2.03626
19378,3,843.095,3,856.145,1,1,2.03586
19379,3,843.095,3,856.324,4,2,2.03545
19380,3,843.095,3,856.324,4,2,2.03504
19381,3,843.095,3,856.324,0,2,2.03463
19382,3,843.095,3,856.56,3,1,2.03423
19383,3,843.095,3,856.56,1,3,2.03382
19384,3,843.095,3,856.56,1,1,2.03341
19385,3,843.095,3,856.56,3,2,2.03301
19386,3,843.095,3,856.56,0,1,2.0326
19387,3,843.095,3,855.248,2,1,2.03219
19388,3,843.095,3,855.248,2,2,2.03179
19389,3,843.095,3,855.248,4,0,2.03138
19390,3,843.095,3,855.012,2,1,2.03097
19391,3,843.095,3,855.248,4,3,2.03057
19392,3,843.095,3,855.248,1,1,2.03016
19393,3,843.095,3,855.012,4,0,2.02976
19394,3,843.095,3,855.012,0,2,2.02935
19395,3,843.095,3,855.012,3,1,2.02894
19396,3,843.095,3,855.012,3,1,2.02854
19397,3,843.095,3,851.021,2,1,2.02813
19398,3,843.095,3,851.021,3,0,2.02773
19399,3,843.095,3,851.021,0,2,2.02732
19400,3,843.095,3,851.454,2,1,2.02692
19401,3,843.095,3,851.454,1,0,2.02651
19402,3,843.095,3,853.844,4,0,2.02611
19403,3,843.095,3,853.844,4,3,2.0257
19404,3,843.095,3,852.967,3,2,2.0253
19405,3,843.095,3,852.967,2,1,2.02489
19406,3,843.095,3,852.089,4,1,2.02449
19407,3,843.095,3,852.089,4,2,2.02408
19408,3,843.095,3,852.089,4,2,2.02368
19409,3,843.095,3,852.089,3,2,2.02327
19410,3,843.095,3,852.089,2,3,2.02287
19411,3,843.095,3,852.089,0,0,2.02246
19412,3,843.095,3,852.089,1,2,2.02206
19413,3,843.095,3,852.089,1,0,2.02165
19414,3,843.095,3,851.004,3,2,2.02125
19415,3,843.095,3,850.893,3,1,2.02084
19416,3,843.095,3,850.893,4,0,2.02044
19417,3,843.095,3,850.893,4,1,2.02004
19418,3,843.095,3,850.893,4,3,2.01963
19419,3,843.095,3,850.893,4,2,2.01923
19420,3,843.095,3,851.129,0,3,2.01882
19421,3,843.095,3,851.129,2,2,2.01842
19422,3,843.095,3,851.129,2,3,2.01802
19423,3,843.095,3,851.129,1,0,2.01761
19424,3,843.095,3,851.129,2,3,2.01721
19425,3,843.095,3,851.129,3,2,2.01681
19426,3,843.095,3,850.577,4,1,2.0164
19427,3,843.095,3,850.746,0,3,2.016
19428,3,843.095,3,850.746,0,1,2.0156
19429,3,843.095,3,850.746,2,0,2.01519
19430,3,843.095,3,850.746,3,1,2.01479
19431,3,843.095,3,850.746,4,2,2.01439
19432,3,843.095,3,850.746,4,0,2.01398
19433,3,843.095,3,850.746,3,0,2.01358
19434,3,843.095,3,850.746,2,0,2.01318
19435,3,843.095,3,850.746,2,2,2.01278
19436,3,843.095,3,850.746,0,2,2.01237
19437,3,843.095,3,850.746,3,2,2.01197
19438,3,843.095,3,850.746,4,2,2.01157
19439,3,843.095,3,850.746,0,3,2.01117
19440,3,843.095,3,850.746,4,0,2.01076
19441,3,843.095,3,850.746,4,0,2.01036
19442,3,843.095,3,850.746,4,2,2.00996
19443,3,843.095,3,850.746,0,1,2.00956
19444,3,843.095,3,850.746,1,3,2.00916
19445,3,843.095,3,850.746,1,2,2.00875
19446,3,843.095,3,850.746,0,3,2.00835
19447,3,843.095,3,850.746,4,0,2.00795
19448,3,843.095,3,850.746,4,0,2.00755
19449,3,843.095,3,850.746,2,2,2.00715
19450,3,843.095,3,853.473,0,2,2.00675
19451,3,843.095,3,853.473,4,1,2.00635
19452,3,843.095,3,853.473,4,0,2.00594
19453,3,843.095,3,853.473,4,1,2.00554
19454,3,843.095,3,853.473,1,1,2.00514
19455,3,843.095,3,853.473,1,2,2.00474
19456,3,843.095,3,850.746,0,1,2.00434
19457,3,843.095,3,850.746,4,2,2.00394
19458,3,843.095,3,850.746,4,1,2.00354
19459,3,843.095,3,850.746,2,1,2.00314
19460,3,843.095,3,850.746,0,0,2.00274
19461,3,843.095,3,850.746,0,0,2.00234
19462,3,843.095,3,850.746,1,2,2.00194
19463,3,843.095,3,850.746,1,2,2.00154
19464,3,843.095,3,850.577,4,0,2.00113
19465,3,843.095,3,850.577,2,2,2.00073
19466,3,843.095,3,850.668,3,3,2.00033
19467,3,843.095,3,850.668,4,0,1.99993
19468,3,843.095,3,850.668,2,2,1.99953
19469,3,843.095,3,850.577,0,2,1.99913
19470,3,843.095,3,850.577,3,2,1.99873
19471,3,843.095,3,850.577,3,3,1.99833
19472,3,843.095,3,850.577,3,3,1.99794
19473,3,843.095,3,850.577,0,0,1.99754
19474,3,843.095,3,850.577,2,3,1.99714
19475,3,843.095,3,850.577,1,1,1.99674
19476,3,843.095,3,850.577,1,0,1.99634
19477,3,843.095,3,850.577,2,2,1.99594
19478,3,843.095,3,850.577,0,2,1.99554
19479,3,843.095,3,850.577,0,1,1.99514
19480,3,843.095,3,850.577,4,1,1.99474
19481,3,843.095,3,850.577,0,1,1.99434
19482,3,843.095,3,850.577,0,3,1.99394
19483,3,843.095,3,850.577,3,3,1.99354
19484,3,843.095,3,850.577,2,0,1.99315
19485,3,843.095,3,850.577,4,1,1.99275
19486,3,843.095,3,850.577,2,3,1.99235
19487,3,843.095,3,851.976,2,1,1.99195
19488,3,843.095,3,851.976,3,1,1.99155
19489,3,843.095,3,851.976,3,3,1.99115
19490,3,843.095,3,851.976,4,2,1.99075
19491,3,843.095,3,852.443,2,0,1.99036
19492,3,843.095,3,851.976,4,2,1.98996
19493,3,843.095,3,851.976,4,1,1.98956
19494,3,843.095,3,851.976,0,1,1.98916
19495,3,843.095,3,851.976,1,3,1.98876
19496,3,843.095,3,851.976,3,1,1.98837
19497,3,843.095,3,851.976,1,1,1.98797
19498,3,843.095,3,851.976,1,2,1.98757
19499,3,843.095,3,851.976,4,2,1.98717
19500,3,843.095,3,851.976,0,0,1.98678
19501,3,843.095,3,851.976,3,0,1.98638
19502,3,843.095,3,851.976,2,1,1.98598
19503,3,843.095,3,851.976,3,0,1.98559
19504,3,843.095,3,851.976,0,2,1.98519
19505,3,843.095,3,851.976,0,0,1.98479
19506,3,843.095,3,850.577,0,1,1.98439
19507,3,843.095,3,850.577,3,3,1.984
19508,3,843.095,3,850.577,2,0,1.9836
19509,3,843.095,3,850.577,3,3,1.9832
19510,3,843.095,3,852.175,3,0,1.98281
19511,3,843.095,3,852.175,2,0,1.98241
19512,3,843.095,3,852.175,1,3,1.98201
19513,3,843.095,3,852.175,2,1,1.98162
19514,3,843.095,3,852.175,3,3,1.98122
19515,3,843.095,3,850.577,0,1,1.98083
19516,3,843.095,3,850.577,0,1,1.98043
19517,3,843.095,3,850.577,2,1,1.98003
19518,3,843.095,3,852.913,4,3,1.97964
19519,3,843.095,3,852.913,1,3,1.97924
19520,3,843.095,3,852.913,1,1,1.97884
19521,3,843.095,3,852.913,0,1,1.97845
19522,3,843.095,3,852.913,3,1,1.97805
19523,3,843.095,3,852.913,1,0,1.97766
19524,3,843.095,3,852.913,0,2,1.97726
19525,3,843.095,3,852.913,3,1,1.97687
19526,3,843.095,3,852.913,0,2,1.97647
19527,3,843.095,3,852.913,2,3,1.97608
19528,3,843.095,3,852.913,1,1,1.97568
19529,3,843.095,3,852.913,2,1,1.97529
19530,3,843.095,3,852.913,1,1,1.97489
19531,3,843.095,3,855.539,4,3,1.9745
19532,3,843.095,3,856.36,4,2,1.9741
19533,3,843.095,3,856.36,2,3,1.97371
19534,3,843.095,3,853.971,2,3,1.97331
19535,3,843.095,3,853.971,0,2,1.97292
19536,3,843.095,3,853.971,4,3,1.97252
19537,3,843.095,3,853.139,2,0,1.97213
19538,3,843.095,3,853.139,0,1,1.97173
19539,3,843.095,3,853.139,2,3,1.97134
19540,3,843.095,3,853.139,3,0,1.97094
19541,3,843.095,3,853.139,1,1,1.97055
19542,3,843.095,3,852.913,0,1,1.97016
19543,3,843.095,3,852.913,1,0,1.96976
19544,3,843.095,3,852.913,1,0,1.96937
19545,3,843.095,3,852.913,3,0,1.96897
19546,3,843.095,3,852.913,2,1,1.96858
19547,3,843.095,3,852.913,2,1,1.96819
19548,3,843.095,3,852.913,0,3,1.96779
19549,3,843.095,3,852.913,0,1,1.9674
19550,3,843.095,3,852.913,4,2,1.96701
19551,3,843.095,3,852.913,0,1,1.96661
19552,3,843.095,3,852.913,0,0,1.96622
19553,3,843.095,3,852.913,1,0,1.96583
19554,3,843.095,3,852.913,2,2,1.96543
19555,3,843.095,3,853.149,0,3,1.96504
19556,3,843.095,3,853.149,1,0,1.96465
19557,3,843.095,3,854.313,2,2,1.96425
19558,3,843.095,3,854.313,4,0,1.96386
19559,3,843.095,3,854.313,3,0,1.96347
19560,3,843.095,3,854.313,2,2,1.96308
19561,3,843.095,3,854.404,0,3,1.96268
19562,3,843.095,3,854.64,0,3,1.96229
19563,3,843.095,3,854.404,2,2,1.9619
19564,3,843.095,3,854.87,2,0,1.96151
19565,3,843.095,3,854.779,4,2,1.96111
19566,3,843.095,3,854.779,3,1,1.96072
19567,3,843.095,3,854.779,1,0,1.96033
19568,3,843.095,3,854.779,0,0,1.95994
19569,3,843.095,3,854.779,3,1,1.95955
19570,3,843.095,3,854.779,3,0,1.95915
19571,3,843.095,3,854.779,0,1,1.95876
19572,3,843.095,3,854.779,4,0,1.95837
19573,3,843.095,3,854.779,0,2,1.95798
19574,3,843.095,3,854.779,2,2,1.95759
19575,3,843.095,3,855.134,2,2,1.95719
19576,3,843.095,3,855.134,1,2,1.9568
19577,3,843.095,3,855.134,2,2,1.95641
19578,3,843.095,3,855.134,4,1,1.95602
19579,3,843.095,3,855.134,0,3,1.95563
19580,3,843.095,3,855.134,4,3,1.95524
19581,3,843.095,3,854.539,3,0,1.95485
19582,3,843.095,3,855.005,2,0,1.95446
19583,3,843.095,3,855.005,3,3,1.95407
19584,3,843.095,3,855.005,2,2,1.95367
19585,3,843.095,3,855.005,3,2,1.95328
19586,3,843.095,3,855.005,2,1,1.95289
19587,3,843.095,3,854.779,4,2,1.9525
19588,3,843.095,3,854.779,2,0,1.95211
19589,3,843.095,3,854.779,2,0,1.95172
19590,3,843.095,3,855.015,2,3,1.95133
19591,3,843.095,3,854.779,4,0,1.95094
19592,3,843.095,3,854.87,2,3,1.95055
19593,3,843.095,3,854.87,1,2,1.95016
19594,3,843.095,3,854.87,4,3,1.94977
19595,3,843.095,3,854.87,4,0,1.94938
19596,3,843.095,3,854.87,4,0,1.94899
19597,3,843.095,3,854.87,1,1,1.9486
19598,3,843.095,3,854.779,4,2,1.94821
19599,3,843.095,3,854.779,0,0,1.94782
19600,3,843.095,3,854.779,2,2,1.94743
19601,3,843.095,3,854.779,2,3,1.94704
19602,3,843.095,3,854.779,4,1,1.94665
19603,3,843.095,3,854.779,2,0,1.94626
19604,3,843.095,3,854.779,1,3,1.94587
19605,3,843.095,3,854.313,2,1,1.94549
19606,3,843.095,3,854.313,1,0,1.9451
19607,3,843.095,3,854.313,2,3,1.94471
19608,3,843.095,3,854.313,2,1,1.94432
19609,3,843.095,3,854.313,1,2,1.94393
19610,3,843.095,3,854.313,0,1,1.94354
19611,3,843.095,3,854.313,3,1,1.94315
19612,3,843.095,3,854.549,4,3,1.94276
19613,3,843.095,3,854.549,3,0,1.94238
19614,3,843.095,3,854.313,4,1,1.94199
19615,3,843.095,3,854.313,4,3,1.9416
19616,3,843.095,3,854.847,2,3,1.94121
19617,3,843.095,3,854.847,2,0,1.94082
19618,3,843.095,3,854.847,2,3,1.94043
19619,3,843.095,3,854.847,0,1,1.94005
19620,3,843.095,3,854.847,0,0,1.93966
19621,3,843.095,3,854.847,2,3,1.93927
19622,3,843.095,3,854.847,2,0,1.93888
19623,3,843.095,3,854.847,1,3,1.93849
19624,3,843.095,3,854.847,2,0,1.93811
19625,3,843.095,3,854.847,0,0,1.93772
19626,3,843.095,3,854.847,0,2,1.93733
19627,3,843.095,3,854.847,1,3,1.93694
19628,3,843.095,3,854.313,4,1,1.93656
19629,3,843.095,3,854.313,1,3,1.93617
19630,3,843.095,3,854.423,0,0,1.93578
19631,3,843.095,3,854.423,0,1,1.93539
19632,3,843.095,3,854.423,2,3,1.93501
19633,3,843.095,3,854.423,4,1,1.93462
19634,3,843.095,3,854.423,0,0,1.93423
19635,3,843.095,3,854.423,3,2,1.93385
19636,3,843.095,3,854.423,2,2,1.93346
19637,3,843.095,3,855.025,2,3,1.93307
19638,3,843.095,3,855.025,1,2,1.93269
19639,3,843.095,3,853.75,3,3,1.9323
19640,3,843.095,3,853.75,3,3,1.93191
19641,3,843.095,3,854.284,3,3,1.93153
19642,3,843.095,3,854.284,1,3,1.93114
19643,3,843.095,3,854.284,1,2,1.93075
19644,3,843.095,3,854.284,3,0,1.93037
19645,3,843.095,3,854.284,2,3,1.92998
19646,3,843.095,3,854.284,2,0,1.9296
19647,3,843.095,3,854.284,0,0,1.92921
19648,3,843.095,3,853.75,3,0,1.92882
19649,3,843.095,3,853.75,2,3,1.92844
19650,3,843.095,3,853.75,0,3,1.92805
19651,3,843.095,3,853.75,1,0,1.92767
19652,3,843.095,3,852.943,0,0,1.92728
19653,3,843.095,3,852.943,2,2,1.9269
19654,3,843.095,3,852.943,0,1,1.92651
19655,3,843.095,3,852.832,2,1,1.92613
19656,3,843.095,3,853.149,3,3,1.92574
19657,3,843.095,3,853.149,1,1,1.92536
19658,3,843.095,3,853.149,2,0,1.92497
19659,3,843.095,3,853.149,1,1,1.92459
19660,3,843.095,3,853.149,4,2,1.9242
19661,3,843.095,3,853.149,1,1,1.92382
19662,3,843.095,3,853.149,4,3,1.92343
19663,3,843.095,3,853.149,0,2,1.92305
19664,3,843.095,3,853.149,0,1,1.92266
19665,3,843.095,3,853.956,2,1,1.92228
19666,3,843.095,3,853.956,2,1,1.92189
19667,3,843.095,3,853.956,0,3,1.92151
19668,3,843.095,3,852.556,0,3,1.92112
19669,3,843.095,3,852.556,3,1,1.92074
19670,3,843.095,3,852.556,3,3,1.92036
19671,3,843.095,3,852.556,2,1,1.91997
19672,3,843.095,3,852.556,2,0,1.91959
19673,3,843.095,3,855.181,2,3,1.9192
19674,3,843.095,3,856.036,3,3,1.91882
19675,3,843.095,3,856.036,4,3,1.91844
19676,3,843.095,3,856.036,3,1,1.91805
19677,3,843.095,3,856.036,3,1,1.91767
19678,3,843.095,3,855.181,3,2,1.91729
19679,3,843.095,3,855.181,0,1,1.9169
19680,3,843.095,3,854.969,3,3,1.91652
19681,3,843.095,3,854.653,0,1,1.91613
19682,3,843.095,3,854.653,3,2,1.91575
19683,3,843.095,3,854.653,0,3,1.91537
19684,3,843.095,3,854.653,2,1,1.91499
19685,3,843.095,3,854.744,0,3,1.9146
19686,3,843.095,3,854.744,2,0,1.91422
19687,3,843.095,3,854.744,0,3,1.91384
19688,3,843.095,3,852.331,0,1,1.91345
19689,3,843.095,3,852.331,4,1,1.91307
19690,3,843.095,3,852.331,4,0,1.91269
19691,3,843.095,3,852.331,0,3,1.91231
19692,3,843.095,3,852.331,4,1,1.91192
19693,3,843.095,3,852.556,4,0,1.91154
19694,3,843.095,3,852.556,2,1,1.91116
19695,3,843.095,3,852.556,3,2,1.91078
19696,3,843.095,3,852.239,4,2,1.91039
19697,3,843.095,3,851.433,4,0,1.91001
19698,3,843.095,3,851.433,4,1,1.90963
19699,3,843.095,3,851.433,4,3,1.90925
19700,3,843.095,3,851.433,0,0,1.90887
19701,3,843.095,3,851.433,3,0,1.90848
19702,3,843.095,3,851.433,2,3,1.9081
19703,3,843.095,3,851.433,2,3,1.90772
19704,3,843.095,3,851.524,0,3,1.90734
19705,3,843.095,3,851.524,3,0,1.90696
19706,3,843.095,3,851.524,4,3,1.90658
19707,3,843.095,3,852.924,0,0,1.9062
19708,3,843.095,3,852.832,0,0,1.90581
19709,3,843.095,3,852.832,0,2,1.90543
19710,3,843.095,3,852.832,1,1,1.90505
19711,3,843.095,3,852.832,2,2,1.90467
19712,3,843.095,3,852.832,1,0,1.90429
19713,3,843.095,3,852.832,0,2,1.90391
19714,3,843.095,3,851.433,0,3,1.90353
19715,3,843.095,3,851.433,3,1,1.90315
19716,3,843.095,3,851.433,0,2,1.90277
19717,3,843.095,3,851.433,2,3,1.90239
19718,3,843.095,3,851.433,1,0,1.90201
19719,3,843.095,3,851.433,1,1,1.90163
19720,3,843.095,3,851.433,1,0,1.90125
19721,3,843.095,3,851.433,1,3,1.90087
19722,3,843.095,3,851.433,1,0,1.90049
19723,3,843.095,3,851.433,1,2,1.90011
19724,3,843.095,3,851.433,0,2,1.89973
19725,3,843.095,3,851.433,1,2,1.89935
19726,3,843.095,3,851.433,4,2,1.89897
19727,3,843.095,3,851.433,0,0,1.89859
19728,3,843.095,3,851.433,0,0,1.89821
19729,3,843.095,3,851.433,0,3,1.89783
19730,3,843.095,3,851.433,0,1,1.89745
19731,3,843.095,3,851.433,1,0,1.89707
19732,3,843.095,3,851.433,0,3,1.89669
19733,3,843.095,3,851.433,2,0,1.89631
19734,3,843.095,3,851.433,0,3,1.89593
19735,3,843.095,3,851.433,2,0,1.89555
19736,3,843.095,3,852.239,4,3,1.89517
19737,3,843.095,3,852.239,2,3,1.89479
19738,3,843.095,3,852.239,0,1,1.89441
19739,3,843.095,3,852.239,2,2,1.89403
19740,3,843.095,3,852.331,0,3,1.89366
19741,3,843.095,3,852.239,0,0,1.89328
19742,3,843.095,3,852.239,2,0,1.8929
19743,3,843.095,3,852.239,2,2,1.89252
19744,3,843.095,3,852.239,2,2,1.89214
19745,3,843.095,3,852.239,2,2,1.89176
19746,3,843.095,3,852.239,3,2,1.89138
19747,3,843.095,3,852.239,3,1,1.89101
19748,3,843.095,3,852.239,0,1,1.89063
19749,3,843.095,3,852.239,2,3,1.89025
19750,3,843.095,3,852.239,1,3,1.88987
19751,3,843.095,3,852.239,3,3,1.88949
19752,3,843.095,3,852.239,2,3,1.88912
19753,3,843.095,3,852.239,4,2,1.88874
19754,3,843.095,3,852.239,3,3,1.88836
19755,3,843.095,3,852.239,0,1,1.88798
19756,3,843.095,3,852.239,2,3,1.8876
19757,3,843.095,3,852.239,2,3,1.88723
19758,3,843.095,3,852.239,1,2,1.88685
19759,3,843.095,3,852.239,3,0,1.88647
19760,3,843.095,3,852.239,4,0,1.88609
19761,3,843.095,3,851.433,3,1,1.88572
19762,3,843.095,3,851.433,1,0,1.88534
19763,3,843.095,3,851.433,0,3,1.88496
19764,3,843.095,3,851.433,4,3,1.88459
19765,3,843.095,3,851.433,1,3,1.88421
19766,3,843.095,3,851.433,3,2,1.88383
19767,3,843.095,3,851.433,1,3,1.88346
19768,3,843.095,3,851.433,4,0,1.88308
19769,3,843.095,3,851.433,4,3,1.8827
19770,3,843.095,3,851.433,0,1,1.88233
19771,3,843.095,3,851.433,1,1,1.88195
19772,3,843.095,3,851.433,1,1,1.88157
19773,3,843.095,3,851.433,1,1,1.8812
19774,3,843.095,3,851.433,4,1,1.88082
19775,3,843.095,3,851.433,1,2,1.88044
19776,3,843.095,3,851.433,1,0,1.88007
19777,3,843.095,3,852.255,4,3,1.87969
19778,3,843.095,3,852.255,4,0,1.87932
19779,3,843.095,3,852.255,2,0,1.87894
19780,3,843.095,3,852.255,4,3,1.87856
19781,3,843.095,3,852.255,1,0,1.87819
19782,3,843.095,3,852.571,4,0,1.87781
19783,3,843.095,3,852.571,0,2,1.87744
19784,3,843.095,3,852.571,0,1,1.87706
19785,3,843.095,3,851.75,4,1,1.87669
19786,3,843.095,3,851.75,2,0,1.87631
19787,3,843.095,3,851.75,2,1,1.87594
19788,3,843.095,3,852.01,4,3,1.87556
19789,3,843.095,3,852.01,0,1,1.87519
19790,3,843.095,3,851.693,3,1,1.87481
19791,3,843.095,3,851.693,1,3,1.87444
19792,3,843.095,3,851.693,0,2,1.87406
19793,3,843.095,3,851.524,0,3,1.87369
19794,3,843.095,3,852.255,3,3,1.87331
19795,3,843.095,3,852.255,4,3,1.87294
19796,3,843.095,3,851.433,0,2,1.87256
19797,3,843.095,3,851.433,2,0,1.87219
19798,3,843.095,3,851.433,3,3,1.87181
19799,3,843.095,3,851.433,0,1,1.87144
19800,3,843.095,3,851.433,4,3,1.87106
19801,3,843.095,3,851.433,1,2,1.87069
19802,3,843.095,3,851.433,3,0,1.87032
19803,3,843.095,3,851.433,4,0,1.86994
19804,3,843.095,3,851.433,1,2,1.86957
19805,3,843.095,3,851.433,3,2,1.86919
19806,3,843.095,3,849.097,3,3,1.86882
19807,3,843.095,3,849.097,1,1,1.86845
19808,3,843.095,3,849.097,1,1,1.86807
19809,3,843.095,3,849.266,3,2,1.8677
19810,3,843.095,3,849.266,0,3,1.86733
19811,3,843.095,3,849.376,4,0,1.86695
19812,3,843.095,3,849.376,2,3,1.86658
19813,3,843.095,3,849.207,0,2,1.86621
19814,3,843.095,3,849.207,2,3,1.86583
19815,3,843.095,3,849.207,1,1,1.86546
19816,3,843.095,3,849.207,1,0,1.86509
19817,3,843.095,3,849.207,0,1,1.86471
19818,3,843.095,3,849.207,4,2,1.86434
19819,3,843.095,3,849.207,4,1,1.86397
19820,3,843.095,3,849.376,3,2,1.86359
19821,3,843.095,3,849.376,3,1,1.86322
19822,3,843.095,3,849.207,3,1,1.86285
19823,3,843.095,3,849.207,2,2,1.86248
19824,3,843.095,3,849.207,2,3,1.8621
19825,3,843.095,3,849.207,2,1,1.86173
19826,3,843.095,3,849.207,4,2,1.86136
19827,3,843.095,3,849.207,4,1,1.86099
19828,3,843.095,3,849.207,4,1,1.86062
19829,3,843.095,3,849.207,1,1,1.86024
19830,3,843.095,3,849.207,4,3,1.85987
19831,3,843.095,3,849.207,3,0,1.8595
19832,3,843.095,3,849.207,3,2,1.85913
19833,3,843.095,3,849.207,0,2,1.85876
19834,3,843.095,3,849.207,2,0,1.85838
19835,3,843.095,3,849.207,4,2,1.85801
19836,3,843.095,3,849.207,3,3,1.85764
19837,3,843.095,3,849.207,3,0,1.85727
19838,3,843.095,3,849.207,2,0,1.8569
19839,3,843.095,3,849.207,2,0,1.85653
19840,3,843.095,3,849.207,3,3,1.85615
19841,3,843.095,3,849.207,0,2,1.85578
19842,3,843.095,3,849.207,0,2,1.85541
19843,3,843.095,3,849.097,3,1,1.85504
19844,3,843.095,3,849.097,3,0,1.85467
19845,3,843.095,3,849.097,0,1,1.8543
19846,3,843.095,3,849.097,2,0,1.85393
19847,3,843.095,3,849.097,1,0,1.85356
19848,3,843.095,3,849.097,0,0,1.85319
19849,3,843.095,3,849.097,1,1,1.85282
19850,3,843.095,3,849.097,2,0,1.85245
19851,3,843.095,3,849.097,2,2,1.85208
19852,3,843.095,3,849.266,4,3,1.8517
19853,3,843.095,3,849.266,0,0,1.85133
19854,3,843.095,3,849.266,0,3,1.85096
19855,3,843.095,3,849.266,1,0,1.85059
19856,3,843.095,3,849.266,1,0,1.85022
19857,3,843.095,3,849.266,2,3,1.84985
19858,3,843.095,3,849.266,2,3,1.84948
19859,3,843.095,3,849.266,1,0,1.84911
19860,3,843.095,3,849.266,0,3,1.84874
19861,3,843.095,3,849.266,2,2,1.84837
19862,3,843.095,3,850.665,4,1,1.848
19863,3,843.095,3,850.665,4,1,1.84764
19864,3,843.095,3,851.131,2,0,1.84727
19865,3,843.095,3,851.131,1,2,1.8469
19866,3,843.095,3,851.242,2,0,1.84653
19867,3,843.095,3,851.242,3,3,1.84616
19868,3,843.095,3,851.073,0,0,1.84579
19869,3,843.095,3,851.073,2,1,1.84542
19870,3,843.095,3,851.073,3,2,1.84505
19871,3,843.095,3,851.073,2,3,1.84468
19872,3,843.095,3,851.073,0,2,1.84431
19873,3,843.095,3,851.073,1,0,1.84394
19874,3,843.095,3,851.073,3,2,1.84357
19875,3,843.095,3,851.073,2,3,1.84321
19876,3,843.095,3,851.073,4,1,1.84284
19877,3,843.095,3,851.073,1,2,1.84247
19878,3,843.095,3,851.073,2,2,1.8421
19879,3,843.095,3,851.073,4,3,1.84173
19880,3,843.095,3,851.073,2,2,1.84136
19881,3,843.095,3,851.073,1,1,1.84099
19882,3,843.095,3,851.769,0,2,1.84063
19883,3,843.095,3,851.769,3,3,1.84026
19884,3,843.095,3,851.769,0,2,1.83989
19885,3,843.095,3,850.962,4,3,1.83952
19886,3,843.095,3,850.962,2,1,1.83915
19887,3,843.095,3,850.962,1,0,1.83879
19888,3,843.095,3,851.279,2,2,1.83842
19889,3,843.095,3,851.279,1,2,1.83805
19890,3,843.095,3,851.279,3,3,1.83768
19891,3,843.095,3,851.279,1,0,1.83732
19892,3,843.095,3,851.384,3,1,1.83695
19893,3,843.095,3,851.384,1,1,1.83658
19894,3,843.095,3,851.384,3,0,1.83621
19895,3,843.095,3,851.494,3,3,1.83585
19896,3,843.095,3,851.494,3,1,1.83548
19897,3,843.095,3,851.494,2,2,1.83511
19898,3,843.095,3,852.474,3,0,1.83475
19899,3,843.095,3,852.474,2,0,1.83438
19900,3,843.095,3,852.474,0,2,1.83401
19901,3,843.095,3,851.592,4,3,1.83364
19902,3,843.095,3,850.653,4,2,1.83328
19903,3,843.095,3,850.542,3,2,1.83291
19904,3,843.095,3,850.542,4,2,1.83254
19905,3,843.095,3,850.542,3,2,1.83218
19906,3,843.095,3,850.542,4,1,1.83181
19907,3,843.095,3,850.542,3,2,1.83145
19908,3,843.095,3,850.542,1,2,1.83108
19909,3,843.095,3,849.097,0,0,1.83071
19910,3,843.095,3,849.097,4,2,1.83035
19911,3,843.095,3,849.097,0,0,1.82998
19912,3,843.095,3,849.097,0,2,1.82961
19913,3,843.095,3,849.201,4,1,1.82925
19914,3,843.095,3,849.201,0,1,1.82888
19915,3,843.095,3,849.201,2,2,1.82852
19916,3,843.095,3,849.201,0,3,1.82815
19917,3,843.095,3,849.201,3,1,1.82779
19918,3,843.095,3,849.201,3,1,1.82742
19919,3,843.095,3,849.201,4,2,1.82705
19920,3,843.095,3,849.201,2,1,1.82669
19921,3,843.095,3,849.201,4,1,1.82632
19922,3,843.095,3,849.201,4,3,1.82596
19923,3,843.095,3,849.201,4,2,1.82559
19924,3,843.095,3,849.201,3,1,1.82523
19925,3,843.095,3,849.201,3,3,1.82486
19926,3,843.095,3,849.201,4,1,1.8245
19927,3,843.095,3,851.538,4,0,1.82413
19928,3,843.095,3,851.538,1,3,1.82377
19929,3,843.095,3,851.433,0,1,1.8234
19930,3,843.095,3,851.433,2,2,1.82304
19931,3,843.095,3,851.433,4,1,1.82267
19932,3,843.095,3,851.524,0,3,1.82231
19933,3,843.095,3,851.524,4,0,1.82195
19934,3,843.095,3,851.524,1,2,1.82158
19935,3,843.095,3,851.524,0,0,1.82122
19936,3,843.095,3,851.524,0,0,1.82085
19937,3,843.095,3,851.433,4,3,1.82049
19938,3,843.095,3,851.433,2,3,1.82012
19939,3,843.095,3,851.433,0,0,1.81976
19940,3,843.095,3,851.433,0,0,1.8194
19941,3,843.095,3,851.433,1,1,1.81903
19942,3,843.095,3,851.433,2,2,1.81867
19943,3,843.095,3,851.433,4,1,1.81831
19944,3,843.095,3,851.433,1,0,1.81794
19945,3,843.095,3,851.433,1,1,1.81758
19946,3,843.095,3,851.538,3,2,1.81721
19947,3,843.095,3,851.538,0,2,1.81685
19948,3,843.095,3,851.538,4,1,1.81649
19949,3,843.095,3,851.538,2,0,1.81612
19950,3,843.095,3,851.707,0,3,1.81576
19951,3,843.095,3,851.707,1,0,1.8154
19952,3,843.095,3,851.707,1,1,1.81503
19953,3,843.095,3,851.707,1,2,1.81467
19954,3,843.095,3,851.707,4,0,1.81431
19955,3,843.095,3,851.602,0,3,1.81395
19956,3,843.095,3,851.602,1,1,1.81358
19957,3,843.095,3,851.602,2,1,1.81322
19958,3,843.095,3,851.602,0,2,1.81286
19959,3,843.095,3,851.602,4,2,1.8125
19960,3,843.095,3,851.602,2,2,1.81213
19961,3,843.095,3,851.602,3,2,1.81177
19962,3,843.095,3,851.602,1,0,1.81141
19963,3,843.095,3,851.602,2,3,1.81105
19964,3,843.095,3,851.602,1,1,1.81068
19965,3,843.095,3,851.602,1,2,1.81032
19966,3,843.095,3,851.433,0,1,1.80996
19967,3,843.095,3,851.433,0,1,1.8096
19968,3,843.095,3,851.433,0,0,1.80924
19969,3,843.095,3,851.433,4,3,1.80887
19970,3,843.095,3,851.433,2,1,1.80851
19971,3,843.095,3,851.433,0,3,1.80815
19972,3,843.095,3,851.433,1,2,1.80779
19973,3,843.095,3,851.433,1,2,1.80743
19974,3,843.095,3,851.433,0,2,1.80707
19975,3,843.095,3,851.433,2,3,1.8067
19976,3,843.095,3,851.433,2,1,1.80634
19977,3,843.095,3,851.433,4,2,1.80598
19978,3,843.095,3,851.433,1,1,1.80562
19979,3,843.095,3,851.433,2,0,1.80526
19980,3,843.095,3,851.433,0,1,1.8049
19981,3,843.095,3,851.433,1,1,1.80454
19982,3,843.095,3,851.433,2,3,1.80418
19983,3,843.095,3,851.433,3,2,1.80382
19984,3,843.095,3,851.433,3,0,1.80345
19985,3,843.095,3,849.097,2,1,1.80309
19986,3,843.095,3,849.097,4,3,1.80273
19987,3,843.095,3,849.097,1,0,1.80237
19988,3,843.095,3,849.097,0,2,1.80201
19989,3,843.095,3,849.097,3,0,1.80165
19990,3,843.095,3,849.097,4,2,1.80129
19991,3,843.095,3,851.433,0,2,1.80093
19992,3,843.095,3,851.433,2,0,1.80057
19993,3,843.095,3,851.433,0,2,1.80021
19994,3,843.095,3,851.433,0,2,1.79985
19995,3,843.095,3,851.433,1,2,1.79949
19996,3,843.095,3,851.433,1,2,1.79913
19997,3,843.095,3,851.433,2,0,1.79877
19998,3,843.095,3,851.433,0,2,1.79841
19999,3,843.095,3,851.433,4,1,1.79805
20000,3,843.095,3,851.433,3,1,1.79769
20001,3,843.095,3,851.433,1,1,1.79733
20002,3,843.095,3,851.433,2,1,1.79697
20003,3,843.095,3,851.433,0,1,1.79661
20004,3,843.095,3,851.433,3,3,1.79625
20005,3,843.095,3,851.433,2,1,1.7959
20006,3,843.095,3,851.433,0,0,1.79554
20007,3,843.095,3,851.433,1,0,1.79518
20008,3,843.095,3,851.433,1,2,1.79482
20009,3,843.095,3,851.433,0,1,1.79446
20010,3,843.095,3,851.433,3,1,1.7941
20011,3,843.095,3,851.433,4,0,1.79374
20012,3,843.095,3,851.433,0,0,1.79338
20013,3,843.095,3,851.433,1,2,1.79302
20014,3,843.095,3,851.433,2,0,1.79267
20015,3,843.095,3,851.433,3,0,1.79231
20016,3,843.095,3,851.433,4,1,1.79195
20017,3,843.095,3,851.433,3,3,1.79159
20018,3,843.095,3,851.433,1,3,1.79123
20019,3,843.095,3,851.433,4,1,1.79087
20020,3,843.095,3,851.433,4,3,1.79052
20021,3,843.095,3,851.433,1,2,1.79016
20022,3,843.095,3,851.433,0,1,1.7898
20023,3,843.095,3,851.433,0,2,1.78944
20024,3,843.095,3,853.34,3,0,1.78908
20025,3,843.095,3,853.34,4,2,1.78873
20026,3,843.095,3,853.34,2,1,1.78837
20027,3,843.095,3,853.34,4,2,1.78801
20028,3,843.095,3,853.34,3,0,1.78765
20029,3,843.095,3,852.056,3,3,1.78729
20030,3,843.095,3,852.056,1,2,1.78694
20031,3,843.095,3,852.056,0,1,1.78658
20032,3,843.095,3,851.538,0,1,1.78622
20033,3,843.095,3,851.538,2,1,1.78587
20034,3,843.095,3,851.538,2,2,1.78551
20035,3,843.095,3,851.538,2,2,1.78515
20036,3,843.095,3,851.538,4,3,1.78479
20037,3,843.095,3,851.538,3,1,1.78444
20038,3,843.095,3,851.538,3,2,1.78408
20039,3,843.095,3,851.538,3,0,1.78372
20040,3,843.095,3,851.538,3,0,1.78337
20041,3,843.095,3,851.538,1,3,1.78301
20042,3,843.095,3,851.538,0,0,1.78265
20043,3,843.095,3,851.433,3,2,1.7823
20044,3,843.095,3,851.433,4,2,1.78194
20045,3,843.095,3,851.433,3,3,1.78158
20046,3,843.095,3,851.433,1,3,1.78123
20047,3,843.095,3,851.433,3,2,1.78087
20048,3,843.095,3,851.433,2,3,1.78052
20049,3,843.095,3,851.433,4,1,1.78016
20050,3,843.095,3,851.433,1,0,1.7798
20051,3,843.095,3,851.433,4,2,1.77945
20052,3,843.095,3,851.433,3,3,1.77909
20053,3,843.095,3,851.433,4,2,1.77874
20054,3,843.095,3,851.433,1,2,1.77838
20055,3,843.095,3,851.433,3,1,1.77802
20056,3,843.095,3,851.433,4,2,1.77767
20057,3,843.095,3,851.433,1,0,1.77731
20058,3,843.095,3,851.433,4,1,1.77696
20059,3,843.095,3,851.433,1,2,1.7766
20060,3,843.095,3,851.433,3,2,1.77625
20061,3,843.095,3,851.433,3,0,1.77589
20062,3,843.095,3,851.433,4,0,1.77554
20063,3,843.095,3,852.239,4,0,1.77518
20064,3,843.095,3,852.239,3,0,1.77483
20065,3,843.095,3,851.433,0,2,1.77447
20066,3,843.095,3,851.433,3,1,1.77412
20067,3,843.095,3,851.433,2,0,1.77376
20068,3,843.095,3,851.433,2,2,1.77341
20069,3,843.095,3,851.433,2,1,1.77305
20070,3,843.095,3,851.538,3,1,1.7727
20071,3,843.095,3,851.538,4,2,1.77234
20072,3,843.095,3,851.538,1,3,1.77199
20073,3,843.095,3,851.538,0,2,1.77163
20074,3,843.095,3,851.538,1,3,1.77128
20075,3,843.095,3,851.538,2,1,1.77093
20076,3,843.095,3,851.433,3,1,1.77057
20077,3,843.095,3,851.433,0,1,1.77022
20078,3,843.095,3,851.433,4,0,1.76986
20079,3,843.095,3,851.433,4,2,1.76951
20080,3,843.095,3,851.433,4,2,1.76916
20081,3,843.095,3,851.433,3,1,1.7688
20082,3,843.095,3,851.602,0,3,1.76845
20083,3,843.095,3,851.602,3,3,1.76809
20084,3,843.095,3,851.602,1,0,1.76774
20085,3,843.095,3,851.602,3,0,1.76739
20086,3,843.095,3,851.602,0,1,1.76703
20087,3,843.095,3,851.602,0,2,1.76668
20088,3,843.095,3,851.602,0,1,1.76633
20089,3,843.095,3,851.602,2,2,1.76597
20090,3,843.095,3,851.602,0,1,1.76562
20091,3,843.095,3,851.693,3,3,1.76527
20092,3,843.095,3,851.693,2,2,1.76491
20093,3,843.095,3,851.693,1,0,1.76456
20094,3,843.095,3,851.693,2,3,1.76421
20095,3,843.095,3,851.693,3,2,1.76386
20096,3,843.095,3,851.693,1,3,1.7635
20097,3,843.095,3,851.693,4,1,1.76315
20098,3,843.095,3,851.693,4,1,1.7628
20099,3,843.095,3,851.693,2,2,1.76244
20100,3,843.095,3,851.693,4,2,1.76209
20101,3,843.095,3,851.693,1,1,1.76174
20102,3,843.095,3,851.524,4,0,1.76139
20103,3,843.095,3,851.524,0,3,1.76103
20104,3,843.095,3,851.524,0,0,1.76068
20105,3,843.095,3,851.524,4,1,1.76033
20106,3,843.095,3,851.524,2,2,1.75998
20107,3,843.095,3,851.524,1,0,1.75963
20108,3,843.095,3,851.524,1,3,1.75927
20109,3,843.095,3,851.524,1,0,1.75892
20110,3,843.095,3,851.433,3,1,1.75857
20111,3,843.095,3,851.433,4,0,1.75822
20112,3,843.095,3,851.433,1,0,1.75787
20113,3,843.095,3,851.433,0,0,1.75752
20114,3,843.095,3,851.433,0,0,1.75716
20115,3,843.095,3,851.433,2,1,1.75681
20116,3,843.095,3,851.433,3,0,1.75646
20117,3,843.095,3,851.433,1,1,1.75611
20118,3,843.095,3,851.433,3,1,1.75576
20119,3,843.095,3,851.538,0,3,1.75541
20120,3,843.095,3,851.538,1,0,1.75506
20121,3,843.095,3,851.538,2,1,1.75471
20122,3,843.095,3,851.538,2,1,1.75436
20123,3,843.095,3,851.538,1,2,1.754
20124,3,843.095,3,851.538,2,0,1.75365
20125,3,843.095,3,851.538,3,1,1.7533
20126,3,843.095,3,852.225,0,2,1.75295
20127,3,843.095,3,852.225,1,0,1.7526
20128,3,843.095,3,852.225,1,3,1.75225
20129,3,843.095,3,852.225,1,1,1.7519
20130,3,843.095,3,852.225,1,0,1.75155
20131,3,843.095,3,852.225,0,2,1.7512
20132,3,843.095,3,852.225,4,0,1.75085
20133,3,843.095,3,852.225,1,2,1.7505
20134,3,843.095,3,852.225,4,0,1.75015
20135,3,843.095,3,852.225,1,2,1.7498
20136,3,843.095,3,852.225,2,2,1.74945
20137,3,843.095,3,852.056,2,2,1.7491
20138,3,843.095,3,852.056,4,2,1.74875
20139,3,843.095,3,852.056,0,3,1.7484
20140,3,843.095,3,852.056,4,3,1.74805
20141,3,843.095,3,851.629,0,3,1.7477
20142,3,843.095,3,851.524,0,3,1.74735
20143,3,843.095,3,851.524,0,3,1.747
20144,3,843.095,3,851.524,2,1,1.74665
20145,3,843.095,3,851.524,2,3,1.7463
20146,3,843.095,3,851.524,0,1,1.74595
20147,3,843.095,3,851.524,2,3,1.7456
20148,3,843.095,3,851.524,4,1,1.74526
20149,3,843.095,3,851.524,4,3,1.74491
20150,3,843.095,3,851.524,4,1,1.74456
20151,3,843.095,3,851.524,2,0,1.74421
20152,3,843.095,3,851.524,0,1,1.74386
20153,3,843.095,3,851.524,3,0,1.74351
20154,3,843.095,3,851.524,1,2,1.74316
20155,3,843.095,3,851.629,0,3,1.74281
20156,3,843.095,3,851.629,1,2,1.74246
20157,3,843.095,3,851.629,3,0,1.74212
20158,3,843.095,3,851.629,1,1,1.74177
20159,3,843.095,3,851.538,0,3,1.74142
20160,3,843.095,3,851.538,3,3,1.74107
20161,3,843.095,3,851.538,3,2,1.74072
20162,3,843.095,3,851.538,0,0,1.74037
20163,3,843.095,3,851.433,4,1,1.74003
20164,3,843.095,3,851.433,1,1,1.73968
20165,3,843.095,3,851.433,4,1,1.73933
20166,3,843.095,3,851.433,3,1,1.73898
20167,3,843.095,3,851.433,2,2,1.73864
20168,3,843.095,3,851.433,2,3,1.73829
20169,3,843.095,3,851.433,0,3,1.73794
20170,3,843.095,3,851.433,1,0,1.73759
20171,3,843.095,3,851.433,1,1,1.73724
20172,3,843.095,3,851.433,3,1,1.7369
20173,3,843.095,3,851.433,3,3,1.73655
20174,3,843.095,3,851.433,2,1,1.7362
20175,3,843.095,3,851.433,0,0,1.73586
20176,3,843.095,3,851.433,0,3,1.73551
20177,3,843.095,3,851.433,4,3,1.73516
20178,3,843.095,3,851.433,0,0,1.73481
20179,3,843.095,3,851.602,3,3,1.73447
20180,3,843.095,3,852.424,2,0,1.73412
20181,3,843.095,3,852.424,4,1,1.73377
20182,3,843.095,3,852.424,4,1,1.73343
20183,3,843.095,3,851.602,0,3,1.73308
20184,3,843.095,3,851.602,3,1,1.73273
20185,3,843.095,3,851.602,4,2,1.73239
20186,3,843.095,3,851.602,1,2,1.73204
20187,3,843.095,3,851.602,1,3,1.73169
20188,3,843.095,3,851.602,2,1,1.73135
20189,3,843.095,3,851.602,1,0,1.731
20190,3,843.095,3,849.266,4,1,1.73065
20191,3,843.095,3,849.266,1,2,1.73031
20192,3,843.095,3,849.266,4,2,1.72996
20193,3,843.095,3,849.266,2,3,1.72962
20194,3,843.095,3,849.266,2,0,1.72927
20195,3,843.095,3,850.665,3,0,1.72893
20196,3,843.095,3,850.665,2,2,1.72858
20197,3,843.095,3,850.665,2,3,1.72823
20198,3,843.095,3,850.665,3,2,1.72789
20199,3,843.095,3,850.665,3,0,1.72754
20200,3,843.095,3,850.665,4,3,1.7272
20201,3,843.095,3,850.665,3,0,1.72685
20202,3,843.095,3,850.665,2,0,1.72651
20203,3,843.095,3,850.665,0,1,1.72616
20204,3,843.095,3,851.109,4,3,1.72582
20205,3,843.095,3,851.96,3,3,1.72547
20206,3,843.095,3,851.96,4,3,1.72513
20207,3,843.095,3,851.96,2,0,1.72478
20208,3,843.095,3,851.96,1,0,1.72444
20209,3,843.095,3,851.96,3,0,1.72409
20210,3,843.095,3,851.812,0,0,1.72375
20211,3,843.095,3,851.812,3,2,1.7234
20212,3,843.095,3,851.812,1,3,1.72306
20213,3,843.095,3,851.812,4,0,1.72271
20214,3,843.095,3,851.812,2,3,1.72237
20215,3,843.095,3,851.812,1,0,1.72202
20216,3,843.095,3,851.812,2,2,1.72168
20217,3,843.095,3,851.812,2,2,1.72133
20218,3,843.095,3,852.346,2,3,1.72099
20219,3,843.095,3,852.346,2,1,1.72065
20220,3,843.095,3,852.346,1,2,1.7203
20221,3,843.095,3,852.346,1,2,1.71996
20222,3,843.095,3,852.346,4,2,1.71961
20223,3,843.095,3,852.346,0,2,1.71927
20224,3,843.095,3,852.346,1,2,1.71893
20225,3,843.095,3,852.346,1,1,1.71858
20226,3,843.095,3,852.346,1,3,1.71824
20227,3,843.095,3,852.346,1,3,1.71789
20228,3,843.095,3,852.346,0,0,1.71755
20229,3,843.095,3,852.177,0,3,1.71721
20230,3,843.095,3,851.643,3,2,1.71686
20231,3,843.095,3,851.643,4,2,1.71652
20232,3,843.095,3,851.643,3,3,1.71618
20233,3,843.095,3,851.643,0,0,1.71583
20234,3,843.095,3,851.812,3,2,1.71549
20235,3,843.095,3,851.812,4,1,1.71515
20236,3,843.095,3,851.812,1,2,1.7148
20237,3,843.095,3,851.812,2,2,1.71446
20238,3,843.095,3,851.812,2,1,1.71412
20239,3,843.095,3,850.243,3,0,1.71378
20240,3,843.095,3,850.243,2,2,1.71343
20241,3,843.095,3,850.243,2,0,1.71309
20242,3,843.095,3,850.243,2,3,1.71275
20243,3,843.095,3,850.243,1,0,1.71241
20244,3,843.095,3,850.243,1,2,1.71206
20245,3,843.095,3,850.243,2,1,1.71172
20246,3,843.095,3,851.05,3,0,1.71138
20247,3,843.095,3,851.141,2,3,1.71104
20248,3,843.095,3,851.141,2,2,1.71069
20249,3,843.095,3,851.141,0,2,1.71035
20250,3,843.095,3,851.141,2,1,1.71001
20251,3,843.095,3,851.141,3,1,1.70967
20252,3,843.095,3,851.05,4,2,1.70933
20253,3,843.095,3,851.05,2,3,1.70898
20254,3,843.095,3,851.05,3,3,1.70864
20255,3,843.095,3,851.05,1,3,1.7083
20256,3,843.095,3,851.05,2,3,1.70796
20257,3,843.095,3,851.16,0,0,1.70762
20258,3,843.095,3,851.05,0,2,1.70728
20259,3,843.095,3,851.05,4,0,1.70693
20260,3,843.095,3,851.05,0,0,1.70659
20261,3,843.095,3,851.05,0,1,1.70625
20262,3,843.095,3,851.742,4,3,1.70591
20263,3,843.095,3,851.573,3,0,1.70557
20264,3,843.095,3,851.573,1,3,1.70523
20265,3,843.095,3,851.573,1,3,1.70489
20266,3,843.095,3,851.573,4,3,1.70455
20267,3,843.095,3,851.337,4,1,1.7042
20268,3,843.095,3,851.337,2,0,1.70386
20269,3,843.095,3,851.337,3,2,1.70352
20270,3,843.095,3,851.337,4,1,1.70318
20271,3,843.095,3,851.77,4,0,1.70284
20272,3,843.095,3,851.77,3,2,1.7025
20273,3,843.095,3,853.17,4,1,1.70216
20274,3,843.095,3,853.17,3,0,1.70182
20275,3,843.095,3,853.17,4,0,1.70148
20276,3,843.095,3,853.17,1,3,1.70114
20277,3,843.095,3,852.529,4,3,1.7008
20278,3,843.095,3,852.293,4,2,1.70046
20279,3,843.095,3,852.293,4,0,1.70012
20280,3,843.095,3,850.985,0,3,1.69978
20281,3,843.095,3,850.985,1,1,1.69944
20282,3,843.095,3,850.985,3,3,1.6991
20283,3,843.095,3,850.985,3,3,1.69876
20284,3,843.095,3,850.985,2,0,1.69842
20285,3,843.095,3,850.985,1,3,1.69808
20286,3,843.095,3,850.893,0,3,1.69774
20287,3,843.095,3,850.893,4,2,1.6974
20288,3,843.095,3,850.893,4,3,1.69706
20289,3,843.095,3,850.893,3,1,1.69672
20290,3,843.095,3,850.893,4,3,1.69638
20291,3,843.095,3,850.577,0,2,1.69604
20292,3,843.095,3,850.577,4,0,1.6957
20293,3,843.095,3,850.577,3,2,1.69536
20294,3,843.095,3,850.577,2,1,1.69503
20295,3,843.095,3,850.577,2,2,1.69469
20296,3,843.095,3,850.577,3,2,1.69435
20297,3,843.095,3,850.577,2,0,1.69401
20298,3,843.095,3,850.577,4,3,1.69367
20299,3,843.095,3,850.577,2,2,1.69333
20300,3,843.095,3,850.577,0,1,1.69299
20301,3,843.095,3,850.577,4,0,1.69265
20302,3,843.095,3,850.577,1,1,1.69232
20303,3,843.095,3,850.577,4,0,1.69198
20304,3,843.095,3,851.515,3,3,1.69164
20305,3,843.095,3,851.515,3,1,1.6913
20306,3,843.095,3,851.515,4,2,1.69096
20307,3,843.095,3,851.515,3,2,1.69062
20308,3,843.095,3,851.515,0,2,1.69029
20309,3,843.095,3,851.515,2,3,1.68995
20310,3,843.095,3,851.515,3,2,1.68961
20311,3,843.095,3,851.515,1,2,1.68927
20312,3,843.095,3,851.515,1,0,1.68893
20313,3,843.095,3,851.515,1,1,1.6886
20314,3,843.095,3,851.515,3,2,1.68826
20315,3,843.095,3,851.515,2,2,1.68792
20316,3,843.095,3,851.515,4,2,1.68758
20317,3,843.095,3,851.515,2,3,1.68725
20318,3,843.095,3,851.515,0,1,1.68691
20319,3,843.095,3,851.515,2,0,1.68657
20320,3,843.095,3,851.515,4,1,1.68623
20321,3,843.095,3,851.515,0,1,1.6859
20322,3,843.095,3,851.515,0,1,1.68556
20323,3,843.095,3,851.515,1,1,1.68522
20324,3,843.095,3,851.515,1,3,1.68488
20325,3,843.095,3,851.515,2,0,1.68455
20326,3,843.095,3,851.515,2,0,1.68421
20327,3,843.095,3,850.577,2,2,1.68387
20328,3,843.095,3,850.746,3,3,1.68354
20329,3,843.095,3,850.746,1,0,1.6832
20330,3,843.095,3,850.746,1,2,1.68286
20331,3,843.095,3,850.746,1,2,1.68253
20332,3,843.095,3,850.746,2,0,1.68219
20333,3,843.095,3,850.746,4,0,1.68185
20334,3,843.095,3,850.746,3,3,1.68152
20335,3,843.095,3,850.577,0,2,1.68118
20336,3,843.095,3,850.577,1,1,1.68085
20337,3,843.095,3,850.577,2,2,1.68051
20338,3,843.095,3,850.577,4,0,1.68017
20339,3,843.095,3,850.577,4,0,1.67984
20340,3,843.095,3,850.577,3,0,1.6795
20341,3,843.095,3,851.976,3,0,1.67917
20342,3,843.095,3,851.976,3,1,1.67883
20343,3,843.095,3,851.976,2,2,1.67849
20344,3,843.095,3,851.976,0,2,1.67816
20345,3,843.095,3,852.068,0,3,1.67782
20346,3,843.095,3,852.068,1,0,1.67749
20347,3,843.095,3,852.068,1,1,1.67715
20348,3,843.095,3,852.068,3,2,1.67682
20349,3,843.095,3,852.068,0,3,1.67648
20350,3,843.095,3,852.068,3,0,1.67615
20351,3,843.095,3,851.976,4,1,1.67581
20352,3,843.095,3,850.577,4,3,1.67547
20353,3,843.095,3,850.577,2,1,1.67514
20354,3,843.095,3,850.577,0,3,1.6748
20355,3,843.095,3,852.175,4,2,1.67447
20356,3,843.095,3,852.175,2,2,1.67413
20357,3,843.095,3,852.175,2,2,1.6738
20358,3,843.095,3,852.175,2,3,1.67347
20359,3,843.095,3,852.175,0,0,1.67313
20360,3,843.095,3,852.175,3,2,1.6728
20361,3,843.095,3,852.175,3,1,1.67246
20362,3,843.095,3,852.175,0,2,1.67213
20363,3,843.095,3,852.175,0,1,1.67179
20364,3,843.095,3,852.175,2,3,1.67146
20365,3,843.095,3,850.577,4,0,1.67112
20366,3,843.095,3,850.577,4,1,1.67079
20367,3,843.095,3,850.577,4,1,1.67046
20368,3,843.095,3,850.577,2,0,1.67012
20369,3,843.095,3,850.577,0,2,1.66979
20370,3,843.095,3,850.577,2,1,1.66945
20371,3,843.095,3,850.577,0,2,1.66912
20372,3,843.095,3,850.577,1,3,1.66879
20373,3,843.095,3,850.577,1,1,1.66845
20374,3,843.095,3,850.577,1,1,1.66812
20375,3,843.095,3,850.577,4,0,1.66778
20376,3,843.095,3,850.577,0,1,1.66745
20377,3,843.095,3,850.577,0,3,1.66712
20378,3,843.095,3,850.577,1,2,1.66678
20379,3,843.095,3,850.577,4,3,1.66645
20380,3,843.095,3,850.577,0,2,1.66612
20381,3,843.095,3,850.893,3,2,1.66578
20382,3,843.095,3,850.893,0,2,1.66545
20383,3,843.095,3,850.893,2,2,1.66512
20384,3,843.095,3,850.893,2,0,1.66479
20385,3,843.095,3,850.893,0,1,1.66445
20386,3,843.095,3,850.893,1,0,1.66412
20387,3,843.095,3,850.577,0,3,1.66379
20388,3,843.095,3,851.515,2,3,1.66345
20389,3,843.095,3,851.976,2,2,1.66312
20390,3,843.095,3,851.976,4,0,1.66279
20391,3,843.095,3,851.976,0,2,1.66246
20392,3,843.095,3,851.976,4,2,1.66212
20393,3,843.095,3,850.577,2,3,1.66179
20394,3,843.095,3,850.893,3,2,1.66146
20395,3,843.095,3,850.893,1,0,1.66113
20396,3,843.095,3,850.893,1,3,1.66079
20397,3,843.095,3,850.893,4,0,1.66046
20398,3,843.095,3,851.063,0,2,1.66013
20399,3,843.095,3,852.661,4,0,1.6598
20400,3,843.095,3,852.661,2,1,1.65947
20401,3,843.095,3,852.661,2,2,1.65913
20402,3,843.095,3,852.661,2,2,1.6588
20403,3,843.095,3,852.661,1,1,1.65847
20404,3,843.095,3,852.661,0,0,1.65814
20405,3,843.095,3,852.661,1,3,1.65781
20406,3,843.095,3,852.661,0,1,1.65748
20407,3,843.095,3,851.063,2,3,1.65714
20408,3,843.095,3,851.063,2,0,1.65681
20409,3,843.095,3,851.063,4,1,1.65648
20410,3,843.095,3,851.063,3,3,1.65615
20411,3,843.095,3,851.063,1,3,1.65582
20412,3,843.095,3,851.063,4,1,1.65549
20413,3,843.095,3,851.063,0,1,1.65516
20414,3,843.095,3,851.063,2,0,1.65483
20415,3,843.095,3,851.063,4,2,1.65449
20416,3,843.095,3,851.884,0,3,1.65416
20417,3,843.095,3,851.884,2,0,1.65383
20418,3,843.095,3,851.884,4,3,1.6535
20419,3,843.095,3,851.884,4,2,1.65317
20420,3,843.095,3,851.884,2,1,1.65284
20421,3,843.095,3,851.884,0,1,1.65251
20422,3,843.095,3,851.884,1,2,1.65218
20423,3,843.095,3,851.884,2,1,1.65185
20424,3,843.095,3,851.884,3,0,1.65152
20425,3,843.095,3,851.288,0,1,1.65119
20426,3,843.095,3,851.119,3,1,1.65086
20427,3,843.095,3,850.803,4,1,1.65053
20428,3,843.095,3,850.803,4,2,1.6502
20429,3,843.095,3,850.577,0,0,1.64987
20430,3,843.095,3,850.577,4,2,1.64954
20431,3,843.095,3,850.577,1,0,1.64921
20432,3,843.095,3,850.577,3,1,1.64888
20433,3,843.095,3,850.577,4,0,1.64855
20434,3,843.095,3,852.175,3,0,1.64822
20435,3,843.095,3,852.175,3,3,1.64789
20436,3,843.095,3,852.175,1,3,1.64756
20437,3,843.095,3,852.175,2,1,1.64723
20438,3,843.095,3,852.175,1,3,1.6469
20439,3,843.095,3,852.491,3,2,1.64657
20440,3,843.095,3,852.491,1,3,1.64624
20441,3,843.095,3,852.491,0,0,1.64591
20442,3,843.095,3,852.491,4,0,1.64558
20443,3,843.095,3,852.491,2,3,1.64525
20444,3,843.095,3,852.491,0,0,1.64493
20445,3,843.095,3,850.893,0,0,1.6446
20446,3,843.095,3,850.893,4,2,1.64427
20447,3,843.095,3,850.893,3,0,1.64394
20448,3,843.095,3,850.893,3,1,1.64361
20449,3,843.095,3,850.893,0,2,1.64328
20450,3,843.095,3,850.577,3,1,1.64295
20451,3,843.095,3,850.577,4,2,1.64262
20452,3,843.095,3,850.577,2,1,1.6423
20453,3,843.095,3,850.577,2,0,1.64197
20454,3,843.095,3,850.577,1,0,1.64164
20455,3,843.095,3,850.577,2,0,1.64131
20456,3,843.095,3,850.577,0,1,1.64098
20457,3,843.095,3,850.577,0,3,1.64065
20458,3,843.095,3,850.577,1,3,1.64033
20459,3,843.095,3,850.577,1,3,1.64
20460,3,843.095,3,850.577,2,1,1.63967
20461,3,843.095,3,851.398,3,2,1.63934
20462,3,843.095,3,850.577,4,2,1.63901
20463,3,843.095,3,850.577,1,1,1.63869
20464,3,843.095,3,850.577,3,1,1.63836
20465,3,843.095,3,850.577,0,2,1.63803
20466,3,843.095,3,850.577,1,1,1.6377
20467,3,843.095,3,850.577,0,2,1.63738
20468,3,843.095,3,850.577,4,0,1.63705
20469,3,843.095,3,850.577,4,1,1.63672
20470,3,843.095,3,850.577,3,1,1.63639
20471,3,843.095,3,850.577,2,2,1.63607
20472,3,843.095,3,850.577,3,3,1.63574
20473,3,843.095,3,850.577,0,3,1.63541
20474,3,843.095,3,850.577,4,1,1.63508
20475,3,843.095,3,850.577,1,0,1.63476
20476,3,843.095,3,850.577,3,3,1.63443
20477,3,843.095,3,850.577,1,3,1.6341
20478,3,843.095,3,850.577,1,2,1.63378
20479,3,843.095,3,850.577,3,0,1.63345
20480,3,843.095,3,851.398,0,0,1.63312
20481,3,843.095,3,851.398,1,2,1.6328
20482,3,843.095,3,851.398,1,0,1.63247
20483,3,843.095,3,851.398,3,3,1.63214
20484,3,843.095,3,850.668,0,3,1.63182
20485,3,843.095,3,850.577,4,0,1.63149
20486,3,843.095,3,850.577,0,0,1.63116
20487,3,843.095,3,850.577,1,3,1.63084
20488,3,843.095,3,850.577,0,3,1.63051
20489,3,843.095,3,850.577,3,1,1.63019
20490,3,843.095,3,850.577,1,1,1.62986
20491,3,843.095,3,850.577,4,1,1.62953
20492,3,843.095,3,850.577,1,1,1.62921
20493,3,843.095,3,850.577,1,3,1.62888
20494,3,843.095,3,850.577,2,2,1.62856
20495,3,843.095,3,850.577,3,2,1.62823
20496,3,843.095,3,850.577,2,3,1.6279
20497,3,843.095,3,850.577,3,0,1.62758
20498,3,843.095,3,851.976,3,2,1.62725
20499,3,843.095,3,851.976,3,1,1.62693
20500,3,843.095,3,852.068,3,3,1.6266
20501,3,843.095,3,852.068,4,2,1.62628
20502,3,843.095,3,850.668,0,3,1.62595
20503,3,843.095,3,853.005,4,0,1.62563
20504,3,843.095,3,853.005,4,0,1.6253
20505,3,843.095,3,853.005,3,1,1.62498
20506,3,843.095,3,853.005,3,2,1.62465
20507,3,843.095,3,852.913,0,2,1.62433
20508,3,843.095,3,852.175,3,2,1.624
20509,3,843.095,3,852.996,2,0,1.62368
20510,3,843.095,3,850.803,3,0,1.62335
20511,3,843.095,3,850.803,0,3,1.62303
20512,3,843.095,3,850.803,4,1,1.6227
20513,3,843.095,3,850.803,1,2,1.62238
20514,3,843.095,3,850.803,2,3,1.62205
20515,3,843.095,3,850.803,3,2,1.62173
20516,3,843.095,3,850.803,0,0,1.62141
20517,3,843.095,3,850.577,0,2,1.62108
20518,3,843.095,3,850.577,4,1,1.62076
20519,3,843.095,3,850.577,0,2,1.62043
20520,3,843.095,3,850.577,2,2,1.62011
20521,3,843.095,3,850.577,4,0,1.61978
20522,3,843.095,3,850.577,2,2,1.61946
20523,3,843.095,3,850.813,3,3,1.61914
20524,3,843.095,3,851.021,2,1,1.61881
20525,3,843.095,3,851.021,2,1,1.61849
20526,3,843.095,3,851.021,4,1,1.61817
20527,3,843.095,3,851.021,3,0,1.61784
20528,3,843.095,3,851.021,0,3,1.61752
20529,3,843.095,3,851.021,3,0,1.61719
20530,3,843.095,3,851.021,0,0,1.61687
20531,3,843.095,3,851.19,0,2,1.61655
20532,3,843.095,3,851.19,1,2,1.61622
20533,3,843.095,3,851.021,0,0,1.6159
20534,3,843.095,3,851.021,3,1,1.61558
20535,3,843.095,3,851.021,4,3,1.61526
20536,3,843.095,3,851.021,1,1,1.61493
20537,3,843.095,3,851.021,2,1,1.61461
20538,3,843.095,3,851.021,1,3,1.61429
20539,3,843.095,3,851.021,1,2,1.61396
20540,3,843.095,3,851.021,4,3,1.61364
20541,3,843.095,3,851.021,3,3,1.61332
20542,3,843.095,3,851.021,4,0,1.613
20543,3,843.095,3,851.021,2,1,1.61267
20544,3,843.095,3,851.021,4,3,1.61235
20545,3,843.095,3,851.021,4,3,1.61203
20546,3,843.095,3,851.021,0,2,1.61171
20547,3,843.095,3,851.021,3,3,1.61138
20548,3,843.095,3,851.021,1,3,1.61106
20549,3,843.095,3,851.337,4,2,1.61074
20550,3,843.095,3,851.337,1,1,1.61042
20551,3,843.095,3,851.337,0,0,1.61009
20552,3,843.095,3,851.337,2,3,1.60977
20553,3,843.095,3,851.337,1,2,1.60945
20554,3,843.095,3,851.337,4,3,1.60913
20555,3,843.095,3,851.337,4,1,1.60881
20556,3,843.095,3,851.337,1,2,1.60848
20557,3,843.095,3,851.021,0,2,1.60816
20558,3,843.095,3,851.021,4,1,1.60784
20559,3,843.095,3,851.021,4,2,1.60752
20560,3,843.095,3,851.021,1,1,1.6072
20561,3,843.095,3,851.021,1,3,1.60688
20562,3,843.095,3,851.021,4,3,1.60656
20563,3,843.095,3,851.021,3,3,1.60623
20564,3,843.095,3,851.021,1,1,1.60591
20565,3,843.095,3,851.337,0,2,1.60559
20566,3,843.095,3,851.337,0,1,1.60527
20567,3,843.095,3,851.337,1,3,1.60495
20568,3,843.095,3,851.337,2,2,1.60463
20569,3,843.095,3,851.337,2,1,1.60431
20570,3,843.095,3,851.337,0,0,1.60399
20571,3,843.095,3,851.573,4,3,1.60367
20572,3,843.095,3,851.337,0,2,1.60335
20573,3,843.095,3,851.573,4,0,1.60302
20574,3,843.095,3,851.573,3,2,1.6027
20575,3,843.095,3,851.573,4,1,1.60238
20576,3,843.095,3,851.337,2,2,1.60206
20577,3,843.095,3,851.337,4,1,1.60174
20578,3,843.095,3,851.337,1,1,1.60142
20579,3,843.095,3,851.337,3,1,1.6011
20580,3,843.095,3,850.893,4,1,1.60078
20581,3,843.095,3,850.893,2,3,1.60046
20582,3,843.095,3,850.893,0,2,1.60014
20583,3,843.095,3,850.893,1,0,1.59982
20584,3,843.095,3,850.893,4,2,1.5995
20585,3,843.095,3,850.893,0,3,1.59918
20586,3,843.095,3,850.893,4,0,1.59886
20587,3,843.095,3,850.893,2,0,1.59854
20588,3,843.095,3,850.893,1,0,1.59822
20589,3,843.095,3,850.893,0,2,1.5979
20590,3,843.095,3,850.893,1,1,1.59758
20591,3,843.095,3,850.893,4,2,1.59726
20592,3,843.095,3,850.893,2,0,1.59694
20593,3,843.095,3,850.893,2,3,1.59662
20594,3,843.095,3,850.577,3,1,1.59631
20595,3,843.095,3,850.577,0,0,1.59599
20596,3,843.095,3,850.577,1,1,1.59567
20597,3,843.095,3,850.577,3,0,1.59535
20598,3,843.095,3,851.976,2,1,1.59503
20599,3,843.095,3,851.976,3,3,1.59471
20600,3,843.095,3,851.976,2,0,1.59439
20601,3,843.095,3,851.976,0,3,1.59407
20602,3,843.095,3,851.976,3,2,1.59375
20603,3,843.095,3,851.976,1,0,1.59343
20604,3,843.095,3,851.976,3,0,1.59312
20605,3,843.095,3,851.976,0,1,1.5928
20606,3,843.095,3,851.976,0,1,1.59248
20607,3,843.095,3,851.976,4,2,1.59216
20608,3,843.095,3,851.976,0,0,1.59184
20609,3,843.095,3,851.976,0,0,1.59152
20610,3,843.095,3,852.304,3,3,1.5912
20611,3,843.095,3,852.304,1,1,1.59089
20612,3,843.095,3,852.602,2,2,1.59057
20613,3,843.095,3,852.602,0,2,1.59025
20614,3,843.095,3,852.602,3,0,1.58993
20615,3,843.095,3,852.602,4,3,1.58961
20616,3,843.095,3,852.602,0,0,1.5893
20617,3,843.095,3,852.602,3,2,1.58898
20618,3,843.095,3,852.602,4,3,1.58866
20619,3,843.095,3,852.511,4,0,1.58834
20620,3,843.095,3,852.511,3,0,1.58803
20621,3,843.095,3,852.511,2,2,1.58771
20622,3,843.095,3,851.768,3,1,1.58739
20623,3,843.095,3,851.768,1,1,1.58707
20624,3,843.095,3,851.768,1,1,1.58676
20625,3,843.095,3,851.768,4,2,1.58644
20626,3,843.095,3,851.768,1,2,1.58612
20627,3,843.095,3,851.768,2,3,1.5858
20628,3,843.095,3,851.768,4,2,1.58549
20629,3,843.095,3,851.768,2,3,1.58517
20630,3,843.095,3,851.768,3,0,1.58485
20631,3,843.095,3,851.768,4,1,1.58454
20632,3,843.095,3,851.768,0,0,1.58422
20633,3,843.095,3,851.768,3,3,1.5839
20634,3,843.095,3,851.768,4,3,1.58358
20635,3,843.095,3,851.768,0,3,1.58327
20636,3,843.095,3,851.768,0,1,1.58295
20637,3,843.095,3,851.768,3,2,1.58263
20638,3,843.095,3,851.768,0,0,1.58232
20639,3,843.095,3,851.768,0,3,1.582
20640,3,843.095,3,851.768,0,1,1.58169
20641,3,843.095,3,851.768,4,0,1.58137
20642,3,843.095,3,851.878,0,3,1.58105
20643,3,843.095,3,851.878,1,1,1.58074
20644,3,843.095,3,851.878,2,1,1.58042
20645,3,843.095,3,851.878,3,3,1.5801
20646,3,843.095,3,851.768,0,1,1.57979
20647,3,843.095,3,851.768,4,3,1.57947
20648,3,843.095,3,851.768,0,0,1.57916
20649,3,843.095,3,851.768,3,2,1.57884
20650,3,843.095,3,852.37,3,2,1.57852
20651,3,843.095,3,851.094,2,0,1.57821
20652,3,843.095,3,851.411,4,3,1.57789
20653,3,843.095,3,851.411,3,1,1.57758
20654,3,843.095,3,851.411,4,1,1.57726
20655,3,843.095,3,851.411,4,2,1.57695
20656,3,843.095,3,851.411,2,2,1.57663
20657,3,843.095,3,851.411,3,3,1.57632
20658,3,843.095,3,851.411,4,1,1.576
20659,3,843.095,3,851.411,1,1,1.57569
20660,3,843.095,3,851.411,0,0,1.57537
20661,3,843.095,3,851.411,3,2,1.57506
20662,3,843.095,3,851.411,2,2,1.57474
20663,3,843.095,3,851.411,3,3,1.57443
20664,3,843.095,3,851.411,4,3,1.57411
20665,3,843.095,3,851.411,1,0,1.5738
20666,3,843.095,3,851.411,2,2,1.57348
20667,3,843.095,3,851.411,1,0,1.57317
20668,3,843.095,3,851.411,2,3,1.57285
20669,3,843.095,3,851.411,2,2,1.57254
20670,3,843.095,3,851.411,2,2,1.57222
20671,3,843.095,3,851.411,3,1,1.57191
20672,3,843.095,3,850.288,0,1,1.57159
20673,3,843.095,3,850.483,0,2,1.57128
20674,3,843.095,3,850.483,3,2,1.57097
20675,3,843.095,3,850.969,3,2,1.57065
20676,3,843.095,3,850.561,0,1,1.57034
20677,3,843.095,3,850.561,3,0,1.57002
20678,3,843.095,3,850.561,1,0,1.56971
20679,3,843.095,3,850.457,4,2,1.56939
20680,3,843.095,3,850.457,2,3,1.56908
20681,3,843.095,3,850.457,3,2,1.56877
20682,3,843.095,3,850.288,3,1,1.56845
20683,3,843.095,3,850.288,3,2,1.56814
20684,3,843.095,3,850.288,3,2,1.56783
20685,3,843.095,3,850.288,1,1,1.56751
20686,3,843.095,3,850.288,0,3,1.5672
20687,3,843.095,3,850.288,2,0,1.56689
20688,3,843.095,3,850.288,4,1,1.56657
20689,3,843.095,3,850.288,1,0,1.56626
20690,3,843.095,3,850.288,3,0,1.56595
20691,3,843.095,3,850.288,4,1,1.56563
20692,3,843.095,3,850.288,4,2,1.56532
20693,3,843.095,3,850.288,3,0,1.56501
20694,3,843.095,3,850.288,0,1,1.56469
20695,3,843.095,3,850.392,3,1,1.56438
20696,3,843.095,3,850.392,4,1,1.56407
20697,3,843.095,3,850.392,1,1,1.56375
20698,3,843.095,3,850.392,4,0,1.56344
20699,3,843.095,3,850.392,0,2,1.56313
20700,3,843.095,3,850.392,3,1,1.56282
20701,3,843.095,3,850.392,1,3,1.5625
20702,3,843.095,3,854.144,2,1,1.56219
20703,3,843.095,3,854.144,0,0,1.56188
20704,3,843.095,3,855.265,4,0,1.56157
20705,3,843.095,3,855.265,1,2,1.56125
20706,3,843.095,3,855.265,0,1,1.56094
20707,3,843.095,3,855.265,0,3,1.56063
20708,3,843.095,3,855.375,0,3,1.56032
20709,3,843.095,3,856.064,4,3,1.56001
20710,3,843.095,3,856.064,2,3,1.55969
20711,3,843.095,3,856.064,2,1,1.55938
20712,3,843.095,3,856.064,4,0,1.55907
20713,3,843.095,3,854.838,4,1,1.55876
20714,3,843.095,3,854.838,1,3,1.55845
20715,3,843.095,3,854.838,1,3,1.55813
20716,3,843.095,3,854.838,0,2,1.55782
20717,3,843.095,3,854.838,1,1,1.55751
20718,3,843.095,3,854.838,3,1,1.5572
20719,3,843.095,3,854.838,2,0,1.55689
20720,3,843.095,3,854.838,0,0,1.55658
20721,3,843.095,3,856.152,4,3,1.55627
20722,3,843.095,3,855.598,2,1,1.55595
20723,3,843.095,3,855.598,3,1,1.55564
20724,3,843.095,3,855.598,1,1,1.55533
20725,3,843.095,3,855.598,0,2,1.55502
20726,3,843.095,3,856.189,2,0,1.55471
20727,3,843.095,3,856.189,1,1,1.5544
20728,3,843.095,3,856.189,2,2,1.55409
20729,3,843.095,3,856.189,0,2,1.55378
20730,3,843.095,3,856.189,1,2,1.55347
20731,3,843.095,3,856.189,1,1,1.55316
20732,3,843.095,3,856.559,4,0,1.55285
20733,3,843.095,3,856.559,0,1,1.55253
20734,3,843.095,3,856.559,2,0,1.55222
20735,3,843.095,3,856.559,3,3,1.55191
20736,3,843.095,3,857.365,3,2,1.5516
20737,3,843.095,3,857.365,4,0,1.55129
20738,3,843.095,3,857.255,3,0,1.55098
20739,3,843.095,3,857.346,3,3,1.55067
20740,3,843.095,3,856.54,4,1,1.55036
20741,3,843.095,3,856.391,3,0,1.55005
20742,3,843.095,3,856.391,3,0,1.54974
20743,3,843.095,3,856.391,1,0,1.54943
20744,3,843.095,3,856.391,0,1,1.54912
20745,3,843.095,3,856.391,3,2,1.54881
20746,3,843.095,3,856.391,4,2,1.5485
20747,3,843.095,3,856.391,2,0,1.54819
20748,3,843.095,3,856.391,1,1,1.54788
20749,3,843.095,3,856.391,0,1,1.54757
20750,3,843.095,3,856.391,2,0,1.54726
20751,3,843.095,3,856.391,1,3,1.54696
20752,3,843.095,3,856.391,1,2,1.54665
20753,3,843.095,3,856.391,4,0,1.54634
20754,3,843.095,3,856.391,2,2,1.54603
20755,3,843.095,3,856.391,0,0,1.54572
20756,3,843.095,3,856.391,2,0,1.54541
20757,3,843.095,3,856.391,1,2,1.5451
20758,3,843.095,3,856.391,0,2,1.54479
20759,3,843.095,3,856.391,2,0,1.54448
20760,3,843.095,3,856.391,2,2,1.54417
20761,3,843.095,3,856.56,0,3,1.54386
20762,3,843.095,3,856.56,2,1,1.54356
20763,3,843.095,3,856.56,2,0,1.54325
20764,3,843.095,3,856.391,4,1,1.54294
20765,3,843.095,3,856.391,1,1,1.54263
20766,3,843.095,3,857.198,3,1,1.54232
20767,3,843.095,3,857.198,2,2,1.54201
20768,3,843.095,3,857.198,2,2,1.5417
20769,3,843.095,3,857.198,4,1,1.5414
20770,3,843.095,3,856.812,2,2,1.54109
20771,3,843.095,3,856.005,4,3,1.54078
20772,3,843.095,3,856.005,1,0,1.54047
20773,3,843.095,3,856.005,3,2,1.54016
20774,3,843.095,3,856.005,4,2,1.53985
20775,3,843.095,3,856.168,2,3,1.53955
20776,3,843.095,3,856.168,2,2,1.53924
20777,3,843.095,3,856.168,0,1,1.53893
20778,3,843.095,3,856.168,4,1,1.53862
20779,3,843.095,3,856.168,3,1,1.53832
20780,3,843.095,3,855.851,3,1,1.53801
20781,3,843.095,3,855.851,3,2,1.5377
20782,3,843.095,3,855.851,1,2,1.53739
20783,3,843.095,3,855.851,4,2,1.53709
20784,3,843.095,3,855.851,4,1,1.53678
20785,3,843.095,3,855.851,4,1,1.53647
20786,3,843.095,3,856.658,4,3,1.53616
20787,3,843.095,3,856.495,0,1,1.53586
20788,3,843.095,3,856.495,4,3,1.53555
20789,3,843.095,3,856.495,1,0,1.53524
20790,3,843.095,3,856.495,4,2,1.53493
20791,3,843.095,3,856.495,1,2,1.53463
20792,3,843.095,3,856.268,2,3,1.53432
20793,3,843.095,3,856.268,4,0,1.53401
20794,3,843.095,3,856.268,3,1,1.53371
20795,3,843.095,3,856.268,2,2,1.5334
20796,3,843.095,3,856.268,3,3,1.53309
20797,3,843.095,3,856.712,4,2,1.53279
20798,3,843.095,3,856.712,3,2,1.53248
20799,3,843.095,3,855.905,4,1,1.53217
20800,3,843.095,3,855.905,3,1,1.53187
20801,3,843.095,3,858.27,0,3,1.53156
20802,3,843.095,3,857.536,2,1,1.53126
20803,3,843.095,3,857.536,0,0,1.53095
20804,3,843.095,3,857.536,1,0,1.53064
20805,3,843.095,3,857.536,2,0,1.53034
20806,3,843.095,3,857.536,2,3,1.53003
20807,3,843.095,3,857.536,2,3,1.52972
20808,3,843.095,3,857.078,0,3,1.52942
20809,3,843.095,3,857.078,2,0,1.52911
20810,3,843.095,3,857.078,1,0,1.52881
20811,3,843.095,3,857.851,4,3,1.5285
20812,3,843.095,3,857.851,3,3,1.5282
20813,3,843.095,3,857.851,2,0,1.52789
20814,3,843.095,3,856.035,3,3,1.52758
20815,3,843.095,3,855.944,4,2,1.52728
20816,3,843.095,3,855.944,3,3,1.52697
20817,3,843.095,3,855.944,2,0,1.52667
20818,3,843.095,3,855.944,4,2,1.52636
20819,3,843.095,3,855.944,0,0,1.52606
20820,3,843.095,3,855.944,1,2,1.52575
20821,3,843.095,3,855.944,3,3,1.52545
20822,3,843.095,3,856.535,2,2,1.52514
20823,3,843.095,3,852.247,4,0,1.52484
20824,3,843.095,3,852.247,3,3,1.52453
20825,3,843.095,3,852.247,0,3,1.52423
20826,3,843.095,3,852.247,2,1,1.52392
20827,3,843.095,3,852.247,3,2,1.52362
20828,3,843.095,3,852.247,4,2,1.52331
20829,3,843.095,3,852.247,1,0,1.52301
20830,3,843.095,3,852.247,0,3,1.5227
20831,3,843.095,3,852.247,4,0,1.5224
20832,3,843.095,3,851.504,3,2,1.52209
20833,3,843.095,3,851.504,0,3,1.52179
20834,3,843.095,3,851.504,1,2,1.52149
20835,3,843.095,3,851.504,0,0,1.52118
20836,3,843.095,3,851.504,3,1,1.52088
20837,3,843.095,3,851.504,0,0,1.52057
20838,3,843.095,3,851.504,4,1,1.52027
20839,3,843.095,3,851.504,1,1,1.51996
20840,3,843.095,3,851.504,0,3,1.51966
20841,3,843.095,3,851.504,0,0,1.51936
20842,3,843.095,3,851.504,2,3,1.51905
20843,3,843.095,3,851.504,1,2,1.51875
20844,3,843.095,3,851.504,1,3,1.51845
20845,3,843.095,3,851.504,4,1,1.51814
20846,3,843.095,3,851.504,0,0,1.51784
20847,3,843.095,3,851.504,1,2,1.51753
20848,3,843.095,3,851.504,2,0,1.51723
20849,3,843.095,3,851.504,1,0,1.51693
20850,3,843.095,3,851.504,1,3,1.51662
20851,3,843.095,3,851.504,2,0,1.51632
20852,3,843.095,3,852.264,4,3,1.51602
20853,3,843.095,3,852.264,4,2,1.51571
20854,3,843.095,3,852.264,0,2,1.51541
20855,3,843.095,3,852.264,2,0,1.51511
20856,3,843.095,3,852.264,1,1,1.5148
20857,3,843.095,3,852.433,4,3,1.5145
20858,3,843.095,3,852.264,3,3,1.5142
20859,3,843.095,3,852.264,1,3,1.5139
20860,3,843.095,3,852.264,0,0,1.51359
20861,3,843.095,3,852.264,2,3,1.51329
20862,3,843.095,3,852.264,1,2,1.51299
20863,3,843.095,3,852.264,3,3,1.51269
20864,3,843.095,3,852.264,0,3,1.51238
20865,3,843.095,3,852.264,0,3,1.51208
20866,3,843.095,3,852.264,2,2,1.51178
20867,3,843.095,3,852.264,4,0,1.51148
20868,3,843.095,3,852.264,1,2,1.51117
20869,3,843.095,3,852.264,4,1,1.51087
20870,3,843.095,3,852.264,4,2,1.51057
20871,3,843.095,3,852.388,0,0,1.51027
20872,3,843.095,3,852.331,2,2,1.50996
20873,3,843.095,3,852.331,0,3,1.50966
20874,3,843.095,3,852.331,2,2,1.50936
20875,3,843.095,3,852.331,2,3,1.50906
20876,3,843.095,3,851.539,3,3,1.50876
20877,3,843.095,3,851.539,4,2,1.50846
20878,3,843.095,3,851.539,3,1,1.50815
20879,3,843.095,3,851.539,3,0,1.50785
20880,3,843.095,3,851.539,1,1,1.50755
20881,3,843.095,3,851.539,4,1,1.50725
20882,3,843.095,3,851.434,2,2,1.50695
20883,3,843.095,3,851.434,0,0,1.50665
20884,3,843.095,3,851.434,4,1,1.50634
20885,3,843.095,3,851.434,2,3,1.50604
20886,3,843.095,3,851.434,1,0,1.50574
20887,3,843.095,3,851.434,2,3,1.50544
20888,3,843.095,3,852.241,4,0,1.50514
20889,3,843.095,3,852.241,0,3,1.50484
20890,3,843.095,3,852.241,1,3,1.50454
20891,3,843.095,3,852.332,2,3,1.50424
20892,3,843.095,3,852.332,4,2,1.50394
20893,3,843.095,3,852.332,0,1,1.50364
20894,3,843.095,3,852.241,4,0,1.50333
20895,3,843.095,3,852.241,1,0,1.50303
20896,3,843.095,3,851.538,3,1,1.50273
20897,3,843.095,3,851.538,4,3,1.50243
20898,3,843.095,3,851.538,0,3,1.50213
20899,3,843.095,3,851.538,3,3,1.50183
20900,3,843.095,3,851.538,2,2,1.50153
20901,3,843.095,3,851.538,3,1,1.50123
20902,3,843.095,3,851.538,4,2,1.50093
20903,3,843.095,3,851.538,4,0,1.50063
20904,3,843.095,3,851.538,0,3,1.50033
20905,3,843.095,3,851.538,4,0,1.50003
20906,3,843.095,3,851.538,4,3,1.49973
20907,3,843.095,3,851.538,2,1,1.49943
20908,3,843.095,3,852.212,0,1,1.49913
20909,3,843.095,3,852.303,0,3,1.49883
20910,3,843.095,3,852.303,4,3,1.49853
20911,3,843.095,3,852.303,4,1,1.49823
20912,3,843.095,3,852.303,2,1,1.49793
20913,3,843.095,3,852.905,2,3,1.49763
20914,3,843.095,3,852.905,3,2,1.49733
20915,3,843.095,3,852.905,2,0,1.49703
20916,3,843.095,3,852.905,1,0,1.49673
20917,3,843.095,3,852.905,1,0,1.49643
20918,3,843.095,3,852.905,0,1,1.49614
20919,3,843.095,3,852.905,3,0,1.49584
20920,3,843.095,3,853.668,4,0,1.49554
20921,3,843.095,3,852.393,3,3,1.49524
20922,3,843.095,3,851.586,0,2,1.49494
20923,3,843.095,3,851.586,0,0,1.49464
20924,3,843.095,3,851.586,1,1,1.49434
20925,3,843.095,3,851.586,1,1,1.49404
20926,3,843.095,3,851.586,1,1,1.49374
20927,3,843.095,3,851.586,0,1,1.49344
20928,3,843.095,3,851.586,4,2,1.49315
20929,3,843.095,3,851.586,3,2,1.49285
20930,3,843.095,3,852.393,3,1,1.49255
20931,3,843.095,3,852.393,1,3,1.49225
20932,3,843.095,3,852.393,4,2,1.49195
20933,3,843.095,3,852.393,1,3,1.49165
20934,3,843.095,3,852.393,1,3,1.49135
20935,3,843.095,3,852.393,3,1,1.49106
20936,3,843.095,3,852.393,4,0,1.49076
20937,3,843.095,3,851.629,0,2,1.49046
20938,3,843.095,3,851.629,0,0,1.49016
20939,3,843.095,3,851.629,1,3,1.48986
20940,3,843.095,3,851.629,4,0,1.48957
20941,3,843.095,3,851.538,0,1,1.48927
20942,3,843.095,3,851.538,3,1,1.48897
20943,3,843.095,3,851.538,3,2,1.48867
20944,3,843.095,3,850.731,0,0,1.48837
20945,3,843.095,3,850.731,4,1,1.48808
20946,3,843.095,3,850.823,0,3,1.48778
20947,3,843.095,3,850.823,0,1,1.48748
20948,3,843.095,3,850.823,0,3,1.48718
20949,3,843.095,3,850.823,2,3,1.48689
20950,3,843.095,3,850.823,4,2,1.48659
20951,3,843.095,3,850.823,1,1,1.48629
20952,3,843.095,3,850.823,3,0,1.486
20953,3,843.095,3,850.823,3,3,1.4857
20954,3,843.095,3,850.823,3,3,1.4854
20955,3,843.095,3,850.823,4,3,1.4851
20956,3,843.095,3,850.823,3,2,1.48481
20957,3,843.095,3,850.823,3,2,1.48451
20958,3,843.095,3,850.823,0,3,1.48421
20959,3,843.095,3,850.823,1,0,1.48392
20960,3,843.095,3,850.823,4,0,1.48362
20961,3,843.095,3,850.823,2,3,1.48332
20962,3,843.095,3,850.823,1,1,1.48303
20963,3,843.095,3,850.823,4,2,1.48273
20964,3,843.095,3,850.823,2,1,1.48243
20965,3,843.095,3,850.823,4,1,1.48214
20966,3,843.095,3,850.823,2,2,1.48184
20967,3,843.095,3,850.823,0,2,1.48154
20968,3,843.095,3,850.823,3,1,1.48125
20969,3,843.095,3,850.823,0,3,1.48095
20970,3,843.095,3,850.823,0,0,1.48065
20971,3,843.095,3,850.823,2,2,1.48036
20972,3,843.095,3,850.823,3,1,1.48006
20973,3,843.095,3,850.823,3,0,1.47977
20974,3,843.095,3,850.823,4,0,1.47947
20975,3,843.095,3,850.823,2,0,1.47917
20976,3,843.095,3,851.72,3,0,1.47888
20977,3,843.095,3,851.72,3,0,1.47858
20978,3,843.095,3,851.72,2,1,1.47829
20979,3,843.095,3,851.72,2,3,1.47799
20980,3,843.095,3,857.409,0,2,1.4777
20981,3,843.095,3,857.409,4,0,1.4774
20982,3,843.095,3,857.318,4,1,1.4771
20983,3,843.095,3,857.318,4,2,1.47681
20984,3,843.095,3,857.318,3,3,1.47651
20985,3,843.095,3,857.318,0,3,1.47622
20986,3,843.095,3,851.628,3,0,1.47592
20987,3,843.095,3,851.628,1,2,1.47563
20988,3,843.095,3,852.061,3,2,1.47533
20989,3,843.095,3,852.061,2,1,1.47504
20990,3,843.095,3,852.061,1,2,1.47474
20991,3,843.095,3,852.061,3,0,1.47445
20992,3,843.095,3,851.733,4,1,1.47415
20993,3,843.095,3,851.733,1,0,1.47386
20994,3,843.095,3,851.733,3,2,1.47356
20995,3,843.095,3,851.733,4,3,1.47327
20996,3,843.095,3,851.733,2,1,1.47297
20997,3,843.095,3,851.733,2,3,1.47268
20998,3,843.095,3,852.754,0,2,1.47239
20999,3,843.095,3,852.754,2,0,1.47209
21000,3,843.095,3,852.754,2,0,1.4718
21001,3,843.095,3,852.754,1,0,1.4715
21002,3,843.095,3,852.754,3,0,1.47121
21003,3,843.095,3,852.754,0,1,1.47091
21004,3,843.095,3,852.754,4,2,1.47062
21005,3,843.095,3,852.754,1,3,1.47033
21006,3,843.095,3,852.754,3,3,1.47003
21007,3,843.095,3,852.754,3,0,1.46974
21008,3,843.095,3,852.754,1,0,1.46944
21009,3,843.095,3,852.754,0,1,1.46915
21010,3,843.095,3,852.754,1,0,1.46886
21011,3,843.095,3,853.671,0,3,1.46856
21012,3,843.095,3,853.671,3,1,1.46827
21013,3,843.095,3,853.671,4,2,1.46797
21014,3,843.095,3,853.671,0,2,1.46768
21015,3,843.095,3,853.671,0,2,1.46739
21016,3,843.095,3,853.671,0,2,1.46709
21017,3,843.095,3,853.671,4,2,1.4668
21018,3,843.095,3,854.104,2,3,1.46651
21019,3,843.095,3,854.104,3,2,1.46621
21020,3,843.095,3,854.104,1,1,1.46592
21021,3,843.095,3,854.104,1,1,1.46563
21022,3,843.095,3,854.104,4,0,1.46533
21023,3,843.095,3,854.104,1,1,1.46504
21024,3,843.095,3,854.104,2,3,1.46475
21025,3,843.095,3,853.297,3,1,1.46446
21026,3,843.095,3,853.448,4,0,1.46416
21027,3,843.095,3,853.553,4,2,1.46387
21028,3,843.095,3,853.553,1,0,1.46358
21029,3,843.095,3,853.553,1,1,1.46328
21030,3,843.095,3,853.448,2,1,1.46299
21031,3,843.095,3,853.448,2,2,1.4627
21032,3,843.095,3,850.288,3,1,1.46241
21033,3,843.095,3,850.457,0,3,1.46211
21034,3,843.095,3,850.457,1,1,1.46182
21035,3,843.095,3,852.793,4,2,1.46153
21036,3,843.095,3,852.624,4,2,1.46124
21037,3,843.095,3,852.624,2,3,1.46094
21038,3,843.095,3,852.624,2,1,1.46065
21039,3,843.095,3,852.624,0,3,1.46036
21040,3,843.095,3,852.624,4,0,1.46007
21041,3,843.095,3,852.624,0,1,1.45978
21042,3,843.095,3,853.84,4,2,1.45948
21043,3,843.095,3,853.84,4,1,1.45919
21044,3,843.095,3,853.84,3,0,1.4589
21045,3,843.095,3,853.84,4,1,1.45861
21046,3,843.095,3,853.84,4,0,1.45832
21047,3,843.095,3,853.84,2,1,1.45803
21048,3,843.095,3,853.84,1,2,1.45773
21049,3,843.095,3,853.84,3,0,1.45744
21050,3,843.095,3,853.84,3,1,1.45715
21051,3,843.095,3,853.84,2,0,1.45686
21052,3,843.095,3,853.84,2,0,1.45657
21053,3,843.095,3,853.84,1,3,1.45628
21054,3,843.095,3,853.84,3,2,1.45599
21055,3,843.095,3,854.049,4,1,1.45569
21056,3,843.095,3,854.049,2,0,1.4554
21057,3,843.095,3,854.049,0,0,1.45511
21058,3,843.095,3,854.049,2,1,1.45482
21059,3,843.095,3,854.049,0,1,1.45453
21060,3,843.095,3,854.049,4,0,1.45424
21061,3,843.095,3,854.049,2,1,1.45395
21062,3,843.095,3,852.649,4,3,1.45366
21063,3,843.095,3,852.649,2,3,1.45337
21064,3,843.095,3,852.649,1,3,1.45308
21065,3,843.095,3,852.649,3,1,1.45279
21066,3,843.095,3,852.649,2,1,1.45249
21067,3,843.095,3,852.649,1,3,1.4522
21068,3,843.095,3,852.649,1,2,1.45191
21069,3,843.095,3,852.649,2,0,1.45162
21070,3,843.095,3,852.649,0,2,1.45133
21071,3,843.095,3,852.649,1,2,1.45104
21072,3,843.095,3,852.649,4,1,1.45075
21073,3,843.095,3,852.649,0,0,1.45046
21074,3,843.095,3,852.649,2,2,1.45017
21075,3,843.095,3,852.649,3,0,1.44988
21076,3,843.095,3,852.649,0,0,1.44959
21077,3,843.095,3,852.649,3,2,1.4493
21078,3,843.095,3,852.649,0,3,1.44901
21079,3,843.095,3,852.649,1,0,1.44872
21080,3,843.095,3,852.649,0,2,1.44843
21081,3,843.095,3,852.649,1,2,1.44814
21082,3,843.095,3,852.649,0,1,1.44785
21083,3,843.095,3,852.649,1,1,1.44756
21084,3,843.095,3,852.649,4,2,1.44727
21085,3,843.095,3,852.649,2,3,1.44698
21086,3,843.095,3,852.649,1,2,1.4467
21087,3,843.095,3,852.649,3,2,1.44641
21088,3,843.095,3,852.649,1,3,1.44612
21089,3,843.095,3,852.649,4,2,1.44583
21090,3,843.095,3,852.649,3,3,1.44554
21091,3,843.095,3,854.46,3,1,1.44525
21092,3,843.095,3,854.46,3,3,1.44496
21093,3,843.095,3,854.46,3,0,1.44467
21094,3,843.095,3,854.46,2,1,1.44438
21095,3,843.095,3,854.46,0,0,1.44409
21096,3,843.095,3,854.46,2,0,1.4438
21097,3,843.095,3,854.46,0,3,1.44352
21098,3,843.095,3,854.46,3,3,1.44323
21099,3,843.095,3,854.46,4,2,1.44294
21100,3,843.095,3,854.46,4,0,1.44265
21101,3,843.095,3,854.46,1,3,1.44236
21102,3,843.095,3,854.46,4,0,1.44207
21103,3,843.095,3,854.46,0,0,1.44178
21104,3,843.095,3,854.46,0,2,1.4415
21105,3,843.095,3,854.46,1,3,1.44121
21106,3,843.095,3,854.46,0,0,1.44092
21107,3,843.095,3,854.46,0,0,1.44063
21108,3,843.095,3,854.46,3,2,1.44034
21109,3,843.095,3,854.46,1,1,1.44006
21110,3,843.095,3,854.46,3,3,1.43977
21111,3,843.095,3,854.46,3,3,1.43948
21112,3,843.095,3,854.629,3,3,1.43919
21113,3,843.095,3,858.62,4,0,1.4389
21114,3,843.095,3,858.62,2,1,1.43862
21115,3,843.095,3,858.62,3,0,1.43833
21116,3,843.095,3,860.019,4,2,1.43804
21117,3,843.095,3,860.019,3,2,1.43775
21118,3,843.095,3,856.028,0,1,1.43747
21119,3,843.095,3,856.85,3,2,1.43718
21120,3,843.095,3,856.85,1,0,1.43689
21121,3,843.095,3,857.239,2,0,1.4366
21122,3,843.095,3,856.643,0,1,1.43632
21123,3,843.095,3,856.643,1,1,1.43603
21124,3,843.095,3,857.45,2,0,1.43574
21125,3,843.095,3,856.984,4,1,1.43545
21126,3,843.095,3,856.984,3,0,1.43517
21127,3,843.095,3,856.984,3,3,1.43488
21128,3,843.095,3,851.972,4,0,1.43459
21129,3,843.095,3,851.972,4,3,1.43431
21130,3,843.095,3,852.568,0,3,1.43402
21131,3,843.095,3,851.761,0,2,1.43373
21132,3,843.095,3,851.761,2,1,1.43345
21133,3,843.095,3,851.761,2,1,1.43316
21134,3,843.095,3,851.166,4,2,1.43287
21135,3,843.095,3,850.94,3,0,1.43259
21136,3,843.095,3,850.94,0,0,1.4323
21137,3,843.095,3,850.94,2,2,1.43201
21138,3,843.095,3,851.746,3,0,1.43173
21139,3,843.095,3,851.746,4,0,1.43144
21140,3,843.095,3,852.063,4,0,1.43115
21141,3,843.095,3,852.063,3,3,1.43087
21142,3,843.095,3,850.663,4,2,1.43058
21143,3,843.095,3,850.663,1,1,1.4303
21144,3,843.095,3,850.629,4,0,1.43001
21145,3,843.095,3,850.629,0,1,1.42972
21146,3,843.095,3,850.313,3,1,1.42944
21147,3,843.095,3,850.313,4,3,1.42915
21148,3,843.095,3,850.313,4,1,1.42887
21149,3,843.095,3,850.313,0,2,1.42858
21150,3,843.095,3,850.313,1,3,1.42829
21151,3,843.095,3,850.313,3,3,1.42801
21152,3,843.095,3,850.313,2,1,1.42772
21153,3,843.095,3,850.313,1,0,1.42744
21154,3,843.095,3,850.313,1,2,1.42715
21155,3,843.095,3,850.313,2,3,1.42687
21156,3,843.095,3,850.313,3,1,1.42658
21157,3,843.095,3,850.313,0,3,1.4263
21158,3,843.095,3,850.313,1,1,1.42601
21159,3,843.095,3,850.313,1,0,1.42573
21160,3,843.095,3,850.313,1,3,1.42544
21161,3,843.095,3,850.313,2,3,1.42515
21162,3,843.095,3,850.313,3,3,1.42487
21163,3,843.095,3,850.313,1,2,1.42458
21164,3,843.095,3,850.313,3,0,1.4243
21165,3,843.095,3,850.313,4,2,1.42402
21166,3,843.095,3,850.313,0,1,1.42373
21167,3,843.095,3,850.313,1,1,1.42345
21168,3,843.095,3,850.313,3,2,1.42316
21169,3,843.095,3,850.313,3,1,1.42288
21170,3,843.095,3,850.313,0,3,1.42259
21171,3,843.095,3,850.313,1,2,1.42231
21172,3,843.095,3,850.313,3,0,1.42202
21173,3,843.095,3,850.313,4,1,1.42174
21174,3,843.095,3,850.313,4,0,1.42145
21175,3,843.095,3,850.313,2,3,1.42117
21176,3,843.095,3,850.313,1,1,1.42089
21177,3,843.095,3,850.313,4,0,1.4206
21178,3,843.095,3,850.313,4,1,1.42032
21179,3,843.095,3,850.313,3,1,1.42003
21180,3,843.095,3,850.313,1,0,1.41975
21181,3,843.095,3,850.313,2,2,1.41947
21182,3,843.095,3,851.712,3,3,1.41918
21183,3,843.095,3,851.712,4,2,1.4189
21184,3,843.095,3,851.712,2,1,1.41861
21185,3,843.095,3,851.712,4,0,1.41833
21186,3,843.095,3,851.712,2,1,1.41805
21187,3,843.095,3,851.712,1,0,1.41776
21188,3,843.095,3,851.712,1,2,1.41748
21189,3,843.095,3,851.712,4,2,1.4172
21190,3,843.095,3,851.712,0,1,1.41691
21191,3,843.095,3,851.712,1,2,1.41663
21192,3,843.095,3,851.712,0,0,1.41635
21193,3,843.095,3,852.145,3,0,1.41606
21194,3,843.095,3,852.145,4,1,1.41578
21195,3,843.095,3,852.145,0,1,1.4155
21196,3,843.095,3,852.145,1,3,1.41521
21197,3,843.095,3,852.145,0,0,1.41493
21198,3,843.095,3,852.145,0,3,1.41465
21199,3,843.095,3,852.145,1,2,1.41436
21200,3,843.095,3,852.145,3,3,1.41408
21201,3,843.095,3,851.393,4,0,1.4138
21202,3,843.095,3,851.393,0,0,1.41352
21203,3,843.095,3,851.393,0,3,1.41323
21204,3,843.095,3,851.393,0,2,1.41295
21205,3,843.095,3,851.393,2,1,1.41267
21206,3,843.095,3,851.393,4,2,1.41238
21207,3,843.095,3,851.393,2,1,1.4121
21208,3,843.095,3,851.393,3,2,1.41182
21209,3,843.095,3,851.393,1,3,1.41154
21210,3,843.095,3,851.484,3,3,1.41126
21211,3,843.095,3,851.393,3,0,1.41097
21212,3,843.095,3,851.393,1,1,1.41069
21213,3,843.095,3,851.393,0,1,1.41041
21214,3,843.095,3,851.393,0,0,1.41013
21215,3,843.095,3,851.393,2,1,1.40984
21216,3,843.095,3,851.393,1,0,1.40956
21217,3,843.095,3,851.927,4,3,1.40928
21218,3,843.095,3,851.927,0,3,1.409
21219,3,843.095,3,851.927,1,2,1.40872
21220,3,843.095,3,851.927,0,0,1.40844
21221,3,843.095,3,851.859,4,3,1.40815
21222,3,843.095,3,851.859,3,1,1.40787
21223,3,843.095,3,851.859,1,2,1.40759
21224,3,843.095,3,851.067,3,1,1.40731
21225,3,843.095,3,851.067,1,1,1.40703
21226,3,843.095,3,851.067,4,1,1.40675
21227,3,843.095,3,851.067,2,0,1.40646
21228,3,843.095,3,851.067,4,2,1.40618
21229,3,843.095,3,851.067,1,3,1.4059
21230,3,843.095,3,850.601,2,2,1.40562
21231,3,843.095,3,850.601,2,0,1.40534
21232,3,843.095,3,850.601,1,2,1.40506
21233,3,843.095,3,850.496,0,1,1.40478
21234,3,843.095,3,850.496,3,3,1.4045
21235,3,843.095,3,850.496,3,1,1.40422
21236,3,843.095,3,850.496,1,3,1.40394
21237,3,843.095,3,850.496,4,3,1.40365
21238,3,843.095,3,850.496,1,2,1.40337
21239,3,843.095,3,850.496,1,3,1.40309
21240,3,843.095,3,850.962,2,0,1.40281
21241,3,843.095,3,850.962,3,3,1.40253
21242,3,843.095,3,850.496,0,1,1.40225
21243,3,843.095,3,850.496,2,2,1.40197
21244,3,843.095,3,850.496,0,3,1.40169
21245,3,843.095,3,850.496,2,1,1.40141
21246,3,843.095,3,849.097,3,1,1.40113
21247,3,843.095,3,849.918,3,2,1.40085
21248,3,843.095,3,849.427,0,3,1.40057
21249,3,843.095,3,849.427,0,2,1.40029
21250,3,843.095,3,849.427,3,2,1.40001
21251,3,843.095,3,849.427,1,1,1.39973
21252,3,843.095,3,849.427,1,1,1.39945
21253,3,843.095,3,849.427,3,2,1.39917
21254,3,843.095,3,849.427,4,1,1.39889
21255,3,843.095,3,849.427,0,2,1.39861
21256,3,843.095,3,849.322,0,2,1.39833
21257,3,843.095,3,849.322,0,0,1.39805
21258,3,843.095,3,849.322,4,0,1.39777
21259,3,843.095,3,849.427,3,3,1.39749
21260,3,843.095,3,849.427,4,0,1.39721
21261,3,843.095,3,849.201,2,1,1.39693
21262,3,843.095,3,849.201,4,3,1.39665
21263,3,843.095,3,849.201,4,2,1.39637
21264,3,843.095,3,849.201,3,3,1.39609
21265,3,843.095,3,849.201,4,0,1.39581
21266,3,843.095,3,849.201,1,1,1.39554
21267,3,843.095,3,849.201,2,0,1.39526
21268,3,843.095,3,849.201,4,2,1.39498
21269,3,843.095,3,849.719,4,2,1.3947
21270,3,843.095,3,852.841,0,2,1.39442
21271,3,843.095,3,852.841,3,2,1.39414
21272,3,843.095,3,852.841,1,1,1.39386
21273,3,843.095,3,851.653,2,1,1.39358
21274,3,843.095,3,851.653,4,1,1.3933
21275,3,843.095,3,851.119,4,0,1.39303
21276,3,843.095,3,850.601,3,0,1.39275
21277,3,843.095,3,850.601,2,2,1.39247
21278,3,843.095,3,850.601,1,1,1.39219
21279,3,843.095,3,850.601,4,1,1.39191
21280,3,843.095,3,850.601,1,2,1.39163
21281,3,843.095,3,850.917,0,2,1.39136
21282,3,843.095,3,850.917,1,0,1.39108
21283,3,843.095,3,850.917,2,3,1.3908
21284,3,843.095,3,850.917,4,3,1.39052
21285,3,843.095,3,850.917,1,1,1.39024
21286,3,843.095,3,850.917,2,2,1.38996
21287,3,843.095,3,850.917,3,3,1.38969
21288,3,843.095,3,850.917,1,2,1.38941
21289,3,843.095,3,850.917,3,0,1.38913
21290,3,843.095,3,850.917,0,2,1.38885
21291,3,843.095,3,849.518,0,1,1.38857
21292,3,843.095,3,849.518,4,1,1.3883
21293,3,843.095,3,849.518,4,3,1.38802
21294,3,843.095,3,849.518,1,0,1.38774
21295,3,843.095,3,849.518,4,3,1.38746
21296,3,843.095,3,849.518,4,3,1.38719
21297,3,843.095,3,849.518,1,1,1.38691
21298,3,843.095,3,849.518,4,0,1.38663
21299,3,843.095,3,849.201,4,0,1.38635
21300,3,843.095,3,849.201,3,0,1.38608
21301,3,843.095,3,849.201,2,2,1.3858
21302,3,843.095,3,849.201,1,2,1.38552
21303,3,843.095,3,849.201,0,3,1.38525
21304,3,843.095,3,849.201,4,2,1.38497
21305,3,843.095,3,849.201,4,0,1.38469
21306,3,843.095,3,849.201,4,2,1.38441
21307,3,843.095,3,849.097,4,2,1.38414
21308,3,843.095,3,849.097,0,2,1.38386
21309,3,843.095,3,850.496,4,1,1.38358
21310,3,843.095,3,850.496,4,1,1.38331
21311,3,843.095,3,850.496,0,0,1.38303
21312,3,843.095,3,850.496,3,1,1.38275
21313,3,843.095,3,850.496,0,0,1.38248
21314,3,843.095,3,850.496,4,3,1.3822
21315,3,843.095,3,850.496,4,3,1.38192
21316,3,843.095,3,850.496,2,2,1.38165
21317,3,843.095,3,850.496,1,1,1.38137
21318,3,843.095,3,850.496,4,3,1.3811
21319,3,843.095,3,849.097,3,3,1.38082
21320,3,843.095,3,849.097,1,1,1.38054
21321,3,843.095,3,849.207,3,2,1.38027
21322,3,843.095,3,849.207,0,2,1.37999
21323,3,843.095,3,849.207,4,2,1.37972
21324,3,843.095,3,849.097,4,1,1.37944
21325,3,843.095,3,849.413,0,3,1.37916
21326,3,843.095,3,850.22,3,0,1.37889
21327,3,843.095,3,850.22,1,3,1.37861
21328,3,843.095,3,850.22,4,1,1.37834
21329,3,843.095,3,850.22,1,0,1.37806
21330,3,843.095,3,850.22,3,3,1.37778
21331,3,843.095,3,849.903,0,3,1.37751
21332,3,843.095,3,849.903,4,3,1.37723
21333,3,843.095,3,849.903,2,0,1.37696
21334,3,843.095,3,849.903,3,2,1.37668
21335,3,843.095,3,852.239,0,0,1.37641
21336,3,843.095,3,852.239,2,2,1.37613
21337,3,843.095,3,852.239,1,0,1.37586
21338,3,843.095,3,852.556,4,3,1.37558
21339,3,843.095,3,852.556,1,0,1.37531
21340,3,843.095,3,852.556,4,1,1.37503
21341,3,843.095,3,852.556,0,3,1.37476
21342,3,843.095,3,852.556,2,0,1.37448
21343,3,843.095,3,852.556,2,1,1.37421
21344,3,843.095,3,852.556,3,0,1.37393
21345,3,843.095,3,852.239,4,3,1.37366
21346,3,843.095,3,851.433,2,3,1.37338
21347,3,843.095,3,851.433,1,0,1.37311
21348,3,843.095,3,851.433,3,2,1.37283
21349,3,843.095,3,851.433,4,0,1.37256
21350,3,843.095,3,851.433,4,0,1.37228
21351,3,843.095,3,851.433,4,1,1.37201
21352,3,843.095,3,852.239,4,0,1.37174
21353,3,843.095,3,852.239,4,2,1.37146
21354,3,843.095,3,852.239,0,3,1.37119
21355,3,843.095,3,852.239,2,1,1.37091
21356,3,843.095,3,851.433,0,2,1.37064
21357,3,843.095,3,851.433,2,1,1.37036
21358,3,843.095,3,851.433,1,3,1.37009
21359,3,843.095,3,851.433,4,1,1.36982
21360,3,843.095,3,851.433,2,3,1.36954
21361,3,843.095,3,851.433,4,3,1.36927
21362,3,843.095,3,852.239,4,0,1.36899
21363,3,843.095,3,852.239,1,1,1.36872
21364,3,843.095,3,852.239,3,0,1.36845
21365,3,843.095,3,852.239,2,1,1.36817
21366,3,843.095,3,852.239,1,3,1.3679
21367,3,843.095,3,852.239,0,3,1.36763
21368,3,843.095,3,852.239,1,0,1.36735
21369,3,843.095,3,852.239,1,0,1.36708
21370,3,843.095,3,852.239,3,3,1.36681
21371,3,843.095,3,852.239,0,2,1.36653
21372,3,843.095,3,852.239,1,3,1.36626
21373,3,843.095,3,852.239,1,0,1.36599
21374,3,843.095,3,852.239,1,0,1.36571
21375,3,843.095,3,852.239,0,2,1.36544
21376,3,843.095,3,855.686,2,3,1.36517
21377,3,843.095,3,855.686,0,0,1.36489
21378,3,843.095,3,855.686,3,2,1.36462
21379,3,843.095,3,854.668,2,2,1.36435
21380,3,843.095,3,854.668,3,1,1.36407
21381,3,843.095,3,854.668,4,0,1.3638
21382,3,843.095,3,854.668,2,1,1.36353
21383,3,843.095,3,854.668,0,0,1.36326
21384,3,843.095,3,854.072,4,3,1.36298
21385,3,843.095,3,854.072,1,0,1.36271
21386,3,843.095,3,858.897,3,3,1.36244
21387,3,843.095,3,858.897,2,3,1.36217
21388,3,843.095,3,858.897,0,0,1.36189
21389,3,843.095,3,858.897,4,0,1.36162
21390,3,843.095,3,859.109,3,3,1.36135
21391,3,843.095,3,859.109,1,2,1.36108
21392,3,843.095,3,859.109,1,2,1.3608
21393,3,843.095,3,859.036,4,2,1.36053
21394,3,843.095,3,859.036,0,3,1.36026
21395,3,843.095,3,859.036,0,1,1.35999
21396,3,843.095,3,859.036,3,3,1.35972
21397,3,843.095,3,859.036,3,0,1.35944
21398,3,843.095,3,859.036,3,2,1.35917
21399,3,843.095,3,859.036,1,0,1.3589
21400,3,843.095,3,859.036,2,0,1.35863
21401,3,843.095,3,859.036,2,2,1.35836
21402,3,843.095,3,859.036,1,0,1.35809
21403,3,843.095,3,859.036,2,3,1.35781
21404,3,843.095,3,857.106,4,2,1.35754
21405,3,843.095,3,857.106,2,0,1.35727
21406,3,843.095,3,857.106,3,3,1.357
21407,3,843.095,3,857.106,0,1,1.35673
21408,3,843.095,3,856.588,2,1,1.35646
21409,3,843.095,3,857.988,4,1,1.35618
21410,3,843.095,3,857.988,4,0,1.35591
21411,3,843.095,3,857.883,3,0,1.35564
21412,3,843.095,3,858.417,2,3,1.35537
21413,3,843.095,3,858.417,1,2,1.3551
21414,3,843.095,3,858.417,1,1,1.35483
21415,3,843.095,3,858.417,4,1,1.35456
21416,3,843.095,3,858.417,4,3,1.35429
21417,3,843.095,3,858.417,4,3,1.35402
21418,3,843.095,3,858.417,2,3,1.35375
21419,3,843.095,3,858.417,3,1,1.35347
21420,3,843.095,3,858.417,3,1,1.3532
21421,3,843.095,3,858.417,0,0,1.35293
21422,3,843.095,3,858.417,4,3,1.35266
21423,3,843.095,3,858.417,1,2,1.35239
21424,3,843.095,3,857.883,3,2,1.35212
21425,3,843.095,3,857.883,1,2,1.35185
21426,3,843.095,3,857.883,1,2,1.35158
21427,3,843.095,3,858.349,0,3,1.35131
21428,3,843.095,3,858.349,4,1,1.35104
21429,3,843.095,3,858.349,1,2,1.35077
21430,3,843.095,3,858.349,3,3,1.3505
21431,3,843.095,3,859.156,3,0,1.35023
21432,3,843.095,3,859.156,2,3,1.34996
21433,3,843.095,3,859.156,3,1,1.34969
21434,3,843.095,3,859.156,4,2,1.34942
21435,3,843.095,3,859.642,3,3,1.34915
21436,3,843.095,3,859.642,4,0,1.34888
21437,3,843.095,3,859.473,3,1,1.34861
21438,3,843.095,3,859.006,4,1,1.34834
21439,3,843.095,3,859.006,0,3,1.34807
21440,3,843.095,3,859.473,2,0,1.3478
21441,3,843.095,3,859.473,0,3,1.34753
21442,3,843.095,3,860.146,2,0,1.34726
21443,3,843.095,3,860.146,0,1,1.34699
21444,3,843.095,3,860.724,0,2,1.34672
21445,3,843.095,3,860.724,4,3,1.34645
21446,3,843.095,3,860.724,0,2,1.34619
21447,3,843.095,3,860.724,2,2,1.34592
21448,3,843.095,3,860.724,0,2,1.34565
21449,3,843.095,3,860.724,0,0,1.34538
21450,3,843.095,3,860.257,3,2,1.34511
21451,3,843.095,3,860.257,2,0,1.34484
21452,3,843.095,3,860.493,3,3,1.34457
21453,3,843.095,3,860.177,3,1,1.3443
21454,3,843.095,3,860.177,4,2,1.34403
21455,3,843.095,3,860.177,0,3,1.34376
21456,3,843.095,3,859.941,3,1,1.3435
21457,3,843.095,3,859.941,4,0,1.34323
21458,3,843.095,3,858.541,4,0,1.34296
21459,3,843.095,3,858.777,3,0,1.34269
21460,3,843.095,3,858.777,2,0,1.34242
21461,3,843.095,3,858.777,2,1,1.34215
21462,3,843.095,3,858.777,0,3,1.34188
21463,3,843.095,3,858.777,1,2,1.34162
21464,3,843.095,3,858.777,3,1,1.34135
21465,3,843.095,3,858.777,4,3,1.34108
21466,3,843.095,3,858.777,0,1,1.34081
21467,3,843.095,3,858.777,1,0,1.34054
21468,3,843.095,3,858.777,2,0,1.34027
21469,3,843.095,3,858.777,1,0,1.34001
21470,3,843.095,3,858.541,4,1,1.33974
21471,3,843.095,3,858.541,0,0,1.33947
21472,3,843.095,3,858.541,3,1,1.3392
21473,3,843.095,3,858.858,4,3,1.33893
21474,3,843.095,3,858.858,1,2,1.33867
21475,3,843.095,3,858.858,0,0,1.3384
21476,3,843.095,3,858.858,3,1,1.33813
21477,3,843.095,3,858.858,3,3,1.33786
21478,3,843.095,3,858.858,3,3,1.3376
21479,3,843.095,3,858.858,0,2,1.33733
21480,3,843.095,3,858.858,1,3,1.33706
21481,3,843.095,3,858.858,1,3,1.33679
21482,3,843.095,3,858.858,3,1,1.33653
21483,3,843.095,3,858.858,1,1,1.33626
21484,3,843.095,3,858.858,1,0,1.33599
21485,3,843.095,3,859.868,0,3,1.33572
21486,3,843.095,3,859.868,1,0,1.33546
21487,3,843.095,3,859.868,2,1,1.33519
21488,3,843.095,3,859.094,2,0,1.33492
21489,3,843.095,3,859.094,2,0,1.33466
21490,3,843.095,3,858.858,0,0,1.33439
21491,3,843.095,3,859.027,3,3,1.33412
21492,3,843.095,3,859.027,1,1,1.33386
21493,3,843.095,3,859.094,3,3,1.33359
21494,3,843.095,3,860.259,4,3,1.33332
21495,3,843.095,3,858.82,2,2,1.33306
21496,3,843.095,3,858.82,2,3,1.33279
21497,3,843.095,3,858.504,4,0,1.33252
21498,3,843.095,3,858.504,3,1,1.33226
21499,3,843.095,3,858.504,0,3,1.33199
21500,3,843.095,3,858.504,4,2,1.33172
21501,3,843.095,3,858.504,2,2,1.33146
21502,3,843.095,3,858.504,2,2,1.33119
21503,3,843.095,3,858.504,3,0,1.33092
21504,3,843.095,3,858.504,0,1,1.33066
21505,3,843.095,3,858.504,3,1,1.33039
21506,3,843.095,3,858.504,3,1,1.33013
21507,3,843.095,3,858.504,3,3,1.32986
21508,3,843.095,3,858.504,1,0,1.32959
21509,3,843.095,3,858.504,3,3,1.32933
21510,3,843.095,3,858.504,1,0,1.32906
21511,3,843.095,3,858.504,4,2,1.3288
21512,3,843.095,3,858.504,2,0,1.32853
21513,3,843.095,3,858.504,3,2,1.32826
21514,3,843.095,3,858.82,3,2,1.328
21515,3,843.095,3,858.82,2,0,1.32773
21516,3,843.095,3,858.82,3,3,1.32747
21517,3,843.095,3,858.82,4,2,1.3272
21518,3,843.095,3,858.82,0,2,1.32694
21519,3,843.095,3,858.82,0,2,1.32667
21520,3,843.095,3,860.22,0,0,1.32641
21521,3,843.095,3,860.22,0,0,1.32614
21522,3,843.095,3,860.22,3,2,1.32588
21523,3,843.095,3,860.22,3,0,1.32561
21524,3,843.095,3,860.22,3,2,1.32535
21525,3,843.095,3,860.625,0,3,1.32508
21526,3,843.095,3,860.625,2,0,1.32482
21527,3,843.095,3,860.625,4,2,1.32455
21528,3,843.095,3,860.456,0,1,1.32429
21529,3,843.095,3,860.456,2,1,1.32402
21530,3,843.095,3,860.456,0,3,1.32376
21531,3,843.095,3,860.22,4,1,1.32349
21532,3,843.095,3,860.22,4,0,1.32323
21533,3,843.095,3,860.22,1,0,1.32296
21534,3,843.095,3,859.903,4,1,1.3227
21535,3,843.095,3,860.07,2,2,1.32243
21536,3,843.095,3,860.07,2,0,1.32217
21537,3,843.095,3,860.07,1,3,1.3219
21538,3,843.095,3,864.061,2,0,1.32164
21539,3,843.095,3,864.061,3,0,1.32138
21540,3,843.095,3,860.07,2,3,1.32111
21541,3,843.095,3,860.07,0,2,1.32085
21542,3,843.095,3,860.07,2,0,1.32058
21543,3,843.095,3,859.459,3,1,1.32032
21544,3,843.095,3,859.459,4,0,1.32005
21545,3,843.095,3,859.459,4,2,1.31979
21546,3,843.095,3,859.459,1,3,1.31953
21547,3,843.095,3,859.459,0,0,1.31926
21548,3,843.095,3,859.459,4,0,1.319
21549,3,843.095,3,859.459,1,3,1.31873
21550,3,843.095,3,859.459,1,1,1.31847
21551,3,843.095,3,859.459,3,2,1.31821
21552,3,843.095,3,856.216,2,3,1.31794
21553,3,843.095,3,856.216,0,1,1.31768
21554,3,843.095,3,856.216,2,0,1.31742
21555,3,843.095,3,856.216,0,2,1.31715
21556,3,843.095,3,856.216,2,0,1.31689
21557,3,843.095,3,856.216,1,1,1.31663
21558,3,843.095,3,856.216,1,0,1.31636
21559,3,843.095,3,856.216,0,0,1.3161
21560,3,843.095,3,856.216,4,1,1.31584
21561,3,843.095,3,856.216,0,0,1.31557
21562,3,843.095,3,856.216,4,2,1.31531
21563,3,843.095,3,856.216,0,2,1.31505
21564,3,843.095,3,856.216,1,3,1.31478
21565,3,843.095,3,856.216,1,2,1.31452
21566,3,843.095,3,856.216,0,0,1.31426
21567,3,843.095,3,856.216,3,3,1.314
21568,3,843.095,3,856.451,3,3,1.31373
21569,3,843.095,3,855.052,4,0,1.31347
21570,3,843.095,3,855.052,2,0,1.31321
21571,3,843.095,3,855.369,3,2,1.31294
21572,3,843.095,3,855.133,2,0,1.31268
21573,3,843.095,3,855.133,1,1,1.31242
21574,3,843.095,3,855.133,2,2,1.31216
21575,3,843.095,3,855.133,1,0,1.31189
21576,3,843.095,3,855.133,4,3,1.31163
21577,3,843.095,3,855.133,3,2,1.31137
21578,3,843.095,3,855.133,0,2,1.31111
21579,3,843.095,3,855.133,3,1,1.31085
21580,3,843.095,3,855.133,0,0,1.31058
21581,3,843.095,3,855.133,3,1,1.31032
21582,3,843.095,3,855.133,3,1,1.31006
21583,3,843.095,3,855.133,4,1,1.3098
21584,3,843.095,3,855.133,1,0,1.30953
21585,3,843.095,3,855.133,3,0,1.30927
21586,3,843.095,3,855.133,4,1,1.30901
21587,3,843.095,3,855.133,2,0,1.30875
21588,3,843.095,3,855.133,2,3,1.30849
21589,3,843.095,3,855.133,4,0,1.30823
21590,3,843.095,3,855.133,3,1,1.30796
21591,3,843.095,3,854.816,0,0,1.3077
21592,3,843.095,3,854.816,1,0,1.30744
21593,3,843.095,3,855.754,0,3,1.30718
21594,3,843.095,3,855.754,1,1,1.30692
21595,3,843.095,3,853.47,0,1,1.30666
21596,3,843.095,3,853.47,1,0,1.3064
21597,3,843.095,3,853.47,1,1,1.30613
21598,3,843.095,3,853.47,4,0,1.30587
21599,3,843.095,3,853.47,2,2,1.30561
21600,3,843.095,3,853.47,0,3,1.30535
21601,3,843.095,3,853.47,0,1,1.30509
21602,3,843.095,3,853.47,2,2,1.30483
21603,3,843.095,3,853.47,3,3,1.30457
21604,3,843.095,3,853.47,3,2,1.30431
21605,3,843.095,3,853.47,4,3,1.30405
21606,3,843.095,3,852.069,4,2,1.30379
21607,3,843.095,3,852.069,3,1,1.30352
21608,3,843.095,3,852.069,0,2,1.30326
21609,3,843.095,3,851.131,2,0,1.303
21610,3,843.095,3,852.57,2,0,1.30274
21611,3,843.095,3,852.57,4,3,1.30248
21612,3,843.095,3,852.57,3,3,1.30222
21613,3,843.095,3,852.57,0,3,1.30196
21614,3,843.095,3,852.57,1,2,1.3017
21615,3,843.095,3,852.57,1,0,1.30144
21616,3,843.095,3,852.57,3,3,1.30118
21617,3,843.095,3,852.57,0,0,1.30092
21618,3,843.095,3,852.57,1,0,1.30066
21619,3,843.095,3,852.57,2,2,1.3004
21620,3,843.095,3,852.57,1,3,1.30014
21621,3,843.095,3,852.57,3,2,1.29988
21622,3,843.095,3,852.57,2,2,1.29962
21623,3,843.095,3,852.57,4,0,1.29936
21624,3,843.095,3,852.57,1,3,1.2991
21625,3,843.095,3,852.57,1,0,1.29884
21626,3,843.095,3,852.57,1,3,1.29858
21627,3,843.095,3,853.969,4,3,1.29832
21628,3,843.095,3,854.436,2,0,1.29806
21629,3,843.095,3,854.436,1,2,1.2978
21630,3,843.095,3,854.436,0,3,1.29754
21631,3,843.095,3,854.436,4,1,1.29728
21632,3,843.095,3,854.436,0,1,1.29702
21633,3,843.095,3,854.436,0,0,1.29676
21634,3,843.095,3,854.436,1,2,1.2965
21635,3,843.095,3,854.436,4,1,1.29624
21636,3,843.095,3,854.436,2,3,1.29598
21637,3,843.095,3,854.436,3,0,1.29573
21638,3,843.095,3,854.436,1,1,1.29547
21639,3,843.095,3,854.436,4,3,1.29521
21640,3,843.095,3,854.752,3,0,1.29495
21641,3,843.095,3,853.969,4,1,1.29469
21642,3,843.095,3,853.969,4,3,1.29443
21643,3,843.095,3,853.969,3,0,1.29417
21644,3,843.095,3,853.969,1,1,1.29391
21645,3,843.095,3,853.969,4,2,1.29365
21646,3,843.095,3,853.969,1,1,1.2934
21647,3,843.095,3,854.205,4,2,1.29314
21648,3,843.095,3,854.205,1,0,1.29288
21649,3,843.095,3,854.672,2,3,1.29262
21650,3,843.095,3,854.672,0,2,1.29236
21651,3,843.095,3,854.672,4,3,1.2921
21652,3,843.095,3,853.969,3,3,1.29184
21653,3,843.095,3,853.969,0,3,1.29159
21654,3,843.095,3,853.969,1,3,1.29133
21655,3,843.095,3,853.969,3,2,1.29107
21656,3,843.095,3,853.969,2,2,1.29081
21657,3,843.095,3,854.374,3,3,1.29055
21658,3,843.095,3,854.205,4,2,1.29029
21659,3,843.095,3,854.205,2,1,1.29004
21660,3,843.095,3,854.205,0,0,1.28978
21661,3,843.095,3,854.205,0,1,1.28952
21662,3,843.095,3,854.205,3,0,1.28926
21663,3,843.095,3,854.205,1,3,1.289
21664,3,843.095,3,854.205,0,3,1.28875
21665,3,843.095,3,854.205,3,0,1.28849
21666,3,843.095,3,854.205,1,3,1.28823
21667,3,843.095,3,854.205,1,0,1.28797
21668,3,843.095,3,854.205,2,3,1.28772
21669,3,843.095,3,854.205,4,0,1.28746
21670,3,843.095,3,854.205,4,1,1.2872
21671,3,843.095,3,857.181,2,3,1.28694
21672,3,843.095,3,857.181,1,2,1.28669
21673,3,843.095,3,857.181,1,3,1.28643
21674,3,843.095,3,857.181,0,1,1.28617
21675,3,843.095,3,854.74,0,1,1.28591
21676,3,843.095,3,854.504,3,0,1.28566
21677,3,843.095,3,854.504,4,0,1.2854
21678,3,843.095,3,854.504,1,1,1.28514
21679,3,843.095,3,854.504,2,2,1.28489
21680,3,843.095,3,854.504,2,3,1.28463
21681,3,843.095,3,854.504,3,1,1.28437
21682,3,843.095,3,853.969,3,0,1.28412
21683,3,843.095,3,853.969,4,2,1.28386
21684,3,843.095,3,852.57,2,0,1.2836
21685,3,843.095,3,852.57,2,0,1.28335
21686,3,843.095,3,852.57,4,1,1.28309
21687,3,843.095,3,852.57,0,2,1.28283
21688,3,843.095,3,852.57,4,0,1.28258
21689,3,843.095,3,852.57,1,2,1.28232
21690,3,843.095,3,852.57,2,1,1.28206
21691,3,843.095,3,852.57,1,3,1.28181
21692,3,843.095,3,852.57,1,0,1.28155
21693,3,843.095,3,852.887,4,2,1.28129
21694,3,843.095,3,852.887,3,3,1.28104
21695,3,843.095,3,852.887,0,3,1.28078
21696,3,843.095,3,852.887,2,3,1.28052
21697,3,843.095,3,853.123,2,1,1.28027
21698,3,843.095,3,853.123,2,3,1.28001
21699,3,843.095,3,852.57,0,1,1.27976
21700,3,843.095,3,852.57,4,0,1.2795
21701,3,843.095,3,852.57,4,0,1.27924
21702,3,843.095,3,852.57,3,2,1.27899
21703,3,843.095,3,852.57,3,3,1.27873
21704,3,843.095,3,852.57,4,2,1.27848
21705,3,843.095,3,852.57,3,1,1.27822
21706,3,843.095,3,852.57,3,0,1.27797
21707,3,843.095,3,852.57,2,0,1.27771
21708,3,843.095,3,852.806,2,2,1.27745
21709,3,843.095,3,852.57,3,1,1.2772
21710,3,843.095,3,852.806,3,1,1.27694
21711,3,843.095,3,852.806,1,1,1.27669
21712,3,843.095,3,852.806,2,3,1.27643
21713,3,843.095,3,852.806,2,0,1.27618
21714,3,843.095,3,852.806,1,2,1.27592
21715,3,843.095,3,852.57,0,3,1.27567
21716,3,843.095,3,852.57,4,1,1.27541
21717,3,843.095,3,852.57,0,1,1.27516
21718,3,843.095,3,852.57,0,1,1.2749
21719,3,843.095,3,852.57,2,0,1.27465
21720,3,843.095,3,852.57,1,0,1.27439
21721,3,843.095,3,852.57,0,1,1.27414
21722,3,843.095,3,852.57,1,3,1.27388
21723,3,843.095,3,852.57,1,0,1.27363
21724,3,843.095,3,852.57,1,1,1.27337
21725,3,843.095,3,851.131,4,0,1.27312
21726,3,843.095,3,851.367,0,3,1.27286
21727,3,843.095,3,851.536,4,2,1.27261
21728,3,843.095,3,851.536,4,1,1.27235
21729,3,843.095,3,851.536,2,2,1.2721
21730,3,843.095,3,851.536,0,2,1.27185
21731,3,843.095,3,851.536,3,3,1.27159
21732,3,843.095,3,851.536,4,2,1.27134
21733,3,843.095,3,851.536,4,3,1.27108
21734,3,843.095,3,851.536,4,1,1.27083
21735,3,843.095,3,851.536,0,1,1.27057
21736,3,843.095,3,851.536,4,3,1.27032
21737,3,843.095,3,851.3,4,1,1.27007
21738,3,843.095,3,851.3,3,3,1.26981
21739,3,843.095,3,851.3,3,0,1.26956
21740,3,843.095,3,851.902,2,3,1.2693
21741,3,843.095,3,851.902,4,0,1.26905
21742,3,843.095,3,851.902,2,2,1.2688
21743,3,843.095,3,851.902,2,2,1.26854
21744,3,843.095,3,851.902,3,2,1.26829
21745,3,843.095,3,851.902,2,0,1.26804
21746,3,843.095,3,851.902,3,1,1.26778
21747,3,843.095,3,851.3,2,0,1.26753
21748,3,843.095,3,851.3,2,3,1.26727
21749,3,843.095,3,851.3,4,2,1.26702
21750,3,843.095,3,851.3,3,3,1.26677
21751,3,843.095,3,851.3,3,2,1.26651
21752,3,843.095,3,851.3,3,3,1.26626
21753,3,843.095,3,851.19,3,0,1.26601
21754,3,843.095,3,851.19,2,0,1.26575
21755,3,843.095,3,851.19,2,1,1.2655
21756,3,843.095,3,851.19,2,2,1.26525
21757,3,843.095,3,851.19,2,3,1.265
21758,3,843.095,3,851.19,4,1,1.26474
21759,3,843.095,3,851.19,4,2,1.26449
21760,3,843.095,3,851.19,0,0,1.26424
21761,3,843.095,3,851.19,0,2,1.26398
21762,3,843.095,3,851.021,4,3,1.26373
21763,3,843.095,3,851.021,0,1,1.26348
21764,3,843.095,3,850.577,3,1,1.26323
21765,3,843.095,3,850.577,1,1,1.26297
21766,3,843.095,3,850.577,4,2,1.26272
21767,3,843.095,3,850.577,3,3,1.26247
21768,3,843.095,3,851.515,3,3,1.26222
21769,3,843.095,3,851.515,3,2,1.26196
21770,3,843.095,3,851.515,0,0,1.26171
21771,3,843.095,3,851.515,3,1,1.26146
21772,3,843.095,3,851.515,0,2,1.26121
21773,3,843.095,3,851.515,3,0,1.26095
21774,3,843.095,3,853.851,2,0,1.2607
21775,3,843.095,3,853.851,3,2,1.26045
21776,3,843.095,3,853.851,3,0,1.2602
21777,3,843.095,3,852.913,4,1,1.25995
21778,3,843.095,3,852.913,4,2,1.25969
21779,3,843.095,3,853.139,4,3,1.25944
21780,3,843.095,3,853.139,3,0,1.25919
21781,3,843.095,3,853.139,2,2,1.25894
21782,3,843.095,3,853.139,4,0,1.25869
21783,3,843.095,3,853.139,4,1,1.25843
21784,3,843.095,3,853.139,2,0,1.25818
21785,3,843.095,3,853.139,2,1,1.25793
21786,3,843.095,3,854.466,3,3,1.25768
21787,3,843.095,3,857.926,3,3,1.25743
21788,3,843.095,3,857.926,4,1,1.25718
21789,3,843.095,3,857.69,3,1,1.25692
21790,3,843.095,3,857.69,1,1,1.25667
21791,3,843.095,3,857.69,0,1,1.25642
21792,3,843.095,3,857.69,1,3,1.25617
21793,3,843.095,3,857.69,0,0,1.25592
21794,3,843.095,3,856.916,0,3,1.25567
21795,3,843.095,3,856.916,1,0,1.25542
21796,3,843.095,3,856.599,3,1,1.25517
21797,3,843.095,3,856.599,3,3,1.25491
21798,3,843.095,3,856.599,4,2,1.25466
21799,3,843.095,3,856.599,2,1,1.25441
21800,3,843.095,3,856.599,2,2,1.25416
21801,3,843.095,3,853.139,4,0,1.25391
21802,3,843.095,3,853.139,4,0,1.25366
21803,3,843.095,3,853.139,1,3,1.25341
21804,3,843.095,3,853.139,0,3,1.25316
21805,3,843.095,3,853.139,2,2,1.25291
21806,3,843.095,3,853.139,4,3,1.25266
21807,3,843.095,3,853.139,4,3,1.25241
21808,3,843.095,3,853.139,0,3,1.25216
21809,3,843.095,3,853.139,4,2,1.25191
21810,3,843.095,3,853.139,4,1,1.25166
21811,3,843.095,3,853.139,0,2,1.25141
21812,3,843.095,3,853.139,2,3,1.25116
21813,3,843.095,3,853.139,0,2,1.25091
21814,3,843.095,3,853.139,3,2,1.25066
21815,3,843.095,3,854.539,0,1,1.2504
21816,3,843.095,3,854.539,2,0,1.25015
21817,3,843.095,3,854.539,2,2,1.2499
21818,3,843.095,3,854.539,1,0,1.24965
21819,3,843.095,3,853.139,0,1,1.2494
21820,3,843.095,3,853.005,0,3,1.24916
21821,3,843.095,3,853.005,4,1,1.24891
21822,3,843.095,3,853.005,2,3,1.24866
21823,3,843.095,3,853.005,3,3,1.24841
21824,3,843.095,3,853.005,4,3,1.24816
21825,3,843.095,3,853.005,1,1,1.24791
21826,3,843.095,3,853.005,1,1,1.24766
21827,3,843.095,3,853.005,1,2,1.24741
21828,3,843.095,3,853.005,1,3,1.24716
21829,3,843.095,3,853.005,4,0,1.24691
21830,3,843.095,3,853.005,1,0,1.24666
21831,3,843.095,3,853.005,4,1,1.24641
21832,3,843.095,3,853.005,1,3,1.24616
21833,3,843.095,3,853.005,4,2,1.24591
21834,3,843.095,3,853.005,4,0,1.24566
21835,3,843.095,3,853.149,0,0,1.24541
21836,3,843.095,3,853.149,2,1,1.24516
21837,3,843.095,3,852.913,2,0,1.24491
21838,3,843.095,3,852.913,4,0,1.24467
21839,3,843.095,3,852.913,3,3,1.24442
21840,3,843.095,3,853.626,0,3,1.24417
21841,3,843.095,3,853.626,4,2,1.24392
21842,3,843.095,3,853.024,0,0,1.24367
21843,3,843.095,3,853.024,4,3,1.24342
21844,3,843.095,3,853.024,3,1,1.24317
21845,3,843.095,3,853.024,4,0,1.24292
21846,3,843.095,3,853.024,4,3,1.24268
21847,3,843.095,3,853.024,1,2,1.24243
21848,3,843.095,3,853.024,0,1,1.24218
21849,3,843.095,3,853.024,1,2,1.24193
21850,3,843.095,3,853.341,3,0,1.24168
21851,3,843.095,3,853.341,3,0,1.24143
21852,3,843.095,3,853.341,0,1,1.24119
21853,3,843.095,3,853.024,2,3,1.24094
21854,3,843.095,3,853.024,4,3,1.24069
21855,3,843.095,3,853.024,0,3,1.24044
21856,3,843.095,3,853.024,1,0,1.24019
21857,3,843.095,3,853.024,0,1,1.23994
21858,3,843.095,3,853.024,0,0,1.2397
21859,3,843.095,3,853.024,3,3,1.23945
21860,3,843.095,3,853.024,2,1,1.2392
21861,3,843.095,3,853.024,2,1,1.23895
21862,3,843.095,3,853.024,2,1,1.23871
21863,3,843.095,3,853.024,0,0,1.23846
21864,3,843.095,3,853.024,2,2,1.23821
21865,3,843.095,3,853.024,0,1,1.23796
21866,3,843.095,3,853.024,1,0,1.23771
21867,3,843.095,3,853.024,1,3,1.23747
21868,3,843.095,3,853.024,2,0,1.23722
21869,3,843.095,3,853.024,3,2,1.23697
21870,3,843.095,3,853.024,2,1,1.23672
21871,3,843.095,3,852.913,3,0,1.23648
21872,3,843.095,3,852.913,0,1,1.23623
21873,3,843.095,3,852.913,4,0,1.23598
21874,3,843.095,3,852.913,0,1,1.23574
21875,3,843.095,3,852.913,4,2,1.23549
21876,3,843.095,3,852.913,1,1,1.23524
21877,3,843.095,3,852.913,3,1,1.23499
21878,3,843.095,3,852.913,2,1,1.23475
21879,3,843.095,3,852.913,3,1,1.2345
21880,3,843.095,3,853.23,3,2,1.23425
21881,3,843.095,3,853.399,0,3,1.23401
21882,3,843.095,3,853.399,3,0,1.23376
21883,3,843.095,3,853.399,4,2,1.23351
21884,3,843.095,3,853.399,2,1,1.23327
21885,3,843.095,3,853.399,1,3,1.23302
21886,3,843.095,3,853.399,3,1,1.23277
21887,3,843.095,3,853.49,0,3,1.23253
21888,3,843.095,3,853.005,4,0,1.23228
21889,3,843.095,3,853.005,1,3,1.23203
21890,3,843.095,3,853.005,1,3,1.23179
21891,3,843.095,3,853.005,1,2,1.23154
21892,3,843.095,3,853.005,2,2,1.23129
21893,3,843.095,3,852.913,4,2,1.23105
21894,3,843.095,3,852.913,4,2,1.2308
21895,3,843.095,3,852.913,3,0,1.23056
21896,3,843.095,3,852.913,2,1,1.23031
21897,3,843.095,3,852.913,4,1,1.23006
21898,3,843.095,3,852.913,3,2,1.22982
21899,3,843.095,3,852.913,3,1,1.22957
21900,3,843.095,3,852.913,2,2,1.22933
21901,3,843.095,3,852.913,3,0,1.22908
21902,3,843.095,3,852.913,4,3,1.22883
21903,3,843.095,3,852.913,4,0,1.22859
21904,3,843.095,3,852.913,2,1,1.22834
21905,3,843.095,3,852.913,1,0,1.2281
21906,3,843.095,3,852.913,4,3,1.22785
21907,3,843.095,3,852.913,1,2,1.22761
21908,3,843.095,3,852.913,1,1,1.22736
21909,3,843.095,3,852.913,2,3,1.22711
21910,3,843.095,3,852.913,3,1,1.22687
21911,3,843.095,3,852.913,0,1,1.22662
21912,3,843.095,3,852.913,2,0,1.22638
21913,3,843.095,3,854.425,0,0,1.22613
21914,3,843.095,3,854.425,2,3,1.22589
21915,3,843.095,3,854.425,0,0,1.22564
21916,3,843.095,3,854.425,0,2,1.2254
21917,3,843.095,3,854.425,0,2,1.22515
21918,3,843.095,3,854.425,3,2,1.22491
21919,3,843.095,3,854.425,1,2,1.22466
21920,3,843.095,3,854.425,1,3,1.22442
21921,3,843.095,3,854.425,0,3,1.22417
21922,3,843.095,3,854.425,1,3,1.22393
21923,3,843.095,3,854.425,0,2,1.22368
21924,3,843.095,3,854.425,1,1,1.22344
21925,3,843.095,3,854.425,2,1,1.22319
21926,3,843.095,3,854.425,2,0,1.22295
21927,3,843.095,3,854.425,4,3,1.2227
21928,3,843.095,3,854.425,1,0,1.22246
21929,3,843.095,3,854.425,0,2,1.22222
21930,3,843.095,3,854.425,4,2,1.22197
21931,3,843.095,3,854.425,2,0,1.22173
21932,3,843.095,3,854.425,0,3,1.22148
21933,3,843.095,3,854.425,2,1,1.22124
21934,3,843.095,3,855.304,0,0,1.22099
21935,3,843.095,3,852.967,4,1,1.22075
21936,3,843.095,3,852.967,0,3,1.22051
21937,3,843.095,3,852.967,0,0,1.22026
21938,3,843.095,3,852.967,0,3,1.22002
21939,3,843.095,3,852.967,1,2,1.21977
21940,3,843.095,3,852.967,1,1,1.21953
21941,3,843.095,3,852.089,3,1,1.21929
21942,3,843.095,3,852.089,0,0,1.21904
21943,3,843.095,3,852.089,4,0,1.2188
21944,3,843.095,3,852.089,2,1,1.21855
21945,3,843.095,3,852.089,3,2,1.21831
21946,3,843.095,3,852.089,2,3,1.21807
21947,3,843.095,3,852.089,4,0,1.21782
21948,3,843.095,3,852.258,4,3,1.21758
21949,3,843.095,3,852.258,2,2,1.21734
21950,3,843.095,3,852.258,2,1,1.21709
21951,3,843.095,3,852.258,0,1,1.21685
21952,3,843.095,3,852.258,1,0,1.21661
21953,3,843.095,3,852.089,3,0,1.21636
21954,3,843.095,3,852.089,0,0,1.21612
21955,3,843.095,3,852.089,1,2,1.21588
21956,3,843.095,3,852.089,3,0,1.21563
21957,3,843.095,3,852.089,1,1,1.21539
21958,3,843.095,3,852.089,1,3,1.21515
21959,3,843.095,3,852.089,0,1,1.2149
21960,3,843.095,3,852.089,3,2,1.21466
21961,3,843.095,3,852.089,0,3,1.21442
21962,3,843.095,3,852.089,2,0,1.21417
21963,3,843.095,3,852.089,3,1,1.21393
21964,3,843.095,3,852.089,3,2,1.21369
21965,3,843.095,3,852.089,2,2,1.21345
21966,3,843.095,3,852.089,1,1,1.2132
21967,3,843.095,3,852.089,1,2,1.21296
21968,3,843.095,3,852.089,1,0,1.21272
21969,3,843.095,3,852.089,4,0,1.21248
21970,3,843.095,3,852.089,3,0,1.21223
21971,3,843.095,3,852.089,0,1,1.21199
21972,3,843.095,3,852.089,4,0,1.21175
21973,3,843.095,3,852.089,3,3,1.21151
21974,3,843.095,3,852.089,1,0,1.21126
21975,3,843.095,3,852.089,4,0,1.21102
21976,3,843.095,3,852.325,0,0,1.21078
21977,3,843.095,3,852.325,1,2,1.21054
21978,3,843.095,3,852.089,2,2,1.2103
21979,3,843.095,3,852.089,1,0,1.21005
21980,3,843.095,3,852.089,1,1,1.20981
21981,3,843.095,3,852.089,3,1,1.20957
21982,3,843.095,3,852.089,1,1,1.20933
21983,3,843.095,3,852.089,2,1,1.20909
21984,3,843.095,3,852.089,3,0,1.20884
21985,3,843.095,3,852.089,2,3,1.2086
21986,3,843.095,3,852.089,4,1,1.20836
21987,3,843.095,3,852.089,0,3,1.20812
21988,3,843.095,3,852.325,3,1,1.20788
21989,3,843.095,3,852.325,2,1,1.20764
21990,3,843.095,3,850.923,2,1,1.20739
21991,3,843.095,3,850.923,2,3,1.20715
21992,3,843.095,3,850.923,3,2,1.20691
21993,3,843.095,3,850.923,3,0,1.20667
21994,3,843.095,3,850.923,1,3,1.20643
21995,3,843.095,3,850.923,0,1,1.20619
21996,3,843.095,3,850.923,3,1,1.20595
21997,3,843.095,3,850.923,4,0,1.2057
21998,3,843.095,3,850.923,1,1,1.20546
21999,3,843.095,3,850.923,3,2,1.20522
22000,3,843.095,3,850.923,1,2,1.20498
22001,3,843.095,3,850.923,1,3,1.20474
22002,3,843.095,3,850.687,0,2,1.2045
22003,3,843.095,3,850.687,3,0,1.20426
22004,3,843.095,3,850.687,3,1,1.20402
22005,3,843.095,3,850.687,1,0,1.20378
22006,3,843.095,3,850.687,1,1,1.20354
22007,3,843.095,3,850.687,2,0,1.20329
22008,3,843.095,3,852.087,2,2,1.20305
22009,3,843.095,3,852.553,2,0,1.20281
22010,3,843.095,3,852.553,0,2,1.20257
22011,3,843.095,3,852.443,0,1,1.20233
22012,3,843.095,3,852.443,1,1,1.20209
22013,3,843.095,3,852.443,1,0,1.20185
22014,3,843.095,3,852.679,0,3,1.20161
22015,3,843.095,3,852.679,1,0,1.20137
22016,3,843.095,3,852.443,0,2,1.20113
22017,3,843.095,3,852.443,2,3,1.20089
22018,3,843.095,3,852.443,3,2,1.20065
22019,3,843.095,3,852.443,0,3,1.20041
22020,3,843.095,3,852.443,3,2,1.20017
22021,3,843.095,3,852.443,2,2,1.19993
22022,3,843.095,3,852.443,2,2,1.19969
22023,3,843.095,3,852.443,0,0,1.19945
22024,3,843.095,3,852.443,4,2,1.19921
22025,3,843.095,3,852.443,0,2,1.19897
22026,3,843.095,3,852.443,2,0,1.19873
22027,3,843.095,3,852.443,1,1,1.19849
22028,3,843.095,3,851.769,0,2,1.19825
22029,3,843.095,3,851.769,3,2,1.19801
22030,3,843.095,3,851.769,1,2,1.19777
22031,3,843.095,3,851.769,1,2,1.19753
22032,3,843.095,3,851.769,1,0,1.19729
22033,3,843.095,3,851.769,4,1,1.19705
22034,3,843.095,3,851.769,1,0,1.19681
22035,3,843.095,3,852.085,4,3,1.19657
22036,3,843.095,3,852.085,3,0,1.19634
22037,3,843.095,3,852.085,2,0,1.1961
22038,3,843.095,3,851.619,2,1,1.19586
22039,3,843.095,3,851.619,2,2,1.19562
22040,3,843.095,3,851.619,0,3,1.19538
22041,3,843.095,3,851.71,2,3,1.19514
22042,3,843.095,3,851.71,4,3,1.1949
22043,3,843.095,3,851.619,3,2,1.19466
22044,3,843.095,3,850.496,4,1,1.19442
22045,3,843.095,3,850.496,1,3,1.19418
22046,3,843.095,3,850.496,4,2,1.19394
22047,3,843.095,3,850.607,0,2,1.19371
22048,3,843.095,3,850.607,1,0,1.19347
22049,3,843.095,3,850.607,2,2,1.19323
22050,3,843.095,3,850.607,4,2,1.19299
22051,3,843.095,3,850.607,4,1,1.19275
22052,3,843.095,3,850.607,1,3,1.19251
22053,3,843.095,3,850.607,3,3,1.19227
22054,3,843.095,3,850.607,3,2,1.19204
22055,3,843.095,3,850.711,3,3,1.1918
22056,3,843.095,3,850.711,0,3,1.19156
22057,3,843.095,3,850.711,1,3,1.19132
22058,3,843.095,3,850.711,4,0,1.19108
22059,3,843.095,3,850.711,4,0,1.19084
22060,3,843.095,3,850.711,1,0,1.19061
22061,3,843.095,3,851.582,4,2,1.19037
22062,3,843.095,3,851.582,1,2,1.19013
22063,3,843.095,3,851.582,3,2,1.18989
22064,3,843.095,3,851.413,4,0,1.18965
22065,3,843.095,3,851.413,0,1,1.18942
22066,3,843.095,3,851.413,1,2,1.18918
22067,3,843.095,3,851.413,2,1,1.18894
22068,3,843.095,3,851.141,2,2,1.1887
22069,3,843.095,3,851.141,0,1,1.18846
22070,3,843.095,3,851.141,1,2,1.18823
22071,3,843.095,3,851.141,0,1,1.18799
22072,3,843.095,3,851.141,1,2,1.18775
22073,3,843.095,3,851.141,4,0,1.18751
22074,3,843.095,3,851.141,0,3,1.18728
22075,3,843.095,3,851.073,2,3,1.18704
22076,3,843.095,3,851.073,1,3,1.1868
22077,3,843.095,3,851.073,1,3,1.18656
22078,3,843.095,3,852.196,0,2,1.18633
22079,3,843.095,3,852.196,1,0,1.18609
22080,3,843.095,3,852.196,4,0,1.18585
22081,3,843.095,3,852.196,2,1,1.18562
22082,3,843.095,3,851.879,4,2,1.18538
22083,3,843.095,3,851.879,0,1,1.18514
22084,3,843.095,3,851.879,4,2,1.1849
22085,3,843.095,3,851.879,4,0,1.18467
22086,3,843.095,3,851.879,1,0,1.18443
22087,3,843.095,3,851.769,3,1,1.18419
22088,3,843.095,3,851.769,1,1,1.18396
22089,3,843.095,3,851.769,4,2,1.18372
22090,3,843.095,3,852.085,3,2,1.18348
22091,3,843.095,3,852.038,4,3,1.18325
22092,3,843.095,3,852.038,3,3,1.18301
22093,3,843.095,3,852.038,4,1,1.18277
22094,3,843.095,3,852.038,1,2,1.18254
22095,3,843.095,3,852.038,1,1,1.1823
22096,3,843.095,3,852.038,1,2,1.18206
22097,3,843.095,3,852.038,4,3,1.18183
22098,3,843.095,3,852.038,1,0,1.18159
22099,3,843.095,3,852.038,1,1,1.18135
22100,3,843.095,3,852.038,2,2,1.18112
22101,3,843.095,3,852.038,3,3,1.18088
22102,3,843.095,3,852.038,4,0,1.18065
22103,3,843.095,3,852.038,1,0,1.18041
22104,3,843.095,3,852.038,1,3,1.18017
22105,3,843.095,3,849.413,4,1,1.17994
22106,3,843.095,3,849.413,1,0,1.1797
22107,3,843.095,3,849.413,2,1,1.17947
22108,3,843.095,3,849.413,2,1,1.17923
22109,3,843.095,3,849.413,3,1,1.17899
22110,3,843.095,3,849.413,3,1,1.17876
22111,3,843.095,3,849.413,0,3,1.17852
22112,3,843.095,3,849.413,3,3,1.17829
22113,3,843.095,3,849.413,0,3,1.17805
22114,3,843.095,3,849.413,0,3,1.17782
22115,3,843.095,3,849.413,1,1,1.17758
22116,3,843.095,3,849.413,4,3,1.17734
22117,3,843.095,3,849.413,4,2,1.17711
22118,3,843.095,3,849.413,0,3,1.17687
22119,3,843.095,3,849.413,1,3,1.17664
22120,3,843.095,3,849.413,0,1,1.1764
22121,3,843.095,3,850.036,3,2,1.17617
22122,3,843.095,3,850.036,4,3,1.17593
22123,3,843.095,3,849.719,2,2,1.1757
22124,3,843.095,3,849.719,2,0,1.17546
22125,3,843.095,3,849.097,0,1,1.17523
22126,3,843.095,3,849.097,0,2,1.17499
22127,3,843.095,3,849.097,4,2,1.17476
22128,3,843.095,3,849.097,0,1,1.17452
22129,3,843.095,3,849.097,0,0,1.17429
22130,3,843.095,3,849.097,2,0,1.17405
22131,3,843.095,3,849.097,2,0,1.17382
22132,3,843.095,3,849.097,2,1,1.17358
22133,3,843.095,3,849.097,1,0,1.17335
22134,3,843.095,3,849.097,2,2,1.17311
22135,3,843.095,3,849.097,1,3,1.17288
22136,3,843.095,3,849.903,2,2,1.17264
22137,3,843.095,3,849.903,2,2,1.17241
22138,3,843.095,3,849.903,3,3,1.17217
22139,3,843.095,3,849.097,4,2,1.17194
22140,3,843.095,3,849.097,2,1,1.17171
22141,3,843.095,3,849.097,4,3,1.17147
22142,3,843.095,3,849.097,0,2,1.17124
22143,3,843.095,3,849.097,1,3,1.171
22144,3,843.095,3,849.097,2,0,1.17077
22145,3,843.095,3,849.097,2,2,1.17053
22146,3,843.095,3,849.097,4,1,1.1703
22147,3,843.095,3,849.097,3,0,1.17007
22148,3,843.095,3,849.097,3,3,1.16983
22149,3,843.095,3,849.097,1,3,1.1696
22150,3,843.095,3,849.097,1,1,1.16936
22151,3,843.095,3,849.097,1,1,1.16913
22152,3,843.095,3,849.097,1,1,1.1689
22153,3,843.095,3,849.097,2,2,1.16866
22154,3,843.095,3,849.097,2,2,1.16843
22155,3,843.095,3,849.097,2,0,1.1682
22156,3,843.095,3,849.097,1,1,1.16796
22157,3,843.095,3,849.097,0,0,1.16773
22158,3,843.095,3,849.097,1,3,1.1675
22159,3,843.095,3,849.097,3,2,1.16726
22160,3,843.095,3,849.097,4,1,1.16703
22161,3,843.095,3,849.201,0,1,1.16679
22162,3,843.095,3,849.201,1,1,1.16656
22163,3,843.095,3,849.201,4,2,1.16633
22164,3,843.095,3,849.201,0,0,1.16609
22165,3,843.095,3,850.496,0,1,1.16586
22166,3,843.095,3,850.496,1,2,1.16563
22167,3,843.095,3,850.496,2,1,1.1654
22168,3,843.095,3,850.496,0,2,1.16516
22169,3,843.095,3,850.496,4,1,1.16493
22170,3,843.095,3,850.496,3,1,1.1647
22171,3,843.095,3,850.496,4,2,1.16446
22172,3,843.095,3,850.496,0,0,1.16423
22173,3,843.095,3,851.422,4,2,1.164
22174,3,843.095,3,851.422,1,2,1.16376
22175,3,843.095,3,851.422,2,0,1.16353
22176,3,843.095,3,851.422,1,1,1.1633
22177,3,843.095,3,849.201,3,2,1.16307
22178,3,843.095,3,849.201,1,0,1.16283
22179,3,843.095,3,849.201,1,1,1.1626
22180,3,843.095,3,849.201,1,0,1.16237
22181,3,843.095,3,849.201,1,2,1.16214
22182,3,843.095,3,849.201,1,2,1.1619
22183,3,843.095,3,849.201,3,3,1.16167
22184,3,843.095,3,849.201,2,0,1.16144
22185,3,843.095,3,849.201,2,1,1.16121
22186,3,843.095,3,849.201,1,1,1.16097
22187,3,843.095,3,849.37,0,3,1.16074
22188,3,843.095,3,849.266,0,0,1.16051
22189,3,843.095,3,849.266,0,1,1.16028
22190,3,843.095,3,849.582,0,2,1.16005
22191,3,843.095,3,849.413,0,0,1.15981
22192,3,843.095,3,849.413,4,0,1.15958
22193,3,843.095,3,849.413,2,0,1.15935
22194,3,843.095,3,849.413,2,3,1.15912
22195,3,843.095,3,849.413,4,1,1.15889
22196,3,843.095,3,849.413,1,0,1.15865
22197,3,843.095,3,849.518,4,3,1.15842
22198,3,843.095,3,849.518,4,3,1.15819
22199,3,843.095,3,849.201,2,0,1.15796
22200,3,843.095,3,849.097,0,2,1.15773
22201,3,843.095,3,849.097,0,3,1.1575
22202,3,843.095,3,849.097,3,2,1.15727
22203,3,843.095,3,849.097,2,2,1.15703
22204,3,843.095,3,849.097,1,0,1.1568
22205,3,843.095,3,849.097,1,2,1.15657
22206,3,843.095,3,849.097,0,0,1.15634
22207,3,843.095,3,849.201,3,3,1.15611
22208,3,843.095,3,849.201,2,3,1.15588
22209,3,843.095,3,849.201,4,2,1.15565
22210,3,843.095,3,849.201,2,3,1.15541
22211,3,843.095,3,849.201,2,3,1.15518
22212,3,843.095,3,849.201,1,0,1.15495
22213,3,843.095,3,849.201,0,0,1.15472
22214,3,843.095,3,849.201,0,1,1.15449
22215,3,843.095,3,849.201,3,3,1.15426
22216,3,843.095,3,849.201,0,2,1.15403
22217,3,843.095,3,849.097,3,1,1.1538
22218,3,843.095,3,849.207,0,3,1.15357
22219,3,843.095,3,849.312,2,3,1.15334
22220,3,843.095,3,849.312,0,3,1.15311
22221,3,843.095,3,850.189,0,3,1.15288
22222,3,843.095,3,850.189,4,1,1.15264
22223,3,843.095,3,850.933,4,3,1.15241
22224,3,843.095,3,849.645,2,0,1.15218
22225,3,843.095,3,851.045,2,2,1.15195
22226,3,843.095,3,851.045,4,1,1.15172
22227,3,843.095,3,851.045,0,2,1.15149
22228,3,843.095,3,851.045,4,3,1.15126
22229,3,843.095,3,851.045,0,3,1.15103
22230,3,843.095,3,851.045,1,0,1.1508
22231,3,843.095,3,851.562,3,3,1.15057
22232,3,843.095,3,851.562,4,3,1.15034
22233,3,843.095,3,851.562,0,3,1.15011
22234,3,843.095,3,850.94,3,0,1.14988
22235,3,843.095,3,849.54,0,2,1.14965
22236,3,843.095,3,849.54,2,1,1.14942
22237,3,843.095,3,849.54,1,0,1.14919
22238,3,843.095,3,849.54,3,0,1.14896
22239,3,843.095,3,849.54,0,2,1.14873
22240,3,843.095,3,849.54,3,1,1.1485
22241,3,843.095,3,850.347,0,0,1.14827
22242,3,843.095,3,849.54,2,0,1.14804
22243,3,843.095,3,849.709,4,2,1.14781
22244,3,843.095,3,849.709,2,1,1.14758
22245,3,843.095,3,849.709,2,0,1.14735
22246,3,843.095,3,849.709,4,0,1.14712
22247,3,843.095,3,849.709,0,0,1.1469
22248,3,843.095,3,849.709,2,3,1.14667
22249,3,843.095,3,849.709,0,2,1.14644
22250,3,843.095,3,849.709,0,3,1.14621
22251,3,843.095,3,849.709,1,3,1.14598
22252,3,843.095,3,849.709,4,2,1.14575
22253,3,843.095,3,849.709,2,3,1.14552
22254,3,843.095,3,849.709,3,2,1.14529
22255,3,843.095,3,849.709,3,1,1.14506
22256,3,843.095,3,849.709,4,3,1.14483
22257,3,843.095,3,850.026,0,3,1.1446
22258,3,843.095,3,850.026,0,2,1.14437
22259,3,843.095,3,850.516,3,0,1.14415
22260,3,843.095,3,850.516,2,1,1.14392
22261,3,843.095,3,850.516,0,2,1.14369
22262,3,843.095,3,850.516,0,2,1.14346
22263,3,843.095,3,850.516,3,1,1.14323
22264,3,843.095,3,850.516,2,2,1.143
22265,3,843.095,3,850.516,4,1,1.14277
22266,3,843.095,3,850.516,2,3,1.14255
22267,3,843.095,3,850.516,3,1,1.14232
22268,3,843.095,3,850.833,3,1,1.14209
22269,3,843.095,3,850.833,3,1,1.14186
22270,3,843.095,3,850.833,4,3,1.14163
22271,3,843.095,3,851.654,3,0,1.1414
22272,3,843.095,3,851.654,1,3,1.14117
22273,3,843.095,3,851.654,3,0,1.14095
22274,3,843.095,3,853.054,2,2,1.14072
22275,3,843.095,3,853.054,1,0,1.14049
22276,3,843.095,3,853.647,4,3,1.14026
22277,3,843.095,3,853.647,1,1,1.14003
22278,3,843.095,3,852.825,0,1,1.13981
22279,3,843.095,3,852.825,1,3,1.13958
22280,3,843.095,3,852.825,0,0,1.13935
22281,3,843.095,3,852.825,0,1,1.13912
22282,3,843.095,3,852.825,4,1,1.13889
22283,3,843.095,3,852.589,0,1,1.13867
22284,3,843.095,3,852.589,3,1,1.13844
22285,3,843.095,3,852.589,3,3,1.13821
22286,3,843.095,3,852.589,4,2,1.13798
22287,3,843.095,3,853.022,3,2,1.13776
22288,3,843.095,3,853.022,2,2,1.13753
22289,3,843.095,3,853.022,2,1,1.1373
22290,3,843.095,3,853.022,1,3,1.13707
22291,3,843.095,3,853.022,3,1,1.13685
22292,3,843.095,3,853.022,2,3,1.13662
22293,3,843.095,3,853.022,1,3,1.13639
22294,3,843.095,3,853.258,0,0,1.13616
22295,3,843.095,3,852.589,2,1,1.13594
22296,3,843.095,3,851.19,3,2,1.13571
22297,3,843.095,3,851.021,0,2,1.13548
22298,3,843.095,3,851.021,3,1,1.13526
22299,3,843.095,3,851.021,3,1,1.13503
22300,3,843.095,3,851.021,0,1,1.1348
22301,3,843.095,3,851.257,2,3,1.13457
22302,3,843.095,3,851.257,2,0,1.13435
22303,3,843.095,3,851.257,4,1,1.13412
22304,3,843.095,3,851.257,1,3,1.13389
22305,3,843.095,3,851.257,3,3,1.13367
22306,3,843.095,3,851.257,3,0,1.13344
22307,3,843.095,3,851.257,4,1,1.13321
22308,3,843.095,3,851.257,3,0,1.13299
22309,3,843.095,3,851.257,4,1,1.13276
22310,3,843.095,3,851.257,4,1,1.13253
22311,3,843.095,3,851.257,2,2,1.13231
22312,3,843.095,3,851.021,2,3,1.13208
22313,3,843.095,3,851.021,4,2,1.13185
22314,3,843.095,3,851.021,3,0,1.13163
22315,3,843.095,3,851.021,4,2,1.1314
22316,3,843.095,3,851.021,1,1,1.13118
22317,3,843.095,3,851.021,2,3,1.13095
22318,3,843.095,3,851.021,4,0,1.13072
22319,3,843.095,3,851.021,4,1,1.1305
22320,3,843.095,3,851.021,4,2,1.13027
22321,3,843.095,3,851.021,2,2,1.13004
22322,3,843.095,3,851.021,2,3,1.12982
22323,3,843.095,3,851.021,4,2,1.12959
22324,3,843.095,3,851.021,1,0,1.12937
22325,3,843.095,3,851.021,0,1,1.12914
22326,3,843.095,3,851.021,4,1,1.12892
22327,3,843.095,3,851.021,1,3,1.12869
22328,3,843.095,3,851.021,2,0,1.12846
22329,3,843.095,3,851.021,0,3,1.12824
22330,3,843.095,3,851.021,0,3,1.12801
22331,3,843.095,3,851.021,2,3,1.12779
22332,3,843.095,3,851.021,0,0,1.12756
22333,3,843.095,3,851.021,1,2,1.12734
22334,3,843.095,3,851.021,0,3,1.12711
22335,3,843.095,3,851.021,0,3,1.12688
22336,3,843.095,3,851.021,0,0,1.12666
22337,3,843.095,3,851.021,2,2,1.12643
22338,3,843.095,3,851.021,3,1,1.12621
22339,3,843.095,3,851.021,0,3,1.12598
22340,3,843.095,3,851.021,2,3,1.12576
22341,3,843.095,3,852.42,0,2,1.12553
22342,3,843.095,3,852.42,1,3,1.12531
22343,3,843.095,3,852.42,1,3,1.12508
22344,3,843.095,3,852.42,2,1,1.12486
22345,3,843.095,3,853.242,3,2,1.12463
22346,3,843.095,3,853.242,4,1,1.12441
22347,3,843.095,3,853.242,2,0,1.12418
22348,3,843.095,3,853.478,0,3,1.12396
22349,3,843.095,3,853.478,1,1,1.12373
22350,3,843.095,3,853.478,2,1,1.12351
22351,3,843.095,3,853.478,1,2,1.12328
22352,3,843.095,3,853.478,2,3,1.12306
22353,3,843.095,3,853.478,3,2,1.12283
22354,3,843.095,3,853.478,1,1,1.12261
22355,3,843.095,3,853.478,4,3,1.12239
22356,3,843.095,3,853.478,0,3,1.12216
22357,3,843.095,3,853.478,3,0,1.12194
22358,3,843.095,3,853.478,1,3,1.12171
22359,3,843.095,3,852.656,3,2,1.12149
22360,3,843.095,3,851.021,3,1,1.12126
22361,3,843.095,3,851.021,1,3,1.12104
22362,3,843.095,3,851.021,4,1,1.12082
22363,3,843.095,3,851.021,0,0,1.12059
22364,3,843.095,3,851.021,1,3,1.12037
22365,3,843.095,3,851.131,0,3,1.12014
22366,3,843.095,3,851.131,2,3,1.11992
22367,3,843.095,3,851.131,0,0,1.1197
22368,3,843.095,3,851.367,3,3,1.11947
22369,3,843.095,3,851.257,3,2,1.11925
22370,3,843.095,3,851.021,3,2,1.11902
22371,3,843.095,3,851.021,2,0,1.1188
22372,3,843.095,3,851.021,3,0,1.11858
22373,3,843.095,3,851.021,1,2,1.11835
22374,3,843.095,3,851.021,2,1,1.11813
22375,3,843.095,3,851.021,1,3,1.1179
22376,3,843.095,3,851.021,2,3,1.11768
22377,3,843.095,3,851.021,4,1,1.11746
22378,3,843.095,3,851.021,4,3,1.11723
22379,3,843.095,3,851.19,3,2,1.11701
22380,3,843.095,3,851.19,3,0,1.11679
22381,3,843.095,3,851.19,1,1,1.11656
22382,3,843.095,3,851.19,4,1,1.11634
22383,3,843.095,3,851.19,2,2,1.11612
22384,3,843.095,3,851.19,0,1,1.11589
22385,3,843.095,3,851.19,3,1,1.11567
22386,3,843.095,3,851.19,3,3,1.11545
22387,3,843.095,3,851.19,2,0,1.11522
22388,3,843.095,3,851.19,1,0,1.115
22389,3,843.095,3,855.181,3,0,1.11478
22390,3,843.095,3,855.181,4,2,1.11456
22391,3,843.095,3,855.181,3,0,1.11433
22392,3,843.095,3,855.181,0,3,1.11411
22393,3,843.095,3,855.181,3,0,1.11389
22394,3,843.095,3,855.181,1,1,1.11366
22395,3,843.095,3,855.012,2,1,1.11344
22396,3,843.095,3,855.012,2,0,1.11322
22397,3,843.095,3,855.012,3,3,1.113
22398,3,843.095,3,855.012,3,1,1.11277
22399,3,843.095,3,855.012,2,3,1.11255
22400,3,843.095,3,855.012,3,3,1.11233
22401,3,843.095,3,855.012,0,0,1.11211
22402,3,843.095,3,855.012,1,0,1.11188
22403,3,843.095,3,855.012,0,1,1.11166
22404,3,843.095,3,855.012,1,3,1.11144
22405,3,843.095,3,855.012,2,2,1.11122
22406,3,843.095,3,855.248,0,0,1.11099
22407,3,843.095,3,855.248,4,3,1.11077
22408,3,843.095,3,855.248,3,2,1.11055
22409,3,843.095,3,855.248,3,3,1.11033
22410,3,843.095,3,855.248,1,1,1.11011
22411,3,843.095,3,855.248,3,3,1.10988
22412,3,843.095,3,855.248,1,2,1.10966
22413,3,843.095,3,855.248,1,1,1.10944
22414,3,843.095,3,855.248,4,0,1.10922
22415,3,843.095,3,855.012,2,1,1.109
22416,3,843.095,3,855.012,1,1,1.10877
22417,3,843.095,3,855.012,4,1,1.10855
22418,3,843.095,3,851.021,3,3,1.10833
22419,3,843.095,3,851.021,1,2,1.10811
22420,3,843.095,3,851.021,0,1,1.10789
22421,3,843.095,3,851.021,0,1,1.10767
22422,3,843.095,3,851.021,3,2,1.10744
22423,3,843.095,3,851.021,0,1,1.10722
22424,3,843.095,3,851.021,1,0,1.107
22425,3,843.095,3,851.021,2,3,1.10678
22426,3,843.095,3,851.021,4,3,1.10656
22427,3,843.095,3,851.021,1,0,1.10634
22428,3,843.095,3,851.021,3,0,1.10612
22429,3,843.095,3,851.021,2,1,1.1059
22430,3,843.095,3,851.021,0,1,1.10567
22431,3,843.095,3,850.813,0,0,1.10545
22432,3,843.095,3,850.813,0,2,1.10523
22433,3,843.095,3,850.813,3,2,1.10501
22434,3,843.095,3,850.813,1,1,1.10479
22435,3,843.095,3,850.813,4,3,1.10457
22436,3,843.095,3,850.577,0,1,1.10435
22437,3,843.095,3,850.577,2,0,1.10413
22438,3,843.095,3,850.577,1,0,1.10391
22439,3,843.095,3,850.577,2,1,1.10369
22440,3,843.095,3,850.577,4,0,1.10346
22441,3,843.095,3,850.577,2,2,1.10324
22442,3,843.095,3,850.577,4,1,1.10302
22443,3,843.095,3,851.129,4,2,1.1028
22444,3,843.095,3,851.129,2,3,1.10258
22445,3,843.095,3,851.129,1,3,1.10236
22446,3,843.095,3,850.893,4,3,1.10214
22447,3,843.095,3,850.893,1,3,1.10192
22448,3,843.095,3,851.063,2,2,1.1017
22449,3,843.095,3,851.063,0,0,1.10148
22450,3,843.095,3,851.063,1,3,1.10126
22451,3,843.095,3,851.063,4,3,1.10104
22452,3,843.095,3,851.063,1,1,1.10082
22453,3,843.095,3,851.063,0,1,1.1006
22454,3,843.095,3,850.893,3,0,1.10038
22455,3,843.095,3,850.893,4,2,1.10016
22456,3,843.095,3,850.893,0,1,1.09994
22457,3,843.095,3,850.577,0,1,1.09972
22458,3,843.095,3,850.577,3,1,1.0995
22459,3,843.095,3,850.577,0,0,1.09928
22460,3,843.095,3,850.577,3,3,1.09906
22461,3,843.095,3,850.577,4,2,1.09884
22462,3,843.095,3,852.606,4,3,1.09862
22463,3,843.095,3,852.606,3,3,1.0984
22464,3,843.095,3,851.668,2,2,1.09818
22465,3,843.095,3,851.668,1,1,1.09796
22466,3,843.095,3,852.27,4,2,1.09774
22467,3,843.095,3,851.495,0,1,1.09752
22468,3,843.095,3,850.893,0,1,1.0973
22469,3,843.095,3,850.577,3,0,1.09708
22470,3,843.095,3,850.577,2,3,1.09686
22471,3,843.095,3,850.577,4,1,1.09664
22472,3,843.095,3,850.577,2,0,1.09642
22473,3,843.095,3,850.577,1,0,1.09621
22474,3,843.095,3,850.577,2,1,1.09599
22475,3,843.095,3,850.687,2,0,1.09577
22476,3,843.095,3,850.687,2,1,1.09555
22477,3,843.095,3,850.687,0,3,1.09533
22478,3,843.095,3,851.004,4,3,1.09511
22479,3,843.095,3,851.004,2,1,1.09489
22480,3,843.095,3,851.004,2,0,1.09467
22481,3,843.095,3,851.004,2,2,1.09445
22482,3,843.095,3,851.004,2,3,1.09423
22483,3,843.095,3,851.004,0,2,1.09401
22484,3,843.095,3,851.004,1,2,1.0938
22485,3,843.095,3,851.004,2,3,1.09358
22486,3,843.095,3,851.004,4,0,1.09336
22487,3,843.095,3,850.893,0,1,1.09314
22488,3,843.095,3,850.893,3,2,1.09292
22489,3,843.095,3,850.577,4,3,1.0927
22490,3,843.095,3,850.577,1,2,1.09248
22491,3,843.095,3,850.577,3,2,1.09227
22492,3,843.095,3,850.577,2,3,1.09205
22493,3,843.095,3,850.577,4,0,1.09183
22494,3,843.095,3,850.577,0,2,1.09161
22495,3,843.095,3,850.577,3,3,1.09139
22496,3,843.095,3,850.577,3,3,1.09117
22497,3,843.095,3,850.577,1,3,1.09096
22498,3,843.095,3,850.577,2,0,1.09074
22499,3,843.095,3,850.577,1,3,1.09052
22500,3,843.095,3,850.577,1,3,1.0903
22501,3,843.095,3,850.577,1,3,1.09008
22502,3,843.095,3,850.577,1,0,1.08986
22503,3,843.095,3,850.577,3,0,1.08965
22504,3,843.095,3,850.577,1,3,1.08943
22505,3,843.095,3,850.577,0,2,1.08921
22506,3,843.095,3,850.746,0,3,1.08899
22507,3,843.095,3,850.746,2,3,1.08878
22508,3,843.095,3,850.746,4,0,1.08856
22509,3,843.095,3,850.746,0,1,1.08834
22510,3,843.095,3,850.746,0,3,1.08812
22511,3,843.095,3,850.746,2,1,1.0879
22512,3,843.095,3,850.746,1,3,1.08769
22513,3,843.095,3,850.746,0,3,1.08747
22514,3,843.095,3,850.746,0,1,1.08725
22515,3,843.095,3,850.837,3,3,1.08703
22516,3,843.095,3,850.837,1,3,1.08682
22517,3,843.095,3,850.837,4,2,1.0866
22518,3,843.095,3,850.837,4,3,1.08638
22519,3,843.095,3,850.837,0,1,1.08617
22520,3,843.095,3,850.837,3,0,1.08595
22521,3,843.095,3,850.837,2,1,1.08573
22522,3,843.095,3,850.746,0,2,1.08551
22523,3,843.095,3,850.746,2,2,1.0853
22524,3,843.095,3,850.746,4,0,1.08508
22525,3,843.095,3,850.746,2,2,1.08486
22526,3,843.095,3,850.746,0,0,1.08465
22527,3,843.095,3,850.577,2,1,1.08443
22528,3,843.095,3,850.577,2,3,1.08421
22529,3,843.095,3,850.577,4,1,1.08399
22530,3,843.095,3,850.577,3,3,1.08378
22531,3,843.095,3,850.577,4,0,1.08356
22532,3,843.095,3,850.577,3,3,1.08334
22533,3,843.095,3,850.577,1,0,1.08313
22534,3,843.095,3,850.577,4,1,1.08291
22535,3,843.095,3,850.577,3,3,1.08269
22536,3,843.095,3,850.577,4,2,1.08248
22537,3,843.095,3,850.577,3,1,1.08226
22538,3,843.095,3,850.577,3,0,1.08205
22539,3,843.095,3,850.577,2,0,1.08183
22540,3,843.095,3,850.577,2,1,1.08161
22541,3,843.095,3,850.577,3,2,1.0814
22542,3,843.095,3,850.577,0,1,1.08118
22543,3,843.095,3,850.577,1,3,1.08096
22544,3,843.095,3,850.577,3,1,1.08075
22545,3,843.095,3,850.577,3,1,1.08053
22546,3,843.095,3,850.577,3,0,1.08032
22547,3,843.095,3,850.893,2,2,1.0801
22548,3,843.095,3,850.893,2,2,1.07988
22549,3,843.095,3,850.893,0,3,1.07967
22550,3,843.095,3,850.893,1,3,1.07945
22551,3,843.095,3,850.893,4,0,1.07924
22552,3,843.095,3,850.893,2,0,1.07902
22553,3,843.095,3,850.893,1,0,1.0788
22554,3,843.095,3,850.893,3,1,1.07859
22555,3,843.095,3,850.893,4,2,1.07837
22556,3,843.095,3,850.893,2,2,1.07816
22557,3,843.095,3,850.893,3,2,1.07794
22558,3,843.095,3,850.893,1,2,1.07773
22559,3,843.095,3,850.893,0,0,1.07751
22560,3,843.095,3,851.129,4,0,1.07729
22561,3,843.095,3,851.129,2,2,1.07708
22562,3,843.095,3,851.24,3,3,1.07686
22563,3,843.095,3,851.004,2,1,1.07665
22564,3,843.095,3,851.004,0,0,1.07643
22565,3,843.095,3,851.004,2,2,1.07622
22566,3,843.095,3,851.004,2,2,1.076
22567,3,843.095,3,850.893,4,0,1.07579
22568,3,843.095,3,851.063,3,2,1.07557
22569,3,843.095,3,851.063,1,0,1.07536
22570,3,843.095,3,851.063,3,1,1.07514
22571,3,843.095,3,850.746,3,0,1.07493
22572,3,843.095,3,850.746,0,2,1.07471
22573,3,843.095,3,853.202,2,3,1.0745
22574,3,843.095,3,853.202,0,0,1.07428
22575,3,843.095,3,853.202,1,1,1.07407
22576,3,843.095,3,853.202,1,3,1.07385
22577,3,843.095,3,850.982,2,3,1.07364
22578,3,843.095,3,850.982,4,3,1.07342
22579,3,843.095,3,850.746,4,1,1.07321
22580,3,843.095,3,850.746,1,1,1.07299
22581,3,843.095,3,850.746,4,0,1.07278
22582,3,843.095,3,850.746,3,0,1.07256
22583,3,843.095,3,850.746,2,2,1.07235
22584,3,843.095,3,850.746,0,3,1.07214
22585,3,843.095,3,850.746,1,0,1.07192
22586,3,843.095,3,850.668,3,3,1.07171
22587,3,843.095,3,850.668,1,0,1.07149
22588,3,843.095,3,850.668,3,2,1.07128
22589,3,843.095,3,850.668,2,1,1.07106
22590,3,843.095,3,850.985,4,0,1.07085
22591,3,843.095,3,850.985,0,0,1.07063
22592,3,843.095,3,850.985,0,3,1.07042
22593,3,843.095,3,850.893,3,2,1.07021
22594,3,843.095,3,850.893,4,2,1.06999
22595,3,843.095,3,850.893,4,0,1.06978
22596,3,843.095,3,850.893,1,2,1.06956
22597,3,843.095,3,850.893,1,2,1.06935
22598,3,843.095,3,851.129,4,3,1.06914
22599,3,843.095,3,851.129,1,3,1.06892
22600,3,843.095,3,850.893,2,0,1.06871
22601,3,843.095,3,850.893,2,3,1.0685
22602,3,843.095,3,850.893,1,2,1.06828
22603,3,843.095,3,850.893,0,0,1.06807
22604,3,843.095,3,850.985,3,3,1.06785
22605,3,843.095,3,851.221,4,1,1.06764
22606,3,843.095,3,851.221,0,1,1.06743
22607,3,843.095,3,851.221,4,1,1.06721
22608,3,843.095,3,850.893,2,2,1.067
22609,3,843.095,3,850.893,2,1,1.06679
22610,3,843.095,3,850.893,3,1,1.06657
22611,3,843.095,3,850.893,1,2,1.06636
22612,3,843.095,3,850.577,4,1,1.06615
22613,3,843.095,3,850.577,0,3,1.06593
22614,3,843.095,3,850.577,2,0,1.06572
22615,3,843.095,3,850.577,3,3,1.06551
22616,3,843.095,3,850.577,1,0,1.06529
22617,3,843.095,3,850.577,0,3,1.06508
22618,3,843.095,3,850.577,2,1,1.06487
22619,3,843.095,3,850.577,1,1,1.06466
22620,3,843.095,3,850.577,2,3,1.06444
22621,3,843.095,3,850.577,2,2,1.06423
22622,3,843.095,3,850.577,3,3,1.06402
22623,3,843.095,3,850.577,2,2,1.0638
22624,3,843.095,3,850.577,2,1,1.06359
22625,3,843.095,3,850.577,3,2,1.06338
22626,3,843.095,3,850.577,1,3,1.06317
22627,3,843.095,3,850.577,0,0,1.06295
22628,3,843.095,3,850.577,2,0,1.06274
22629,3,843.095,3,850.687,0,3,1.06253
22630,3,843.095,3,850.687,1,1,1.06232
22631,3,843.095,3,850.687,0,3,1.0621
22632,3,843.095,3,850.687,2,0,1.06189
22633,3,843.095,3,850.687,4,2,1.06168
22634,3,843.095,3,850.687,3,3,1.06147
22635,3,843.095,3,850.687,2,1,1.06125
22636,3,843.095,3,850.687,1,0,1.06104
22637,3,843.095,3,850.687,2,2,1.06083
22638,3,843.095,3,850.687,2,3,1.06062
22639,3,843.095,3,850.687,1,2,1.06041
22640,3,843.095,3,850.687,2,1,1.06019
22641,3,843.095,3,850.687,3,2,1.05998
22642,3,843.095,3,850.687,4,0,1.05977
22643,3,843.095,3,850.687,3,0,1.05956
22644,3,843.095,3,850.687,3,1,1.05935
22645,3,843.095,3,850.687,3,2,1.05913
22646,3,843.095,3,850.577,0,3,1.05892
22647,3,843.095,3,850.577,2,2,1.05871
22648,3,843.095,3,850.577,2,2,1.0585
22649,3,843.095,3,850.577,3,3,1.05829
22650,3,843.095,3,850.577,3,3,1.05807
22651,3,843.095,3,850.577,0,0,1.05786
22652,3,843.095,3,850.577,2,3,1.05765
22653,3,843.095,3,851.004,0,0,1.05744
22654,3,843.095,3,851.004,3,3,1.05723
22655,3,843.095,3,851.004,1,1,1.05702
22656,3,843.095,3,851.004,2,0,1.05681
22657,3,843.095,3,851.004,0,2,1.05659
22658,3,843.095,3,851.004,0,3,1.05638
22659,3,843.095,3,851.004,3,2,1.05617
22660,3,843.095,3,851.004,0,0,1.05596
22661,3,843.095,3,851.004,0,3,1.05575
22662,3,843.095,3,851.004,0,0,1.05554
22663,3,843.095,3,851.004,2,0,1.05533
22664,3,843.095,3,851.004,1,3,1.05512
22665,3,843.095,3,851.004,1,3,1.0549
22666,3,843.095,3,851.004,3,0,1.05469
22667,3,843.095,3,850.893,3,2,1.05448
22668,3,843.095,3,851.129,4,0,1.05427
22669,3,843.095,3,850.577,2,1,1.05406
22670,3,843.095,3,851.398,3,0,1.05385
22671,3,843.095,3,850.803,0,3,1.05364
22672,3,843.095,3,850.577,4,0,1.05343
22673,3,843.095,3,851.976,3,1,1.05322
22674,3,843.095,3,851.976,0,0,1.05301
22675,3,843.095,3,851.976,1,0,1.0528
22676,3,843.095,3,851.976,3,0,1.05259
22677,3,843.095,3,851.976,1,0,1.05238
22678,3,843.095,3,851.976,4,1,1.05217
22679,3,843.095,3,851.976,1,0,1.05195
22680,3,843.095,3,852.145,3,2,1.05174
22681,3,843.095,3,852.145,1,3,1.05153
22682,3,843.095,3,852.145,0,3,1.05132
22683,3,843.095,3,852.145,3,0,1.05111
22684,3,843.095,3,851.976,3,1,1.0509
22685,3,843.095,3,851.976,2,2,1.05069
22686,3,843.095,3,851.976,2,0,1.05048
22687,3,843.095,3,851.976,0,0,1.05027
22688,3,843.095,3,851.976,0,0,1.05006
22689,3,843.095,3,851.976,4,1,1.04985
22690,3,843.095,3,851.976,1,0,1.04964
22691,3,843.095,3,851.976,1,2,1.04943
22692,3,843.095,3,851.976,2,3,1.04922
22693,3,843.095,3,851.976,2,0,1.04901
22694,3,843.095,3,851.976,0,0,1.0488
22695,3,843.095,3,851.976,4,1,1.04859
22696,3,843.095,3,851.976,1,2,1.04838
22697,3,843.095,3,851.976,2,1,1.04817
22698,3,843.095,3,851.976,3,3,1.04796
22699,3,843.095,3,851.976,4,2,1.04775
22700,3,843.095,3,851.976,1,2,1.04755
22701,3,843.095,3,851.976,0,2,1.04734
22702,3,843.095,3,851.976,3,0,1.04713
22703,3,843.095,3,851.976,2,1,1.04692
22704,3,843.095,3,850.577,4,2,1.04671
22705,3,843.095,3,850.577,3,3,1.0465
22706,3,843.095,3,850.577,2,3,1.04629
22707,3,843.095,3,850.813,0,3,1.04608
22708,3,843.095,3,850.813,0,0,1.04587
22709,3,843.095,3,850.577,3,0,1.04566
22710,3,843.095,3,850.577,2,0,1.04545
22711,3,843.095,3,850.577,1,1,1.04524
22712,3,843.095,3,850.746,4,3,1.04503
22713,3,843.095,3,850.746,4,2,1.04483
22714,3,843.095,3,850.746,2,1,1.04462
22715,3,843.095,3,850.746,2,1,1.04441
22716,3,843.095,3,850.746,0,1,1.0442
22717,3,843.095,3,850.746,2,1,1.04399
22718,3,843.095,3,850.746,1,2,1.04378
22719,3,843.095,3,850.746,0,1,1.04357
22720,3,843.095,3,850.746,4,2,1.04336
22721,3,843.095,3,850.746,2,3,1.04315
22722,3,843.095,3,851.063,3,0,1.04295
22723,3,843.095,3,851.063,2,2,1.04274
22724,3,843.095,3,851.063,0,0,1.04253
22725,3,843.095,3,850.746,2,0,1.04232
22726,3,843.095,3,850.746,2,1,1.04211
22727,3,843.095,3,850.746,2,0,1.0419
22728,3,843.095,3,850.746,0,2,1.04169
22729,3,843.095,3,850.746,4,1,1.04149
22730,3,843.095,3,850.746,4,2,1.04128
22731,3,843.095,3,850.746,3,2,1.04107
22732,3,843.095,3,850.746,3,2,1.04086
22733,3,843.095,3,850.837,3,3,1.04065
22734,3,843.095,3,850.837,1,3,1.04045
22735,3,843.095,3,850.837,2,0,1.04024
22736,3,843.095,3,850.837,1,0,1.04003
22737,3,843.095,3,850.837,2,3,1.03982
22738,3,843.095,3,850.746,0,0,1.03961
22739,3,843.095,3,850.746,3,1,1.03941
22740,3,843.095,3,850.746,1,0,1.0392
22741,3,843.095,3,850.746,3,0,1.03899
22742,3,843.095,3,850.746,0,0,1.03878
22743,3,843.095,3,851.063,4,0,1.03857
22744,3,843.095,3,851.298,0,2,1.03837
22745,3,843.095,3,851.298,1,2,1.03816
22746,3,843.095,3,850.982,4,3,1.03795
22747,3,843.095,3,850.577,2,3,1.03774
22748,3,843.095,3,850.577,3,2,1.03754
22749,3,843.095,3,850.577,2,2,1.03733
22750,3,843.095,3,850.577,2,3,1.03712
22751,3,843.095,3,850.577,4,1,1.03691
22752,3,843.095,3,850.577,0,0,1.03671
22753,3,843.095,3,850.577,1,2,1.0365
22754,3,843.095,3,850.577,1,1,1.03629
22755,3,843.095,3,850.813,0,3,1.03608
22756,3,843.095,3,850.813,0,3,1.03588
22757,3,843.095,3,850.813,4,3,1.03567
22758,3,843.095,3,850.577,2,2,1.03546
22759,3,843.095,3,850.577,2,2,1.03526
22760,3,843.095,3,850.813,2,0,1.03505
22761,3,843.095,3,850.813,0,1,1.03484
22762,3,843.095,3,850.813,1,2,1.03463
22763,3,843.095,3,850.577,2,1,1.03443
22764,3,843.095,3,850.577,4,0,1.03422
22765,3,843.095,3,850.577,2,0,1.03401
22766,3,843.095,3,850.577,0,3,1.03381
22767,3,843.095,3,850.577,3,2,1.0336
22768,3,843.095,3,850.577,3,0,1.03339
22769,3,843.095,3,850.577,3,3,1.03319
22770,3,843.095,3,851.976,0,3,1.03298
22771,3,843.095,3,851.976,0,1,1.03277
22772,3,843.095,3,851.976,2,1,1.03257
22773,3,843.095,3,851.976,3,1,1.03236
22774,3,843.095,3,851.976,0,0,1.03215
22775,3,843.095,3,851.976,3,3,1.03195
22776,3,843.095,3,852.443,3,0,1.03174
22777,3,843.095,3,852.443,1,0,1.03154
22778,3,843.095,3,852.443,0,3,1.03133
22779,3,843.095,3,852.443,2,1,1.03112
22780,3,843.095,3,852.443,4,1,1.03092
22781,3,843.095,3,852.443,0,1,1.03071
22782,3,843.095,3,852.443,3,2,1.0305
22783,3,843.095,3,852.443,0,0,1.0303
22784,3,843.095,3,852.443,4,1,1.03009
22785,3,843.095,3,852.679,0,2,1.02989
22786,3,843.095,3,852.679,1,3,1.02968
22787,3,843.095,3,853.044,3,3,1.02947
22788,3,843.095,3,853.044,0,1,1.02927
22789,3,843.095,3,852.443,2,1,1.02906
22790,3,843.095,3,852.443,2,2,1.02886
22791,3,843.095,3,852.443,1,0,1.02865
22792,3,843.095,3,852.443,1,0,1.02844
22793,3,843.095,3,851.976,0,1,1.02824
22794,3,843.095,3,851.976,4,0,1.02803
22795,3,843.095,3,851.976,2,2,1.02783
22796,3,843.095,3,851.976,2,0,1.02762
22797,3,843.095,3,851.976,4,0,1.02742
22798,3,843.095,3,851.976,1,1,1.02721
22799,3,843.095,3,851.976,3,2,1.02701
22800,3,843.095,3,851.976,0,3,1.0268
22801,3,843.095,3,851.976,2,1,1.0266
22802,3,843.095,3,850.577,0,1,1.02639
22803,3,843.095,3,850.577,4,0,1.02618
22804,3,843.095,3,850.577,4,2,1.02598
22805,3,843.095,3,850.577,1,1,1.02577
22806,3,843.095,3,850.577,4,1,1.02557
22807,3,843.095,3,850.577,4,3,1.02536
22808,3,843.095,3,850.577,2,1,1.02516
22809,3,843.095,3,850.577,3,1,1.02495
22810,3,843.095,3,850.577,1,0,1.02475
22811,3,843.095,3,850.577,3,0,1.02454
22812,3,843.095,3,850.577,2,3,1.02434
22813,3,843.095,3,850.577,4,1,1.02413
22814,3,843.095,3,850.577,0,1,1.02393
22815,3,843.095,3,850.577,3,2,1.02372
22816,3,843.095,3,850.577,2,0,1.02352
22817,3,843.095,3,850.577,3,1,1.02332
22818,3,843.095,3,850.577,3,0,1.02311
22819,3,843.095,3,850.577,3,0,1.02291
22820,3,843.095,3,850.577,4,3,1.0227
22821,3,843.095,3,850.577,1,0,1.0225
22822,3,843.095,3,850.577,1,1,1.02229
22823,3,843.095,3,850.577,1,3,1.02209
22824,3,843.095,3,850.577,3,2,1.02188
22825,3,843.095,3,850.577,1,1,1.02168
22826,3,843.095,3,850.577,2,2,1.02147
22827,3,843.095,3,850.687,3,3,1.02127
22828,3,843.095,3,850.687,4,0,1.02107
22829,3,843.095,3,850.687,3,0,1.02086
22830,3,843.095,3,850.687,1,1,1.02066
22831,3,843.095,3,850.687,1,1,1.02045
22832,3,843.095,3,850.687,1,0,1.02025
22833,3,843.095,3,850.687,0,2,1.02005
22834,3,843.095,3,850.687,1,0,1.01984
22835,3,843.095,3,850.687,0,2,1.01964
22836,3,843.095,3,850.687,2,1,1.01943
22837,3,843.095,3,850.687,4,3,1.01923
22838,3,843.095,3,850.687,0,0,1.01903
22839,3,843.095,3,850.687,4,1,1.01882
22840,3,843.095,3,850.577,3,1,1.01862
22841,3,843.095,3,850.577,2,1,1.01841
22842,3,843.095,3,850.577,0,1,1.01821
22843,3,843.095,3,850.577,2,2,1.01801
22844,3,843.095,3,850.577,3,2,1.0178
22845,3,843.095,3,850.577,1,1,1.0176
22846,3,843.095,3,850.577,1,3,1.0174
22847,3,843.095,3,850.577,1,3,1.01719
22848,3,843.095,3,850.893,0,3,1.01699
22849,3,843.095,3,850.893,2,3,1.01679
22850,3,843.095,3,850.893,0,1,1.01658
22851,3,843.095,3,850.893,0,3,1.01638
22852,3,843.095,3,850.893,2,2,1.01618
22853,3,843.095,3,850.893,0,0,1.01597
22854,3,843.095,3,850.893,2,3,1.01577
22855,3,843.095,3,850.813,4,0,1.01557
22856,3,843.095,3,850.813,3,2,1.01536
22857,3,843.095,3,850.813,0,1,1.01516
22858,3,843.095,3,850.813,4,1,1.01496
22859,3,843.095,3,850.813,2,1,1.01475
22860,3,843.095,3,850.813,0,1,1.01455
22861,3,843.095,3,850.813,3,1,1.01435
22862,3,843.095,3,850.813,1,0,1.01415
22863,3,843.095,3,850.813,4,2,1.01394
22864,3,843.095,3,850.813,4,1,1.01374
22865,3,843.095,3,850.813,4,3,1.01354
22866,3,843.095,3,850.813,3,3,1.01333
22867,3,843.095,3,850.577,4,1,1.01313
22868,3,843.095,3,850.577,3,0,1.01293
22869,3,843.095,3,850.577,0,0,1.01273
22870,3,843.095,3,850.577,4,1,1.01252
22871,3,843.095,3,850.577,0,1,1.01232
22872,3,843.095,3,850.577,3,3,1.01212
22873,3,843.095,3,850.577,2,2,1.01192
22874,3,843.095,3,850.577,2,0,1.01171
22875,3,843.095,3,850.577,3,2,1.01151
22876,3,843.095,3,850.577,0,3,1.01131
22877,3,843.095,3,850.577,4,1,1.01111
22878,3,843.095,3,850.577,2,1,1.01091
22879,3,843.095,3,850.577,0,3,1.0107
22880,3,843.095,3,850.577,4,0,1.0105
22881,3,843.095,3,850.577,0,1,1.0103
22882,3,843.095,3,850.577,3,1,1.0101
22883,3,843.095,3,850.577,4,2,1.00989
22884,3,843.095,3,850.577,0,1,1.00969
22885,3,843.095,3,850.577,2,3,1.00949
22886,3,843.095,3,850.577,4,1,1.00929
22887,3,843.095,3,850.577,3,1,1.00909
22888,3,843.095,3,850.577,0,2,1.00889
22889,3,843.095,3,850.577,4,0,1.00868
22890,3,843.095,3,850.577,1,0,1.00848
22891,3,843.095,3,850.893,3,3,1.00828
22892,3,843.095,3,850.893,0,2,1.00808
22893,3,843.095,3,850.893,2,0,1.00788
22894,3,843.095,3,850.893,0,1,1.00768
22895,3,843.095,3,850.893,1,0,1.00747
22896,3,843.095,3,850.893,4,1,1.00727
22897,3,843.095,3,850.893,1,2,1.00707
22898,3,843.095,3,850.893,2,2,1.00687
22899,3,843.095,3,850.893,1,1,1.00667
22900,3,843.095,3,850.893,3,2,1.00647
22901,3,843.095,3,851.129,3,1,1.00627
22902,3,843.095,3,851.129,3,1,1.00606
22903,3,843.095,3,851.129,0,0,1.00586
22904,3,843.095,3,851.129,3,0,1.00566
22905,3,843.095,3,851.129,4,0,1.00546
22906,3,843.095,3,850.893,3,3,1.00526
22907,3,843.095,3,850.893,0,0,1.00506
22908,3,843.095,3,850.893,2,2,1.00486
22909,3,843.095,3,850.893,2,0,1.00466
22910,3,843.095,3,851.063,4,2,1.00446
22911,3,843.095,3,851.063,2,1,1.00425
22912,3,843.095,3,851.063,4,2,1.00405
22913,3,843.095,3,851.063,4,0,1.00385
22914,3,843.095,3,851.063,2,0,1.00365
22915,3,843.095,3,851.063,4,0,1.00345
22916,3,843.095,3,851.063,2,3,1.00325
22917,3,843.095,3,850.893,4,2,1.00305
22918,3,843.095,3,850.893,1,3,1.00285
22919,3,843.095,3,850.893,2,0,1.00265
22920,3,843.095,3,850.893,3,1,1.00245
22921,3,843.095,3,850.893,2,1,1.00225
22922,3,843.095,3,850.893,1,2,1.00205
22923,3,843.095,3,850.893,2,1,1.00185
22924,3,843.095,3,850.893,4,2,1.00165
22925,3,843.095,3,850.893,0,2,1.00145
22926,3,843.095,3,850.893,2,0,1.00125
22927,3,843.095,3,850.893,4,1,1.00105
22928,3,843.095,3,853.23,3,2,1.00085
22929,3,843.095,3,853.23,1,0,1.00065
22930,3,843.095,3,853.23,2,2,1.00045
22931,3,843.095,3,853.23,0,1,1.00025
22932,3,843.095,3,852.913,4,1,1.00005
22933,3,843.095,3,852.913,2,3,0.999845
22934,3,843.095,3,852.913,2,1,0.999645
22935,3,843.095,3,852.913,4,2,0.999445
22936,3,843.095,3,853.082,4,2,0.999245
22937,3,843.095,3,853.082,1,3,0.999045
22938,3,843.095,3,852.913,2,2,0.998846
22939,3,843.095,3,852.913,2,0,0.998646
22940,3,843.095,3,852.913,1,2,0.998446
22941,3,843.095,3,852.913,3,2,0.998246
22942,3,843.095,3,852.913,0,2,0.998047
22943,3,843.095,3,852.913,3,0,0.997847
22944,3,843.095,3,852.913,3,3,0.997648
22945,3,843.095,3,853.082,0,2,0.997448
22946,3,843.095,3,853.082,3,2,0.997249
22947,3,843.095,3,853.082,4,1,0.997049
22948,3,843.095,3,853.082,3,3,0.99685
22949,3,843.095,3,853.082,3,1,0.99665
22950,3,843.095,3,853.082,4,0,0.996451
22951,3,843.095,3,853.082,1,2,0.996252
22952,3,843.095,3,853.082,3,0,0.996052
22953,3,843.095,3,853.082,0,0,0.995853
22954,3,843.095,3,853.082,4,0,0.995654
22955,3,843.095,3,853.082,4,0,0.995455
22956,3,843.095,3,853.082,4,3,0.995256
22957,3,843.095,3,853.082,3,3,0.995057
22958,3,843.095,3,853.399,0,2,0.994858
22959,3,843.095,3,853.635,3,0,0.994659
22960,3,843.095,3,853.635,2,3,0.99446
22961,3,843.095,3,853.399,4,2,0.994261
22962,3,843.095,3,853.399,0,1,0.994062
22963,3,843.095,3,853.399,0,2,0.993863
22964,3,843.095,3,853.23,2,1,0.993665
22965,3,843.095,3,853.23,3,2,0.993466
22966,3,843.095,3,853.23,0,3,0.993267
22967,3,843.095,3,853.23,0,0,0.993069
22968,3,843.095,3,853.23,0,2,0.99287
22969,3,843.095,3,853.23,1,3,0.992671
22970,3,843.095,3,853.23,3,0,0.992473
22971,3,843.095,3,853.23,4,1,0.992274
22972,3,843.095,3,853.23,4,2,0.992076
22973,3,843.095,3,853.23,4,2,0.991877
22974,3,843.095,3,853.23,0,3,0.991679
22975,3,843.095,3,853.23,3,1,0.991481
22976,3,843.095,3,853.23,1,1,0.991282
22977,3,843.095,3,853.23,0,1,0.991084
22978,3,843.095,3,853.23,1,0,0.990886
22979,3,843.095,3,853.23,2,2,0.990688
22980,3,843.095,3,853.23,2,3,0.99049
22981,3,843.095,3,853.23,4,1,0.990292
22982,3,843.095,3,853.23,3,3,0.990093
22983,3,843.095,3,853.23,1,1,0.989895
22984,3,843.095,3,853.23,4,3,0.989697
22985,3,843.095,3,853.23,1,2,0.9895
22986,3,843.095,3,853.23,2,2,0.989302
22987,3,843.095,3,853.23,1,1,0.989104
22988,3,843.095,3,853.23,2,3,0.988906
22989,3,843.095,3,853.23,2,3,0.988708
22990,3,843.095,3,853.23,2,1,0.98851
22991,3,843.095,3,853.23,0,0,0.988313
22992,3,843.095,3,853.341,3,2,0.988115
22993,3,843.095,3,853.341,1,1,0.987917
22994,3,843.095,3,853.341,2,0,0.98772
22995,3,843.095,3,853.341,3,2,0.987522
22996,3,843.095,3,853.341,4,2,0.987325
22997,3,843.095,3,853.576,2,3,0.987127
22998,3,843.095,3,853.576,1,2,0.98693
22999,3,843.095,3,853.576,2,0,0.986733
23000,3,843.095,3,853.466,3,2,0.986535
23001,3,843.095,3,853.466,0,3,0.986338
23002,3,843.095,3,853.23,2,0,0.986141
23003,3,843.095,3,853.23,2,0,0.985943
23004,3,843.095,3,853.23,4,2,0.985746
23005,3,843.095,3,853.23,4,1,0.985549
23006,3,843.095,3,853.23,0,3,0.985352
23007,3,843.095,3,853.23,1,0,0.985155
23008,3,843.095,3,853.23,2,2,0.984958
23009,3,843.095,3,853.23,3,0,0.984761
23010,3,843.095,3,853.23,1,3,0.984564
23011,3,843.095,3,853.23,0,2,0.984367
23012,3,843.095,3,853.23,1,0,0.98417
23013,3,843.095,3,853.321,3,3,0.983973
23014,3,843.095,3,853.321,1,3,0.983776
23015,3,843.095,3,853.321,2,0,0.98358
23016,3,843.095,3,853.321,1,1,0.983383
23017,3,843.095,3,853.923,4,3,0.983186
23018,3,843.095,3,853.923,2,3,0.98299
23019,3,843.095,3,853.321,2,1,0.982793
23020,3,843.095,3,853.024,0,3,0.982597
23021,3,843.095,3,853.024,2,0,0.9824
23022,3,843.095,3,853.024,4,1,0.982204
23023,3,843.095,3,853.024,0,2,0.982007
23024,3,843.095,3,853.024,1,0,0.981811
23025,3,843.095,3,853.024,0,3,0.981614
23026,3,843.095,3,853.024,3,0,0.981418
23027,3,843.095,3,853.024,1,3,0.981222
23028,3,843.095,3,853.024,1,3,0.981025
23029,3,843.095,3,853.024,2,2,0.980829
23030,3,843.095,3,853.024,1,3,0.980633
23031,3,843.095,3,853.024,2,3,0.980437
23032,3,843.095,3,853.024,4,3,0.980241
23033,3,843.095,3,853.024,0,2,0.980045
23034,3,843.095,3,853.024,1,2,0.979849
23035,3,843.095,3,853.024,3,3,0.979653
23036,3,843.095,3,853.024,0,2,0.979457
23037,3,843.095,3,853.024,3,1,0.979261
23038,3,843.095,3,853.024,1,2,0.979065
23039,3,843.095,3,853.024,2,0,0.978869
23040,3,843.095,3,853.024,1,2,0.978674
23041,3,843.095,3,853.024,4,2,0.978478
23042,3,843.095,3,853.26,4,3,0.978282
23043,3,843.095,3,853.626,0,3,0.978087
23044,3,843.095,3,853.626,1,1,0.977891
23045,3,843.095,3,853.626,2,0,0.977695
23046,3,843.095,3,853.626,1,1,0.9775
23047,3,843.095,3,853.626,4,0,0.977304
23048,3,843.095,3,853.626,3,0,0.977109
23049,3,843.095,3,853.626,3,3,0.976913
23050,3,843.095,3,853.024,4,1,0.976718
23051,3,843.095,3,853.024,1,0,0.976523
23052,3,843.095,3,853.024,1,3,0.976327
23053,3,843.095,3,853.024,2,2,0.976132
23054,3,843.095,3,853.024,4,1,0.975937
23055,3,843.095,3,853.024,0,2,0.975742
23056,3,843.095,3,853.024,1,2,0.975547
23057,3,843.095,3,853.024,3,3,0.975351
23058,3,843.095,3,853.024,0,3,0.975156
23059,3,843.095,3,853.024,0,3,0.974961
23060,3,843.095,3,852.913,3,1,0.974766
23061,3,843.095,3,852.913,0,0,0.974571
23062,3,843.095,3,852.913,3,1,0.974376
23063,3,843.095,3,852.913,3,1,0.974182
23064,3,843.095,3,852.913,1,3,0.973987
23065,3,843.095,3,852.913,0,0,0.973792
23066,3,843.095,3,852.913,2,3,0.973597
23067,3,843.095,3,852.913,0,0,0.973402
23068,3,843.095,3,852.913,3,0,0.973208
23069,3,843.095,3,852.913,4,3,0.973013
23070,3,843.095,3,852.913,2,1,0.972819
23071,3,843.095,3,852.913,2,0,0.972624
23072,3,843.095,3,852.913,4,1,0.972429
23073,3,843.095,3,852.913,0,0,0.972235
23074,3,843.095,3,852.913,3,0,0.972041
23075,3,843.095,3,852.913,0,1,0.971846
23076,3,843.095,3,852.913,0,0,0.971652
23077,3,843.095,3,852.913,2,1,0.971457
23078,3,843.095,3,852.913,0,1,0.971263
23079,3,843.095,3,852.913,1,2,0.971069
23080,3,843.095,3,852.913,1,1,0.970875
23081,3,843.095,3,852.913,2,2,0.970681
23082,3,843.095,3,852.913,4,1,0.970486
23083,3,843.095,3,852.913,4,1,0.970292
23084,3,843.095,3,852.913,0,2,0.970098
23085,3,843.095,3,852.913,0,3,0.969904
23086,3,843.095,3,852.913,0,3,0.96971
23087,3,843.095,3,852.913,4,2,0.969516
23088,3,843.095,3,852.913,0,1,0.969322
23089,3,843.095,3,852.913,0,3,0.969129
23090,3,843.095,3,852.913,2,0,0.968935
23091,3,843.095,3,852.913,0,0,0.968741
23092,3,843.095,3,852.913,3,3,0.968547
23093,3,843.095,3,852.913,3,1,0.968353
23094,3,843.095,3,852.913,1,2,0.96816
23095,3,843.095,3,852.913,3,1,0.967966
23096,3,843.095,3,852.913,2,3,0.967773
23097,3,843.095,3,852.913,0,3,0.967579
23098,3,843.095,3,852.913,0,2,0.967385
23099,3,843.095,3,852.913,0,1,0.967192
23100,3,843.095,3,852.913,4,1,0.966999
23101,3,843.095,3,852.913,4,1,0.966805
23102,3,843.095,3,852.913,3,1,0.966612
23103,3,843.095,3,852.913,4,2,0.966418
23104,3,843.095,3,852.913,2,1,0.966225
23105,3,843.095,3,852.913,3,1,0.966032
23106,3,843.095,3,852.913,4,0,0.965839
23107,3,843.095,3,853.149,0,1,0.965646
23108,3,843.095,3,853.149,4,3,0.965452
23109,3,843.095,3,852.913,0,1,0.965259
23110,3,843.095,3,852.913,2,3,0.965066
23111,3,843.095,3,852.913,2,3,0.964873
23112,3,843.095,3,852.913,2,3,0.96468
23113,3,843.095,3,852.913,1,3,0.964487
23114,3,843.095,3,852.913,0,2,0.964294
23115,3,843.095,3,852.913,3,2,0.964102
23116,3,843.095,3,852.913,1,3,0.963909
23117,3,843.095,3,852.913,3,2,0.963716
23118,3,843.095,3,852.913,1,2,0.963523
23119,3,843.095,3,852.913,4,2,0.963331
23120,3,843.095,3,852.913,1,2,0.963138
23121,3,843.095,3,852.913,3,0,0.962945
23122,3,843.095,3,852.913,1,2,0.962753
23123,3,843.095,3,852.913,1,1,0.96256
23124,3,843.095,3,852.913,4,0,0.962368
23125,3,843.095,3,852.913,3,3,0.962175
23126,3,843.095,3,852.913,1,1,0.961983
23127,3,843.095,3,852.913,0,3,0.96179
23128,3,843.095,3,852.913,2,2,0.961598
23129,3,843.095,3,852.913,1,0,0.961406
23130,3,843.095,3,852.913,1,3,0.961213
23131,3,843.095,3,853.149,3,3,0.961021
23132,3,843.095,3,853.149,3,1,0.960829
23133,3,843.095,3,853.149,4,2,0.960637
23134,3,843.095,3,853.149,3,1,0.960445
23135,3,843.095,3,853.149,2,2,0.960253
23136,3,843.095,3,852.913,0,0,0.96006
23137,3,843.095,3,852.913,0,2,0.959868
23138,3,843.095,3,852.913,0,2,0.959676
23139,3,843.095,3,852.913,1,1,0.959485
23140,3,843.095,3,854.423,3,2,0.959293
23141,3,843.095,3,853.024,3,1,0.959101
23142,3,843.095,3,852.913,2,1,0.958909
23143,3,843.095,3,852.913,0,2,0.958717
23144,3,843.095,3,852.913,1,2,0.958525
23145,3,843.095,3,852.913,4,3,0.958334
23146,3,843.095,3,852.913,3,0,0.958142
23147,3,843.095,3,852.913,2,2,0.95795
23148,3,843.095,3,852.913,1,2,0.957759
23149,3,843.095,3,852.913,4,1,0.957567
23150,3,843.095,3,852.913,1,0,0.957376
23151,3,843.095,3,852.913,2,1,0.957184
23152,3,843.095,3,852.913,2,2,0.956993
23153,3,843.095,3,852.913,1,0,0.956801
23154,3,843.095,3,852.913,0,0,0.95661
23155,3,843.095,3,852.913,2,1,0.956419
23156,3,843.095,3,852.913,0,0,0.956228
23157,3,843.095,3,852.913,2,1,0.956036
23158,3,843.095,3,852.913,4,2,0.955845
23159,3,843.095,3,852.913,2,1,0.955654
23160,3,843.095,3,852.913,0,3,0.955463
23161,3,843.095,3,852.913,3,0,0.955272
23162,3,843.095,3,852.913,2,1,0.955081
23163,3,843.095,3,852.913,2,2,0.95489
23164,3,843.095,3,852.913,4,1,0.954699
23165,3,843.095,3,852.913,1,0,0.954508
23166,3,843.095,3,852.913,3,1,0.954317
23167,3,843.095,3,852.913,0,1,0.954126
23168,3,843.095,3,852.913,4,3,0.953935
23169,3,843.095,3,852.913,3,0,0.953744
23170,3,843.095,3,852.913,4,3,0.953554
23171,3,843.095,3,852.913,3,0,0.953363
23172,3,843.095,3,852.913,4,3,0.953172
23173,3,843.095,3,852.913,1,3,0.952982
23174,3,843.095,3,852.913,4,1,0.952791
23175,3,843.095,3,852.913,0,2,0.9526
23176,3,843.095,3,852.913,1,2,0.95241
23177,3,843.095,3,852.913,3,3,0.952219
23178,3,843.095,3,852.913,1,2,0.952029
23179,3,843.095,3,852.913,2,1,0.951839
23180,3,843.095,3,852.913,1,1,0.951648
23181,3,843.095,3,852.913,4,3,0.951458
23182,3,843.095,3,852.913,3,2,0.951268
23183,3,843.095,3,852.913,2,2,0.951077
23184,3,843.095,3,852.913,2,1,0.950887
23185,3,843.095,3,852.913,4,1,0.950697
23186,3,843.095,3,852.913,3,0,0.950507
23187,3,843.095,3,852.913,1,2,0.950317
23188,3,843.095,3,852.913,0,1,0.950127
23189,3,843.095,3,852.913,4,1,0.949937
23190,3,843.095,3,852.913,4,2,0.949747
23191,3,843.095,3,852.913,4,3,0.949557
23192,3,843.095,3,852.913,0,3,0.949367
23193,3,843.095,3,852.913,1,2,0.949177
23194,3,843.095,3,852.913,2,1,0.948987
23195,3,843.095,3,852.913,1,2,0.948797
23196,3,843.095,3,852.913,4,1,0.948607
23197,3,843.095,3,852.913,1,0,0.948418
23198,3,843.095,3,852.913,1,1,0.948228
23199,3,843.095,3,852.913,2,0,0.948038
23200,3,843.095,3,852.913,1,0,0.947849
23201,3,843.095,3,852.913,4,3,0.947659
23202,3,843.095,3,852.913,2,0,0.94747
23203,3,843.095,3,852.913,3,3,0.94728
23204,3,843.095,3,852.913,4,0,0.947091
23205,3,843.095,3,852.913,0,1,0.946901
23206,3,843.095,3,853.399,0,2,0.946712
23207,3,843.095,3,853.399,3,2,0.946523
23208,3,843.095,3,853.399,1,1,0.946333
23209,3,843.095,3,853.399,3,3,0.946144
23210,3,843.095,3,853.399,0,0,0.945955
23211,3,843.095,3,853.399,0,0,0.945766
23212,3,843.095,3,853.399,4,1,0.945576
23213,3,843.095,3,853.399,4,2,0.945387
23214,3,843.095,3,853.399,0,2,0.945198
23215,3,843.095,3,853.399,2,3,0.945009
23216,3,843.095,3,853.399,3,1,0.94482
23217,3,843.095,3,853.635,2,3,0.944631
23218,3,843.095,3,853.635,0,2,0.944442
23219,3,843.095,3,853.399,0,1,0.944253
23220,3,843.095,3,853.399,4,2,0.944065
23221,3,843.095,3,853.399,0,3,0.943876
23222,3,843.095,3,853.399,4,0,0.943687
23223,3,843.095,3,853.399,4,2,0.943498
23224,3,843.095,3,853.399,1,1,0.94331
23225,3,843.095,3,853.399,3,2,0.943121
23226,3,843.095,3,853.082,0,0,0.942932
23227,3,843.095,3,853.082,2,3,0.942744
23228,3,843.095,3,853.082,4,0,0.942555
23229,3,843.095,3,853.082,4,3,0.942367
23230,3,843.095,3,853.082,1,1,0.942178
23231,3,843.095,3,853.082,4,3,0.94199
23232,3,843.095,3,852.913,2,2,0.941801
23233,3,843.095,3,852.913,4,3,0.941613
23234,3,843.095,3,852.913,4,1,0.941425
23235,3,843.095,3,852.913,1,2,0.941236
23236,3,843.095,3,852.913,1,2,0.941048
23237,3,843.095,3,852.913,3,3,0.94086
23238,3,843.095,3,852.913,0,1,0.940672
23239,3,843.095,3,852.913,1,1,0.940484
23240,3,843.095,3,852.913,3,0,0.940296
23241,3,843.095,3,852.913,2,0,0.940107
23242,3,843.095,3,852.913,3,1,0.939919
23243,3,843.095,3,852.913,4,0,0.939731
23244,3,843.095,3,852.913,4,2,0.939544
23245,3,843.095,3,852.913,3,1,0.939356
23246,3,843.095,3,852.913,0,2,0.939168
23247,3,843.095,3,852.913,3,3,0.93898
23248,3,843.095,3,852.913,1,0,0.938792
23249,3,843.095,3,852.913,0,3,0.938604
23250,3,843.095,3,852.913,4,2,0.938417
23251,3,843.095,3,852.913,2,1,0.938229
23252,3,843.095,3,852.913,4,1,0.938041
23253,3,843.095,3,852.913,4,1,0.937854
23254,3,843.095,3,852.913,1,3,0.937666
23255,3,843.095,3,852.913,3,1,0.937479
23256,3,843.095,3,853.149,2,0,0.937291
23257,3,843.095,3,853.26,3,3,0.937104
23258,3,843.095,3,853.26,0,2,0.936916
23259,3,843.095,3,853.26,3,2,0.936729
23260,3,843.095,3,853.26,4,2,0.936541
23261,3,843.095,3,853.26,4,2,0.936354
23262,3,843.095,3,853.26,1,1,0.936167
23263,3,843.095,3,853.26,4,3,0.93598
23264,3,843.095,3,854.659,3,0,0.935792
23265,3,843.095,3,854.659,0,2,0.935605
23266,3,843.095,3,854.659,2,2,0.935418
23267,3,843.095,3,854.659,0,2,0.935231
23268,3,843.095,3,854.659,3,1,0.935044
23269,3,843.095,3,854.659,1,0,0.934857
23270,3,843.095,3,854.659,1,2,0.93467
23271,3,843.095,3,854.659,1,1,0.934483
23272,3,843.095,3,854.659,0,3,0.934296
23273,3,843.095,3,854.659,4,1,0.934109
23274,3,843.095,3,853.26,4,2,0.933923
23275,3,843.095,3,853.193,4,2,0.933736
23276,3,843.095,3,853.193,3,3,0.933549
23277,3,843.095,3,853.193,1,2,0.933362
23278,3,843.095,3,853.193,3,3,0.933176
23279,3,843.095,3,853.193,2,0,0.932989
23280,3,843.095,3,853.193,2,3,0.932802
23281,3,843.095,3,853.193,1,1,0.932616
23282,3,843.095,3,853.193,2,3,0.932429
23283,3,843.095,3,852.913,3,1,0.932243
23284,3,843.095,3,852.913,4,1,0.932056
23285,3,843.095,3,852.913,4,2,0.93187
23286,3,843.095,3,852.913,1,0,0.931684
23287,3,843.095,3,852.913,0,2,0.931497
23288,3,843.095,3,853.024,0,3,0.931311
23289,3,843.095,3,853.024,3,2,0.931125
23290,3,843.095,3,852.913,2,1,0.930938
23291,3,843.095,3,852.913,4,1,0.930752
23292,3,843.095,3,852.913,1,1,0.930566
23293,3,843.095,3,852.913,4,1,0.93038
23294,3,843.095,3,852.913,4,1,0.930194
23295,3,843.095,3,852.913,2,1,0.930008
23296,3,843.095,3,852.913,4,0,0.929822
23297,3,843.095,3,852.913,2,2,0.929636
23298,3,843.095,3,852.913,3,1,0.92945
23299,3,843.095,3,852.913,1,2,0.929264
23300,3,843.095,3,852.913,3,3,0.929078
23301,3,843.095,3,852.913,0,0,0.928892
23302,3,843.095,3,852.913,0,1,0.928707
23303,3,843.095,3,852.913,1,1,0.928521
23304,3,843.095,3,852.913,1,0,0.928335
23305,3,843.095,3,852.913,0,2,0.92815
23306,3,843.095,3,852.913,0,0,0.927964
23307,3,843.095,3,852.913,2,0,0.927778
23308,3,843.095,3,852.913,4,3,0.927593
23309,3,843.095,3,852.913,1,3,0.927407
23310,3,843.095,3,852.913,2,3,0.927222
23311,3,843.095,3,852.913,3,3,0.927036
23312,3,843.095,3,852.913,1,0,0.926851
23313,3,843.095,3,852.913,4,1,0.926666
23314,3,843.095,3,852.913,1,0,0.92648
23315,3,843.095,3,852.913,3,2,0.926295
23316,3,843.095,3,852.913,0,3,0.92611
23317,3,843.095,3,852.913,4,2,0.925924
23318,3,843.095,3,852.913,3,2,0.925739
23319,3,843.095,3,852.913,1,2,0.925554
23320,3,843.095,3,852.913,3,1,0.925369
23321,3,843.095,3,852.913,3,3,0.925184
23322,3,843.095,3,852.913,2,1,0.924999
23323,3,843.095,3,852.913,0,3,0.924814
23324,3,843.095,3,852.913,1,0,0.924629
23325,3,843.095,3,852.913,1,2,0.924444
23326,3,843.095,3,852.913,1,2,0.924259
23327,3,843.095,3,852.913,3,3,0.924074
23328,3,843.095,3,852.913,4,0,0.923889
23329,3,843.095,3,852.913,1,2,0.923705
23330,3,843.095,3,852.913,1,0,0.92352
23331,3,843.095,3,852.913,4,3,0.923335
23332,3,843.095,3,852.913,4,0,0.923151
23333,3,843.095,3,852.913,4,1,0.922966
23334,3,843.095,3,852.913,0,0,0.922781
23335,3,843.095,3,852.913,3,2,0.922597
23336,3,843.095,3,852.913,2,0,0.922412
23337,3,843.095,3,852.913,2,2,0.922228
23338,3,843.095,3,853.149,4,3,0.922043
23339,3,843.095,3,853.149,1,1,0.921859
23340,3,843.095,3,853.149,4,2,0.921675
23341,3,843.095,3,853.149,2,3,0.92149
23342,3,843.095,3,853.149,2,1,0.921306
23343,3,843.095,3,853.149,4,0,0.921122
23344,3,843.095,3,853.149,4,1,0.920937
23345,3,843.095,3,852.913,2,0,0.920753
23346,3,843.095,3,852.913,0,2,0.920569
23347,3,843.095,3,852.913,4,2,0.920385
23348,3,843.095,3,852.913,2,0,0.920201
23349,3,843.095,3,852.913,2,0,0.920017
23350,3,843.095,3,852.913,1,0,0.919833
23351,3,843.095,3,852.913,4,2,0.919649
23352,3,843.095,3,852.913,1,2,0.919465
23353,3,843.095,3,852.913,0,1,0.919281
23354,3,843.095,3,852.913,4,0,0.919097
23355,3,843.095,3,852.913,2,1,0.918913
23356,3,843.095,3,852.913,3,2,0.91873
23357,3,843.095,3,852.913,3,0,0.918546
23358,3,843.095,3,852.913,0,2,0.918362
23359,3,843.095,3,852.913,0,3,0.918179
23360,3,843.095,3,852.913,1,3,0.917995
23361,3,843.095,3,853.005,3,3,0.917811
23362,3,843.095,3,853.005,3,2,0.917628
23363,3,843.095,3,853.005,0,2,0.917444
23364,3,843.095,3,853.005,2,2,0.917261
23365,3,843.095,3,853.005,1,1,0.917077
23366,3,843.095,3,853.005,1,3,0.916894
23367,3,843.095,3,853.005,4,0,0.91671
23368,3,843.095,3,853.005,2,1,0.916527
23369,3,843.095,3,853.005,0,1,0.916344
23370,3,843.095,3,853.005,0,0,0.916161
23371,3,843.095,3,853.005,0,2,0.915977
23372,3,843.095,3,853.005,4,1,0.915794
23373,3,843.095,3,853.005,1,1,0.915611
23374,3,843.095,3,853.005,1,0,0.915428
23375,3,843.095,3,853.005,1,0,0.915245
23376,3,843.095,3,853.005,2,1,0.915062
23377,3,843.095,3,853.005,3,3,0.914879
23378,3,843.095,3,853.005,4,1,0.914696
23379,3,843.095,3,853.005,4,3,0.914513
23380,3,843.095,3,853.321,3,3,0.91433
23381,3,843.095,3,853.005,3,1,0.914147
23382,3,843.095,3,853.241,3,0,0.913964
23383,3,843.095,3,853.241,3,2,0.913781
23384,3,843.095,3,853.241,4,0,0.913599
23385,3,843.095,3,853.241,1,3,0.913416
23386,3,843.095,3,853.241,4,0,0.913233
23387,3,843.095,3,853.005,0,2,0.913051
23388,3,843.095,3,853.005,3,3,0.912868
23389,3,843.095,3,853.005,0,1,0.912685
23390,3,843.095,3,853.005,2,1,0.912503
23391,3,843.095,3,852.913,2,1,0.91232
23392,3,843.095,3,853.005,0,3,0.912138
23393,3,843.095,3,853.005,1,3,0.911955
23394,3,843.095,3,853.005,2,3,0.911773
23395,3,843.095,3,853.005,1,1,0.911591
23396,3,843.095,3,853.005,4,3,0.911408
23397,3,843.095,3,852.913,4,1,0.911226
23398,3,843.095,3,852.913,2,2,0.911044
23399,3,843.095,3,853.082,4,3,0.910862
23400,3,843.095,3,853.082,0,3,0.910679
23401,3,843.095,3,853.082,1,0,0.910497
23402,3,843.095,3,853.082,4,0,0.910315
23403,3,843.095,3,853.082,4,3,0.910133
23404,3,843.095,3,853.082,0,1,0.909951
23405,3,843.095,3,853.082,3,1,0.909769
23406,3,843.095,3,853.082,3,2,0.909587
23407,3,843.095,3,853.082,1,2,0.909405
23408,3,843.095,3,853.082,0,3,0.909223
23409,3,843.095,3,853.082,3,1,0.909042
23410,3,843.095,3,853.082,0,1,0.90886
23411,3,843.095,3,853.082,0,3,0.908678
23412,3,843.095,3,853.082,0,1,0.908496
23413,3,843.095,3,852.913,4,1,0.908315
23414,3,843.095,3,852.913,2,3,0.908133
23415,3,843.095,3,852.913,0,1,0.907951
23416,3,843.095,3,852.913,3,0,0.90777
23417,3,843.095,3,852.913,1,1,0.907588
23418,3,843.095,3,852.913,2,0,0.907407
23419,3,843.095,3,852.913,4,2,0.907225
23420,3,843.095,3,852.913,0,2,0.907044
23421,3,843.095,3,852.913,1,0,0.906862
23422,3,843.095,3,853.23,3,0,0.906681
23423,3,843.095,3,853.23,0,1,0.9065
23424,3,843.095,3,855.947,2,3,0.906318
23425,3,843.095,3,853.321,2,2,0.906137
23426,3,843.095,3,853.321,2,3,0.905956
23427,3,843.095,3,853.321,0,0,0.905775
23428,3,843.095,3,853.23,2,1,0.905593
23429,3,843.095,3,853.23,4,3,0.905412
23430,3,843.095,3,853.466,2,0,0.905231
23431,3,843.095,3,853.466,3,1,0.90505
23432,3,843.095,3,853.852,4,3,0.904869
23433,3,843.095,3,853.852,2,0,0.904688
23434,3,843.095,3,853.852,4,0,0.904507
23435,3,843.095,3,853.852,2,3,0.904326
23436,3,843.095,3,853.852,1,2,0.904145
23437,3,843.095,3,853.852,1,3,0.903965
23438,3,843.095,3,853.616,4,1,0.903784
23439,3,843.095,3,853.616,2,0,0.903603
23440,3,843.095,3,853.23,2,1,0.903422
23441,3,843.095,3,853.23,1,1,0.903242
23442,3,843.095,3,853.23,0,0,0.903061
23443,3,843.095,3,853.23,1,3,0.90288
23444,3,843.095,3,854.421,4,2,0.9027
23445,3,843.095,3,854.421,1,3,0.902519
23446,3,843.095,3,854.421,1,2,0.902339
23447,3,843.095,3,854.421,3,3,0.902158
23448,3,843.095,3,854.104,4,3,0.901978
23449,3,843.095,3,854.104,2,3,0.901798
23450,3,843.095,3,854.104,0,2,0.901617
23451,3,843.095,3,854.104,1,0,0.901437
23452,3,843.095,3,854.104,2,1,0.901257
23453,3,843.095,3,854.104,2,2,0.901076
23454,3,843.095,3,854.104,4,1,0.900896
23455,3,843.095,3,854.104,2,2,0.900716
23456,3,843.095,3,854.104,0,2,0.900536
23457,3,843.095,3,854.104,4,0,0.900356
23458,3,843.095,3,854.509,0,3,0.900176
23459,3,843.095,3,854.509,1,3,0.899996
23460,3,843.095,3,854.509,0,0,0.899816
23461,3,843.095,3,854.273,4,1,0.899636
23462,3,843.095,3,854.273,4,1,0.899456
23463,3,843.095,3,854.273,4,0,0.899276
23464,3,843.095,3,854.273,3,0,0.899096
23465,3,843.095,3,854.273,2,1,0.898916
23466,3,843.095,3,854.273,0,2,0.898736
23467,3,843.095,3,854.273,1,3,0.898557
23468,3,843.095,3,854.273,0,1,0.898377
23469,3,843.095,3,854.273,4,0,0.898197
23470,3,843.095,3,854.273,0,1,0.898018
23471,3,843.095,3,854.273,2,1,0.897838
23472,3,843.095,3,854.104,4,0,0.897658
23473,3,843.095,3,854.104,1,2,0.897479
23474,3,843.095,3,854.104,3,0,0.897299
23475,3,843.095,3,854.104,4,2,0.89712
23476,3,843.095,3,854.104,4,2,0.89694
23477,3,843.095,3,854.104,0,2,0.896761
23478,3,843.095,3,854.104,2,3,0.896582
23479,3,843.095,3,854.104,4,3,0.896402
23480,3,843.095,3,854.104,3,1,0.896223
23481,3,843.095,3,854.104,3,0,0.896044
23482,3,843.095,3,854.104,0,3,0.895865
23483,3,843.095,3,854.104,2,0,0.895685
23484,3,843.095,3,854.104,1,2,0.895506
23485,3,843.095,3,854.104,3,2,0.895327
23486,3,843.095,3,854.104,0,3,0.895148
23487,3,843.095,3,854.104,0,3,0.894969
23488,3,843.095,3,854.421,4,0,0.89479
23489,3,843.095,3,854.421,0,3,0.894611
23490,3,843.095,3,854.421,3,3,0.894432
23491,3,843.095,3,854.421,4,1,0.894253
23492,3,843.095,3,854.421,0,1,0.894075
23493,3,843.095,3,854.421,3,3,0.893896
23494,3,843.095,3,854.421,3,0,0.893717
23495,3,843.095,3,854.421,0,3,0.893538
23496,3,843.095,3,854.421,4,1,0.89336
23497,3,843.095,3,854.421,0,0,0.893181
23498,3,843.095,3,854.421,4,2,0.893002
23499,3,843.095,3,854.421,0,2,0.892824
23500,3,843.095,3,854.421,2,3,0.892645
23501,3,843.095,3,854.421,3,2,0.892467
23502,3,843.095,3,854.421,2,3,0.892288
23503,3,843.095,3,854.421,2,1,0.89211
23504,3,843.095,3,854.421,1,3,0.891931
23505,3,843.095,3,854.421,1,2,0.891753
23506,3,843.095,3,854.421,4,2,0.891574
23507,3,843.095,3,854.421,4,1,0.891396
23508,3,843.095,3,854.421,2,0,0.891218
23509,3,843.095,3,854.421,0,2,0.89104
23510,3,843.095,3,854.421,0,3,0.890861
23511,3,843.095,3,854.421,4,3,0.890683
23512,3,843.095,3,854.421,1,2,0.890505
23513,3,843.095,3,854.421,3,1,0.890327
23514,3,843.095,3,854.421,3,3,0.890149
23515,3,843.095,3,854.657,4,0,0.889971
23516,3,843.095,3,854.657,0,1,0.889793
23517,3,843.095,3,854.657,1,2,0.889615
23518,3,843.095,3,854.273,4,3,0.889437
23519,3,843.095,3,854.104,4,1,0.889259
23520,3,843.095,3,854.104,1,2,0.889081
23521,3,843.095,3,854.196,3,3,0.888903
23522,3,843.095,3,854.196,4,1,0.888726
23523,3,843.095,3,854.104,0,0,0.888548
23524,3,843.095,3,854.104,4,2,0.88837
23525,3,843.095,3,854.104,3,2,0.888193
23526,3,843.095,3,854.104,0,1,0.888015
23527,3,843.095,3,854.104,4,1,0.887837
23528,3,843.095,3,854.104,2,0,0.88766
23529,3,843.095,3,854.104,1,1,0.887482
23530,3,843.095,3,854.104,0,0,0.887305
23531,3,843.095,3,854.104,2,2,0.887127
23532,3,843.095,3,854.104,0,3,0.88695
23533,3,843.095,3,854.104,1,0,0.886772
23534,3,843.095,3,854.104,4,3,0.886595
23535,3,843.095,3,854.104,4,1,0.886418
23536,3,843.095,3,854.104,2,2,0.88624
23537,3,843.095,3,854.104,0,2,0.886063
23538,3,843.095,3,854.104,0,1,0.885886
23539,3,843.095,3,854.104,2,2,0.885709
23540,3,843.095,3,854.104,4,0,0.885532
23541,3,843.095,3,854.104,4,1,0.885355
23542,3,843.095,3,854.104,3,0,0.885177
23543,3,843.095,3,854.104,1,2,0.885
23544,3,843.095,3,854.104,2,1,0.884823
23545,3,843.095,3,854.34,3,1,0.884646
23546,3,843.095,3,854.34,3,0,0.88447
23547,3,843.095,3,854.34,1,1,0.884293
23548,3,843.095,3,854.34,0,2,0.884116
23549,3,843.095,3,854.34,0,1,0.883939
23550,3,843.095,3,854.34,2,0,0.883762
23551,3,843.095,3,854.104,2,2,0.883585
23552,3,843.095,3,854.104,3,2,0.883409
23553,3,843.095,3,854.104,1,0,0.883232
23554,3,843.095,3,854.421,4,2,0.883055
23555,3,843.095,3,854.421,0,1,0.882879
23556,3,843.095,3,854.421,1,2,0.882702
23557,3,843.095,3,854.421,4,3,0.882526
23558,3,843.095,3,854.421,0,2,0.882349
23559,3,843.095,3,854.104,2,1,0.882173
23560,3,843.095,3,854.104,2,3,0.881996
23561,3,843.095,3,854.104,2,1,0.88182
23562,3,843.095,3,854.104,4,0,0.881643
23563,3,843.095,3,854.104,3,2,0.881467
23564,3,843.095,3,854.104,0,3,0.881291
23565,3,843.095,3,854.104,3,2,0.881115
23566,3,843.095,3,854.104,1,2,0.880938
23567,3,843.095,3,854.104,4,3,0.880762
23568,3,843.095,3,854.104,2,1,0.880586
23569,3,843.095,3,854.104,0,3,0.88041
23570,3,843.095,3,854.215,4,3,0.880234
23571,3,843.095,3,854.104,3,1,0.880058
23572,3,843.095,3,854.34,4,1,0.879882
23573,3,843.095,3,854.34,3,3,0.879706
23574,3,843.095,3,854.509,4,2,0.87953
23575,3,843.095,3,854.509,4,0,0.879354
23576,3,843.095,3,854.509,3,2,0.879178
23577,3,843.095,3,854.509,2,0,0.879002
23578,3,843.095,3,854.509,3,3,0.878826
23579,3,843.095,3,854.509,4,1,0.878651
23580,3,843.095,3,854.509,0,2,0.878475
23581,3,843.095,3,854.509,1,2,0.878299
23582,3,843.095,3,854.509,1,0,0.878124
23583,3,843.095,3,854.273,2,1,0.877948
23584,3,843.095,3,854.706,0,3,0.877772
23585,3,843.095,3,854.706,1,3,0.877597
23586,3,843.095,3,854.706,0,0,0.877421
23587,3,843.095,3,854.706,4,1,0.877246
23588,3,843.095,3,854.104,2,0,0.87707
23589,3,843.095,3,854.104,1,2,0.876895
23590,3,843.095,3,854.104,0,2,0.87672
23591,3,843.095,3,854.104,3,0,0.876544
23592,3,843.095,3,854.421,4,0,0.876369
23593,3,843.095,3,854.421,0,0,0.876194
23594,3,843.095,3,854.421,0,3,0.876018
23595,3,843.095,3,854.421,3,2,0.875843
23596,3,843.095,3,854.34,4,2,0.875668
23597,3,843.095,3,854.34,2,3,0.875493
23598,3,843.095,3,854.365,2,3,0.875318
23599,3,843.095,3,854.196,0,2,0.875143
23600,3,843.095,3,854.196,0,2,0.874968
23601,3,843.095,3,854.104,0,0,0.874793
23602,3,843.095,3,854.104,3,3,0.874618
23603,3,843.095,3,854.104,4,3,0.874443
23604,3,843.095,3,854.104,4,2,0.874268
23605,3,843.095,3,854.104,0,1,0.874093
23606,3,843.095,3,854.215,2,3,0.873918
23607,3,843.095,3,854.215,2,0,0.873744
23608,3,843.095,3,854.215,0,2,0.873569
23609,3,843.095,3,854.104,2,0,0.873394
23610,3,843.095,3,854.104,1,1,0.873219
23611,3,843.095,3,854.104,1,0,0.873045
23612,3,843.095,3,854.104,0,0,0.87287
23613,3,843.095,3,854.104,4,3,0.872696
23614,3,843.095,3,854.104,3,3,0.872521
23615,3,843.095,3,854.104,0,2,0.872346
23616,3,843.095,3,854.104,4,0,0.872172
23617,3,843.095,3,854.104,2,3,0.871998
23618,3,843.095,3,854.104,3,1,0.871823
23619,3,843.095,3,854.104,3,3,0.871649
23620,3,843.095,3,854.104,3,0,0.871474
23621,3,843.095,3,854.104,2,3,0.8713
23622,3,843.095,3,854.104,2,3,0.871126
23623,3,843.095,3,854.104,1,1,0.870952
23624,3,843.095,3,854.104,4,3,0.870778
23625,3,843.095,3,854.104,4,0,0.870603
23626,3,843.095,3,854.104,1,2,0.870429
23627,3,843.095,3,854.432,4,3,0.870255
23628,3,843.095,3,852.095,3,1,0.870081
23629,3,843.095,3,852.095,0,1,0.869907
23630,3,843.095,3,852.095,3,2,0.869733
23631,3,843.095,3,852.095,3,2,0.869559
23632,3,843.095,3,852.095,1,2,0.869385
23633,3,843.095,3,852.095,2,0,0.869211
23634,3,843.095,3,852.095,1,2,0.869038
23635,3,843.095,3,852.095,4,0,0.868864
23636,3,843.095,3,851.859,2,2,0.86869
23637,3,843.095,3,852.095,4,3,0.868516
23638,3,843.095,3,852.095,4,1,0.868343
23639,3,843.095,3,852.095,0,0,0.868169
23640,3,843.095,3,852.095,1,2,0.867995
23641,3,843.095,3,852.461,2,3,0.867822
23642,3,843.095,3,852.905,3,0,0.867648
23643,3,843.095,3,852.303,2,0,0.867475
23644,3,843.095,3,852.303,4,2,0.867301
23645,3,843.095,3,852.303,1,2,0.867128
23646,3,843.095,3,852.212,0,2,0.866954
23647,3,843.095,3,852.212,3,2,0.866781
23648,3,843.095,3,852.448,2,3,0.866607
23649,3,843.095,3,852.448,1,0,0.866434
23650,3,843.095,3,852.448,2,0,0.866261
23651,3,843.095,3,852.448,1,1,0.866088
23652,3,843.095,3,852.212,0,1,0.865914
23653,3,843.095,3,852.212,4,2,0.865741
23654,3,843.095,3,852.212,2,1,0.865568
23655,3,843.095,3,852.212,0,2,0.865395
23656,3,843.095,3,852.212,0,0,0.865222
23657,3,843.095,3,852.212,2,3,0.865049
23658,3,843.095,3,852.212,3,0,0.864876
23659,3,843.095,3,852.212,2,2,0.864703
23660,3,843.095,3,852.212,4,1,0.86453
23661,3,843.095,3,852.212,3,0,0.864357
23662,3,843.095,3,852.212,1,3,0.864184
23663,3,843.095,3,852.212,2,1,0.864011
23664,3,843.095,3,852.212,1,1,0.863838
23665,3,843.095,3,852.212,2,2,0.863666
23666,3,843.095,3,852.212,1,0,0.863493
23667,3,843.095,3,852.212,4,1,0.86332
23668,3,843.095,3,852.212,0,3,0.863148
23669,3,843.095,3,852.212,2,2,0.862975
23670,3,843.095,3,852.212,1,0,0.862802
23671,3,843.095,3,852.212,0,0,0.86263
23672,3,843.095,3,852.212,2,2,0.862457
23673,3,843.095,3,852.212,1,0,0.862285
23674,3,843.095,3,852.212,4,1,0.862112
23675,3,843.095,3,852.212,4,1,0.86194
23676,3,843.095,3,852.212,3,0,0.861767
23677,3,843.095,3,852.212,2,3,0.861595
23678,3,843.095,3,852.212,1,0,0.861423
23679,3,843.095,3,852.212,1,2,0.861251
23680,3,843.095,3,852.212,4,3,0.861078
23681,3,843.095,3,852.212,2,1,0.860906
23682,3,843.095,3,852.212,2,3,0.860734
23683,3,843.095,3,852.212,4,3,0.860562
23684,3,843.095,3,852.212,2,0,0.86039
23685,3,843.095,3,852.212,3,1,0.860218
23686,3,843.095,3,852.212,4,0,0.860045
23687,3,843.095,3,852.212,1,1,0.859873
23688,3,843.095,3,852.212,0,3,0.859702
23689,3,843.095,3,852.212,3,2,0.85953
23690,3,843.095,3,852.212,1,3,0.859358
23691,3,843.095,3,852.212,2,3,0.859186
23692,3,843.095,3,852.212,1,1,0.859014
23693,3,843.095,3,852.212,4,1,0.858842
23694,3,843.095,3,852.212,4,3,0.85867
23695,3,843.095,3,852.212,4,1,0.858499
23696,3,843.095,3,852.212,3,1,0.858327
23697,3,843.095,3,852.212,2,3,0.858155
23698,3,843.095,3,852.212,0,2,0.857984
23699,3,843.095,3,852.212,3,3,0.857812
23700,3,843.095,3,852.212,3,0,0.85764
23701,3,843.095,3,852.212,4,2,0.857469
23702,3,843.095,3,852.212,4,0,0.857297
23703,3,843.095,3,852.212,2,0,0.857126
23704,3,843.095,3,852.212,1,2,0.856955
23705,3,843.095,3,852.212,3,1,0.856783
23706,3,843.095,3,852.212,2,3,0.856612
23707,3,843.095,3,852.212,4,0,0.856441
23708,3,843.095,3,852.212,4,3,0.856269
23709,3,843.095,3,852.212,1,1,0.856098
23710,3,843.095,3,852.212,2,3,0.855927
23711,3,843.095,3,852.212,0,1,0.855756
23712,3,843.095,3,852.212,4,2,0.855584
23713,3,843.095,3,852.212,1,2,0.855413
23714,3,843.095,3,852.212,4,2,0.855242
23715,3,843.095,3,852.212,2,3,0.855071
23716,3,843.095,3,852.212,2,2,0.8549
23717,3,843.095,3,852.212,2,3,0.854729
23718,3,843.095,3,852.212,4,3,0.854558
23719,3,843.095,3,852.212,3,0,0.854387
23720,3,843.095,3,852.212,0,2,0.854216
23721,3,843.095,3,852.212,2,2,0.854046
23722,3,843.095,3,852.212,4,3,0.853875
23723,3,843.095,3,852.212,2,0,0.853704
23724,3,843.095,3,852.212,0,0,0.853533
23725,3,843.095,3,852.212,0,1,0.853363
23726,3,843.095,3,852.212,3,2,0.853192
23727,3,843.095,3,852.814,2,3,0.853021
23728,3,843.095,3,852.212,2,0,0.852851
23729,3,843.095,3,852.212,2,3,0.85268
23730,3,843.095,3,852.303,0,3,0.85251
23731,3,843.095,3,852.303,0,2,0.852339
23732,3,843.095,3,852.303,1,3,0.852169
23733,3,843.095,3,852.303,4,1,0.851998
23734,3,843.095,3,852.303,1,3,0.851828
23735,3,843.095,3,852.303,3,2,0.851657
23736,3,843.095,3,852.303,4,1,0.851487
23737,3,843.095,3,852.303,1,1,0.851317
23738,3,843.095,3,852.212,2,2,0.851146
23739,3,843.095,3,852.212,3,0,0.850976
23740,3,843.095,3,852.212,2,2,0.850806
23741,3,843.095,3,852.212,1,2,0.850636
23742,3,843.095,3,852.212,4,2,0.850466
23743,3,843.095,3,852.212,2,3,0.850296
23744,3,843.095,3,851.768,3,1,0.850126
23745,3,843.095,3,851.768,1,0,0.849956
23746,3,843.095,3,851.768,0,0,0.849786
23747,3,843.095,3,851.768,1,2,0.849616
23748,3,843.095,3,851.768,1,2,0.849446
23749,3,843.095,3,851.768,1,0,0.849276
23750,3,843.095,3,851.768,1,2,0.849106
23751,3,843.095,3,851.768,3,0,0.848936
23752,3,843.095,3,851.768,2,1,0.848766
23753,3,843.095,3,851.768,1,0,0.848597
23754,3,843.095,3,851.768,1,2,0.848427
23755,3,843.095,3,851.768,0,2,0.848257
23756,3,843.095,3,851.768,4,1,0.848088
23757,3,843.095,3,851.768,2,2,0.847918
23758,3,843.095,3,851.768,0,0,0.847748
23759,3,843.095,3,851.768,1,2,0.847579
23760,3,843.095,3,851.768,1,0,0.847409
23761,3,843.095,3,851.768,3,3,0.84724
23762,3,843.095,3,851.768,4,0,0.84707
23763,3,843.095,3,851.768,3,3,0.846901
23764,3,843.095,3,851.768,2,3,0.846732
23765,3,843.095,3,851.768,3,3,0.846562
23766,3,843.095,3,851.768,4,3,0.846393
23767,3,843.095,3,851.768,4,3,0.846224
23768,3,843.095,3,851.768,4,2,0.846054
23769,3,843.095,3,851.768,3,2,0.845885
23770,3,843.095,3,851.768,4,0,0.845716
23771,3,843.095,3,851.768,3,2,0.845547
23772,3,843.095,3,851.768,3,3,0.845378
23773,3,843.095,3,851.768,2,1,0.845209
23774,3,843.095,3,851.768,1,3,0.84504
23775,3,843.095,3,851.768,4,3,0.844871
23776,3,843.095,3,851.768,1,3,0.844702
23777,3,843.095,3,851.768,2,1,0.844533
23778,3,843.095,3,851.768,3,0,0.844364
23779,3,843.095,3,851.768,4,0,0.844195
23780,3,843.095,3,851.768,3,1,0.844026
23781,3,843.095,3,851.768,3,1,0.843857
23782,3,843.095,3,851.768,2,1,0.843689
23783,3,843.095,3,851.768,3,1,0.84352
23784,3,843.095,3,851.768,1,2,0.843351
23785,3,843.095,3,851.768,4,3,0.843182
23786,3,843.095,3,851.768,4,0,0.843014
23787,3,843.095,3,851.768,4,0,0.842845
23788,3,843.095,3,851.768,0,3,0.842677
23789,3,843.095,3,851.768,1,0,0.842508
23790,3,843.095,3,851.768,2,1,0.84234
23791,3,843.095,3,851.768,1,1,0.842171
23792,3,843.095,3,851.768,0,3,0.842003
23793,3,843.095,3,851.768,4,2,0.841834
23794,3,843.095,3,851.768,0,1,0.841666
23795,3,843.095,3,851.768,2,1,0.841498
23796,3,843.095,3,851.768,0,1,0.841329
23797,3,843.095,3,851.768,2,2,0.841161
23798,3,843.095,3,851.768,1,1,0.840993
23799,3,843.095,3,851.768,1,3,0.840825
23800,3,843.095,3,851.768,0,3,0.840656
23801,3,843.095,3,851.768,0,0,0.840488
23802,3,843.095,3,851.859,0,2,0.84032
23803,3,843.095,3,851.859,1,1,0.840152
23804,3,843.095,3,851.859,1,3,0.839984
23805,3,843.095,3,851.859,2,1,0.839816
23806,3,843.095,3,851.859,3,0,0.839648
23807,3,843.095,3,851.859,1,3,0.83948
23808,3,843.095,3,851.859,0,1,0.839312
23809,3,843.095,3,851.859,1,0,0.839144
23810,3,843.095,3,851.859,0,3,0.838977
23811,3,843.095,3,851.859,1,3,0.838809
23812,3,843.095,3,851.859,4,3,0.838641
23813,3,843.095,3,851.859,2,2,0.838473
23814,3,843.095,3,852.63,3,3,0.838306
23815,3,843.095,3,852.63,2,1,0.838138
23816,3,843.095,3,852.63,3,0,0.83797
23817,3,843.095,3,852.63,1,0,0.837803
23818,3,843.095,3,852.63,4,3,0.837635
23819,3,843.095,3,852.63,1,0,0.837468
23820,3,843.095,3,851.263,2,1,0.8373
23821,3,843.095,3,851.263,1,3,0.837133
23822,3,843.095,3,851.263,1,3,0.836965
23823,3,843.095,3,851.263,3,0,0.836798
23824,3,843.095,3,851.263,0,0,0.836631
23825,3,843.095,3,851.263,1,2,0.836463
23826,3,843.095,3,851.263,0,3,0.836296
23827,3,843.095,3,851.094,2,1,0.836129
23828,3,843.095,3,851.094,1,1,0.835961
23829,3,843.095,3,850.288,2,1,0.835794
23830,3,843.095,3,850.288,3,3,0.835627
23831,3,843.095,3,850.288,0,1,0.83546
23832,3,843.095,3,850.288,4,0,0.835293
23833,3,843.095,3,850.288,1,1,0.835126
23834,3,843.095,3,850.288,3,0,0.834959
23835,3,843.095,3,850.288,2,3,0.834792
23836,3,843.095,3,850.288,0,0,0.834625
23837,3,843.095,3,850.288,4,2,0.834458
23838,3,843.095,3,850.288,1,2,0.834291
23839,3,843.095,3,850.392,2,3,0.834124
23840,3,843.095,3,850.392,2,0,0.833957
23841,3,843.095,3,850.392,4,3,0.833791
23842,3,843.095,3,850.288,0,2,0.833624
23843,3,843.095,3,850.496,4,1,0.833457
23844,3,843.095,3,850.496,4,2,0.83329
23845,3,843.095,3,850.496,3,3,0.833124
23846,3,843.095,3,850.496,4,3,0.832957
23847,3,843.095,3,850.496,3,0,0.83279
23848,3,843.095,3,850.496,2,0,0.832624
23849,3,843.095,3,850.962,2,3,0.832457
23850,3,843.095,3,851.067,3,2,0.832291
23851,3,843.095,3,851.067,3,1,0.832124
23852,3,843.095,3,851.067,0,1,0.831958
23853,3,843.095,3,851.067,0,1,0.831792
23854,3,843.095,3,851.067,4,3,0.831625
23855,3,843.095,3,851.067,4,1,0.831459
23856,3,843.095,3,851.067,1,2,0.831293
23857,3,843.095,3,851.067,4,0,0.831126
23858,3,843.095,3,851.067,0,1,0.83096
23859,3,843.095,3,851.067,3,1,0.830794
23860,3,843.095,3,851.067,0,0,0.830628
23861,3,843.095,3,851.067,2,3,0.830462
23862,3,843.095,3,851.067,1,3,0.830296
23863,3,843.095,3,851.067,1,2,0.83013
23864,3,843.095,3,851.384,3,0,0.829963
23865,3,843.095,3,851.384,1,1,0.829798
23866,3,843.095,3,851.384,0,1,0.829632
23867,3,843.095,3,851.384,1,1,0.829466
23868,3,843.095,3,851.384,0,0,0.8293
23869,3,843.095,3,851.384,4,0,0.829134
23870,3,843.095,3,851.384,0,3,0.828968
23871,3,843.095,3,851.384,3,3,0.828802
23872,3,843.095,3,851.384,3,3,0.828636
23873,3,843.095,3,851.067,0,1,0.828471
23874,3,843.095,3,851.067,3,2,0.828305
23875,3,843.095,3,850.601,4,2,0.828139
23876,3,843.095,3,850.601,3,1,0.827974
23877,3,843.095,3,850.601,4,0,0.827808
23878,3,843.095,3,850.601,2,2,0.827643
23879,3,843.095,3,850.601,4,0,0.827477
23880,3,843.095,3,850.601,3,2,0.827312
23881,3,843.095,3,849.201,0,0,0.827146
23882,3,843.095,3,849.201,0,0,0.826981
23883,3,843.095,3,849.719,3,3,0.826815
23884,3,843.095,3,849.719,1,2,0.82665
23885,3,843.095,3,849.888,4,3,0.826485
23886,3,843.095,3,849.888,4,0,0.826319
23887,3,843.095,3,849.888,2,1,0.826154
23888,3,843.095,3,849.37,4,3,0.825989
23889,3,843.095,3,849.37,2,3,0.825824
23890,3,843.095,3,849.37,1,1,0.825658
23891,3,843.095,3,849.37,4,3,0.825493
23892,3,843.095,3,849.37,1,2,0.825328
23893,3,843.095,3,849.201,3,2,0.825163
23894,3,843.095,3,849.201,1,2,0.824998
23895,3,843.095,3,849.201,3,3,0.824833
23896,3,843.095,3,849.201,4,2,0.824668
23897,3,843.095,3,849.201,0,0,0.824503
23898,3,843.095,3,849.201,1,2,0.824338
23899,3,843.095,3,849.719,3,2,0.824173
23900,3,843.095,3,849.719,0,3,0.824009
23901,3,843.095,3,849.719,1,2,0.823844
23902,3,843.095,3,849.201,0,3,0.823679
23903,3,843.095,3,849.201,1,0,0.823514
23904,3,843.095,3,849.201,1,2,0.82335
23905,3,843.095,3,849.201,2,0,0.823185
23906,3,843.095,3,849.201,3,2,0.82302
23907,3,843.095,3,849.201,1,3,0.822856
23908,3,843.095,3,849.201,2,2,0.822691
23909,3,843.095,3,849.201,3,3,0.822527
23910,3,843.095,3,849.201,1,2,0.822362
23911,3,843.095,3,849.201,4,2,0.822198
23912,3,843.095,3,849.201,2,3,0.822033
23913,3,843.095,3,849.201,0,0,0.821869
23914,3,843.095,3,849.201,2,2,0.821704
23915,3,843.095,3,849.201,2,3,0.82154
23916,3,843.095,3,849.201,0,2,0.821376
23917,3,843.095,3,849.201,2,2,0.821211
23918,3,843.095,3,849.097,2,2,0.821047
23919,3,843.095,3,849.097,1,2,0.820883
23920,3,843.095,3,849.097,2,1,0.820719
23921,3,843.095,3,849.097,3,3,0.820555
23922,3,843.095,3,849.097,3,1,0.820391
23923,3,843.095,3,849.097,2,3,0.820227
23924,3,843.095,3,849.097,0,2,0.820062
23925,3,843.095,3,849.097,3,2,0.819898
23926,3,843.095,3,849.097,1,1,0.819734
23927,3,843.095,3,850.496,4,3,0.819571
23928,3,843.095,3,850.496,0,0,0.819407
23929,3,843.095,3,850.496,3,2,0.819243
23930,3,843.095,3,850.496,0,3,0.819079
23931,3,843.095,3,850.496,4,3,0.818915
23932,3,843.095,3,850.496,0,0,0.818751
23933,3,843.095,3,850.496,0,1,0.818588
23934,3,843.095,3,850.607,2,2,0.818424
23935,3,843.095,3,849.207,4,1,0.81826
23936,3,843.095,3,849.207,3,1,0.818096
23937,3,843.095,3,849.207,2,1,0.817933
23938,3,843.095,3,849.207,4,0,0.817769
23939,3,843.095,3,849.207,3,2,0.817606
23940,3,843.095,3,849.207,1,3,0.817442
23941,3,843.095,3,849.207,2,1,0.817279
23942,3,843.095,3,849.207,0,2,0.817115
23943,3,843.095,3,849.207,3,2,0.816952
23944,3,843.095,3,849.207,0,3,0.816788
23945,3,843.095,3,849.207,4,3,0.816625
23946,3,843.095,3,849.207,1,3,0.816462
23947,3,843.095,3,849.207,3,1,0.816298
23948,3,843.095,3,849.207,1,2,0.816135
23949,3,843.095,3,849.207,1,2,0.815972
23950,3,843.095,3,849.207,4,0,0.815809
23951,3,843.095,3,849.207,3,0,0.815646
23952,3,843.095,3,849.207,2,3,0.815482
23953,3,843.095,3,849.207,3,3,0.815319
23954,3,843.095,3,849.207,2,3,0.815156
23955,3,843.095,3,849.207,3,3,0.814993
23956,3,843.095,3,849.207,0,2,0.81483
23957,3,843.095,3,849.207,4,2,0.814667
23958,3,843.095,3,849.097,0,0,0.814504
23959,3,843.095,3,849.097,1,1,0.814342
23960,3,843.095,3,849.097,2,3,0.814179
23961,3,843.095,3,849.097,0,1,0.814016
23962,3,843.095,3,849.413,4,3,0.813853
23963,3,843.095,3,849.413,0,2,0.81369
23964,3,843.095,3,849.413,3,0,0.813527
23965,3,843.095,3,849.413,0,1,0.813365
23966,3,843.095,3,849.413,1,0,0.813202
23967,3,843.095,3,849.413,4,0,0.813039
23968,3,843.095,3,849.413,2,1,0.812877
23969,3,843.095,3,849.413,4,1,0.812714
23970,3,843.095,3,849.413,2,1,0.812552
23971,3,843.095,3,849.097,2,0,0.812389
23972,3,843.095,3,850.496,4,1,0.812227
23973,3,843.095,3,849.097,0,0,0.812064
23974,3,843.095,3,849.903,2,2,0.811902
23975,3,843.095,3,850.22,3,3,0.81174
23976,3,843.095,3,850.22,1,1,0.811577
23977,3,843.095,3,850.22,0,3,0.811415
23978,3,843.095,3,850.22,1,1,0.811253
23979,3,843.095,3,850.22,3,0,0.81109
23980,3,843.095,3,850.22,0,0,0.810928
23981,3,843.095,3,850.22,0,3,0.810766
23982,3,843.095,3,850.22,3,0,0.810604
23983,3,843.095,3,850.22,0,1,0.810442
23984,3,843.095,3,850.311,3,3,0.81028
23985,3,843.095,3,850.311,4,2,0.810118
23986,3,843.095,3,850.311,1,1,0.809955
23987,3,843.095,3,850.311,0,2,0.809793
23988,3,843.095,3,849.903,3,2,0.809632
23989,3,843.095,3,849.903,1,2,0.80947
23990,3,843.095,3,849.903,4,3,0.809308
23991,3,843.095,3,849.903,2,2,0.809146
23992,3,843.095,3,849.903,2,2,0.808984
23993,3,843.095,3,849.903,1,0,0.808822
23994,3,843.095,3,849.903,2,3,0.80866
23995,3,843.095,3,849.903,4,3,0.808499
23996,3,843.095,3,850.389,0,2,0.808337
23997,3,843.095,3,850.389,1,0,0.808175
23998,3,843.095,3,850.389,1,1,0.808014
23999,3,843.095,3,850.389,4,1,0.807852
24000,3,843.095,3,850.389,4,0,0.807691
24001,3,843.095,3,850.389,3,0,0.807529
24002,3,843.095,3,850.389,3,0,0.807368
24003,3,843.095,3,850.389,1,0,0.807206
24004,3,843.095,3,850.389,4,0,0.807045
24005,3,843.095,3,850.072,3,1,0.806883
24006,3,843.095,3,850.072,0,3,0.806722
24007,3,843.095,3,850.072,4,2,0.80656
24008,3,843.095,3,850.072,1,1,0.806399
24009,3,843.095,3,849.903,0,3,0.806238
24010,3,843.095,3,849.903,2,2,0.806077
24011,3,843.095,3,849.903,0,2,0.805915
24012,3,843.095,3,849.903,2,1,0.805754
24013,3,843.095,3,849.903,3,3,0.805593
24014,3,843.095,3,849.903,0,3,0.805432
24015,3,843.095,3,849.903,3,1,0.805271
24016,3,843.095,3,849.903,4,3,0.80511
24017,3,843.095,3,849.903,1,1,0.804949
24018,3,843.095,3,849.903,2,2,0.804788
24019,3,843.095,3,849.097,0,1,0.804627
24020,3,843.095,3,849.097,2,3,0.804466
24021,3,843.095,3,849.719,3,0,0.804305
24022,3,843.095,3,849.719,3,1,0.804144
24023,3,843.095,3,849.719,0,0,0.803983
24024,3,843.095,3,851.119,2,1,0.803823
24025,3,843.095,3,851.119,2,3,0.803662
24026,3,843.095,3,851.119,0,1,0.803501
24027,3,843.095,3,851.119,1,2,0.80334
24028,3,843.095,3,851.119,3,1,0.80318
24029,3,843.095,3,851.119,2,3,0.803019
24030,3,843.095,3,851.119,1,0,0.802858
24031,3,843.095,3,854.279,4,2,0.802698
24032,3,843.095,3,854.279,2,2,0.802537
24033,3,843.095,3,852.288,3,1,0.802377
24034,3,843.095,3,851.482,4,3,0.802216
24035,3,843.095,3,851.482,2,2,0.802056
24036,3,843.095,3,851.798,0,2,0.801895
24037,3,843.095,3,851.798,3,1,0.801735
24038,3,843.095,3,851.798,1,0,0.801575
24039,3,843.095,3,850.813,2,1,0.801414
24040,3,843.095,3,850.813,4,3,0.801254
24041,3,843.095,3,850.813,3,0,0.801094
24042,3,843.095,3,850.813,4,2,0.800934
24043,3,843.095,3,850.813,4,1,0.800774
24044,3,843.095,3,850.813,2,0,0.800613
24045,3,843.095,3,850.813,0,1,0.800453
24046,3,843.095,3,850.813,3,1,0.800293
24047,3,843.095,3,850.813,4,1,0.800133
24048,3,843.095,3,850.813,1,3,0.799973
24049,3,843.095,3,850.813,0,2,0.799813
24050,3,843.095,3,850.813,0,2,0.799653
24051,3,843.095,3,851.302,3,1,0.799493
24052,3,843.095,3,851.302,2,1,0.799333
24053,3,843.095,3,851.302,1,3,0.799173
24054,3,843.095,3,851.302,3,2,0.799014
24055,3,843.095,3,851.302,2,2,0.798854
24056,3,843.095,3,851.302,4,0,0.798694
24057,3,843.095,3,851.302,4,2,0.798534
24058,3,843.095,3,851.302,4,1,0.798375
24059,3,843.095,3,851.302,4,2,0.798215
24060,3,843.095,3,851.302,0,1,0.798055
24061,3,843.095,3,851.302,4,0,0.797896
24062,3,843.095,3,851.302,1,3,0.797736
24063,3,843.095,3,851.302,4,0,0.797576
24064,3,843.095,3,851.302,1,2,0.797417
24065,3,843.095,3,851.302,0,0,0.797257
24066,3,843.095,3,851.302,3,1,0.797098
24067,3,843.095,3,851.413,4,3,0.796939
24068,3,843.095,3,851.413,2,2,0.796779
24069,3,843.095,3,851.413,0,2,0.79662
24070,3,843.095,3,851.413,4,2,0.796461
24071,3,843.095,3,851.413,1,1,0.796301
24072,3,843.095,3,851.413,1,3,0.796142
24073,3,843.095,3,851.413,4,1,0.795983
24074,3,843.095,3,850.607,0,3,0.795824
24075,3,843.095,3,850.607,3,3,0.795664
24076,3,843.095,3,850.607,3,3,0.795505
24077,3,843.095,3,850.607,4,2,0.795346
24078,3,843.095,3,850.607,2,1,0.795187
24079,3,843.095,3,850.496,4,2,0.795028
24080,3,843.095,3,850.587,0,3,0.794869
24081,3,843.095,3,851.053,2,0,0.79471
24082,3,843.095,3,851.053,0,0,0.794551
24083,3,843.095,3,851.053,1,2,0.794392
24084,3,843.095,3,851.053,0,0,0.794233
24085,3,843.095,3,851.053,1,3,0.794075
24086,3,843.095,3,851.053,0,3,0.793916
24087,3,843.095,3,850.962,2,2,0.793757
24088,3,843.095,3,850.962,0,0,0.793598
24089,3,843.095,3,850.962,3,1,0.793439
24090,3,843.095,3,850.962,3,3,0.793281
24091,3,843.095,3,850.962,3,0,0.793122
24092,3,843.095,3,850.962,2,2,0.792963
24093,3,843.095,3,850.962,3,3,0.792805
24094,3,843.095,3,850.962,3,1,0.792646
24095,3,843.095,3,850.962,4,1,0.792488
24096,3,843.095,3,850.962,1,0,0.792329
24097,3,843.095,3,850.962,4,3,0.792171
24098,3,843.095,3,850.962,0,2,0.792012
24099,3,843.095,3,850.962,0,0,0.791854
24100,3,843.095,3,850.962,0,1,0.791696
24101,3,843.095,3,850.962,1,3,0.791537
24102,3,843.095,3,850.962,1,2,0.791379
24103,3,843.095,3,850.962,1,3,0.791221
24104,3,843.095,3,850.962,3,3,0.791062
24105,3,843.095,3,850.962,0,2,0.790904
24106,3,843.095,3,850.962,1,2,0.790746
24107,3,843.095,3,850.496,0,3,0.790588
24108,3,843.095,3,850.813,3,0,0.79043
24109,3,843.095,3,850.813,1,1,0.790272
24110,3,843.095,3,850.813,3,2,0.790114
24111,3,843.095,3,850.813,4,1,0.789956
24112,3,843.095,3,850.982,2,2,0.789798
24113,3,843.095,3,850.982,0,3,0.78964
24114,3,843.095,3,850.982,1,3,0.789482
24115,3,843.095,3,850.982,1,0,0.789324
24116,3,843.095,3,850.982,3,2,0.789166
24117,3,843.095,3,850.982,2,3,0.789008
24118,3,843.095,3,851.788,4,0,0.78885
24119,3,843.095,3,851.788,4,2,0.788693
24120,3,843.095,3,850.982,3,3,0.788535
24121,3,843.095,3,850.982,0,0,0.788377
24122,3,843.095,3,850.982,1,0,0.788219
24123,3,843.095,3,850.982,4,2,0.788062
24124,3,843.095,3,850.982,1,2,0.787904
24125,3,843.095,3,850.813,4,0,0.787747
24126,3,843.095,3,850.813,2,2,0.787589
24127,3,843.095,3,850.813,2,2,0.787432
24128,3,843.095,3,850.904,3,3,0.787274
24129,3,843.095,3,850.904,2,2,0.787117
24130,3,843.095,3,850.904,2,0,0.786959
24131,3,843.095,3,850.756,4,3,0.786802
24132,3,843.095,3,850.756,0,1,0.786644
24133,3,843.095,3,850.756,1,3,0.786487
24134,3,843.095,3,850.665,2,1,0.78633
24135,3,843.095,3,850.665,3,2,0.786173
24136,3,843.095,3,850.665,1,2,0.786015
24137,3,843.095,3,850.496,4,1,0.785858
24138,3,843.095,3,850.496,1,2,0.785701
24139,3,843.095,3,850.496,3,3,0.785544
24140,3,843.095,3,850.496,1,2,0.785387
24141,3,843.095,3,850.665,0,2,0.78523
24142,3,843.095,3,851.131,2,0,0.785073
24143,3,843.095,3,849.266,2,3,0.784916
24144,3,843.095,3,849.266,3,2,0.784759
24145,3,843.095,3,849.266,2,2,0.784602
24146,3,843.095,3,849.266,4,0,0.784445
24147,3,843.095,3,849.266,4,0,0.784288
24148,3,843.095,3,849.266,3,0,0.784131
24149,3,843.095,3,849.266,1,2,0.783974
24150,3,843.095,3,849.266,0,1,0.783817
24151,3,843.095,3,849.266,1,2,0.783661
24152,3,843.095,3,849.266,0,0,0.783504
24153,3,843.095,3,849.266,0,0,0.783347
24154,3,843.095,3,850.776,2,3,0.78319
24155,3,843.095,3,850.776,1,0,0.783034
24156,3,843.095,3,850.776,1,1,0.782877
24157,3,843.095,3,850.776,0,1,0.782721
24158,3,843.095,3,850.776,1,3,0.782564
24159,3,843.095,3,850.776,0,2,0.782408
24160,3,843.095,3,850.776,1,3,0.782251
24161,3,843.095,3,850.776,1,2,0.782095
24162,3,843.095,3,850.776,4,0,0.781938
24163,3,843.095,3,850.776,4,0,0.781782
24164,3,843.095,3,850.776,0,0,0.781625
24165,3,843.095,3,850.776,4,0,0.781469
24166,3,843.095,3,850.776,1,2,0.781313
24167,3,843.095,3,849.376,4,2,0.781157
24168,3,843.095,3,849.376,1,2,0.781
24169,3,843.095,3,849.376,2,2,0.780844
24170,3,843.095,3,849.376,2,0,0.780688
24171,3,843.095,3,849.376,4,2,0.780532
24172,3,843.095,3,849.376,2,0,0.780376
24173,3,843.095,3,849.376,1,2,0.78022
24174,3,843.095,3,849.376,4,2,0.780064
24175,3,843.095,3,849.376,1,3,0.779908
24176,3,843.095,3,849.376,1,2,0.779752
24177,3,843.095,3,849.376,0,2,0.779596
24178,3,843.095,3,849.376,2,3,0.77944
24179,3,843.095,3,849.376,1,3,0.779284
24180,3,843.095,3,849.376,4,1,0.779128
24181,3,843.095,3,849.376,0,1,0.778972
24182,3,843.095,3,849.376,0,1,0.778816
24183,3,843.095,3,849.376,1,2,0.778661
24184,3,843.095,3,849.376,4,2,0.778505
24185,3,843.095,3,849.376,1,3,0.778349
24186,3,843.095,3,849.376,0,2,0.778194
24187,3,843.095,3,849.376,1,2,0.778038
24188,3,843.095,3,849.524,3,0,0.777882
24189,3,843.095,3,849.693,3,3,0.777727
24190,3,843.095,3,849.693,1,3,0.777571
24191,3,843.095,3,849.693,1,0,0.777416
24192,3,843.095,3,849.693,1,2,0.77726
24193,3,843.095,3,849.693,2,1,0.777105
24194,3,843.095,3,849.693,4,0,0.776949
24195,3,843.095,3,849.693,2,3,0.776794
24196,3,843.095,3,849.524,3,0,0.776639
24197,3,843.095,3,849.413,0,0,0.776483
24198,3,843.095,3,849.413,3,3,0.776328
24199,3,843.095,3,849.413,3,2,0.776173
24200,3,843.095,3,849.413,3,1,0.776017
24201,3,843.095,3,849.413,2,1,0.775862
24202,3,843.095,3,849.413,4,0,0.775707
24203,3,843.095,3,849.413,0,0,0.775552
24204,3,843.095,3,849.413,4,0,0.775397
24205,3,843.095,3,849.413,2,0,0.775242
24206,3,843.095,3,849.413,0,0,0.775087
24207,3,843.095,3,849.413,0,0,0.774932
24208,3,843.095,3,849.413,2,3,0.774777
24209,3,843.095,3,849.413,3,1,0.774622
24210,3,843.095,3,849.097,0,3,0.774467
24211,3,843.095,3,849.097,0,3,0.774312
24212,3,843.095,3,849.097,3,0,0.774157
24213,3,843.095,3,849.097,2,1,0.774002
24214,3,843.095,3,849.097,1,1,0.773847
24215,3,843.095,3,849.097,3,1,0.773693
24216,3,843.095,3,849.097,4,2,0.773538
24217,3,843.095,3,849.097,0,1,0.773383
24218,3,843.095,3,849.097,4,1,0.773229
24219,3,843.095,3,849.097,1,2,0.773074
24220,3,843.095,3,849.097,4,0,0.772919
24221,3,843.095,3,849.097,4,2,0.772765
24222,3,843.095,3,849.097,4,2,0.77261
24223,3,843.095,3,849.097,2,3,0.772456
24224,3,843.095,3,849.097,2,0,0.772301
24225,3,843.095,3,849.097,3,3,0.772147
24226,3,843.095,3,849.097,3,0,0.771992
24227,3,843.095,3,849.097,1,2,0.771838
24228,3,843.095,3,849.097,4,2,0.771683
24229,3,843.095,3,849.097,0,1,0.771529
24230,3,843.095,3,849.097,3,0,0.771375
24231,3,843.095,3,849.097,1,1,0.771221
24232,3,843.095,3,849.097,1,1,0.771066
24233,3,843.095,3,849.097,2,0,0.770912
24234,3,843.095,3,849.097,4,2,0.770758
24235,3,843.095,3,849.413,0,2,0.770604
24236,3,843.095,3,849.413,3,0,0.77045
24237,3,843.095,3,849.413,4,0,0.770296
24238,3,843.095,3,849.413,0,3,0.770141
24239,3,843.095,3,849.097,0,3,0.769987
24240,3,843.095,3,849.097,3,3,0.769833
24241,3,843.095,3,849.097,1,1,0.769679
24242,3,843.095,3,849.097,4,1,0.769526
24243,3,843.095,3,849.097,0,1,0.769372
24244,3,843.095,3,849.097,3,1,0.769218
24245,3,843.095,3,849.097,2,2,0.769064
24246,3,843.095,3,849.413,4,0,0.76891
24247,3,843.095,3,849.413,1,0,0.768756
24248,3,843.095,3,849.413,0,1,0.768603
24249,3,843.095,3,849.413,3,0,0.768449
24250,3,843.095,3,849.413,0,1,0.768295
24251,3,843.095,3,849.413,1,3,0.768142
24252,3,843.095,3,849.413,3,1,0.767988
24253,3,843.095,3,849.413,1,0,0.767834
24254,3,843.095,3,849.413,2,0,0.767681
24255,3,843.095,3,849.413,4,0,0.767527
24256,3,843.095,3,849.413,1,3,0.767374
24257,3,843.095,3,849.413,2,0,0.76722
24258,3,843.095,3,849.413,2,1,0.767067
24259,3,843.095,3,849.518,0,3,0.766913
24260,3,843.095,3,849.518,1,1,0.76676
24261,3,843.095,3,849.518,4,3,0.766607
24262,3,843.095,3,849.518,1,2,0.766453
24263,3,843.095,3,849.518,0,1,0.7663
24264,3,843.095,3,849.518,3,2,0.766147
24265,3,843.095,3,849.518,0,2,0.765994
24266,3,843.095,3,849.518,1,3,0.76584
24267,3,843.095,3,849.413,4,2,0.765687
24268,3,843.095,3,849.413,1,3,0.765534
24269,3,843.095,3,849.413,3,0,0.765381
24270,3,843.095,3,849.413,3,1,0.765228
24271,3,843.095,3,849.413,4,0,0.765075
24272,3,843.095,3,849.518,2,3,0.764922
24273,3,843.095,3,849.518,1,2,0.764769
24274,3,843.095,3,849.518,3,2,0.764616
24275,3,843.095,3,849.518,0,0,0.764463
24276,3,843.095,3,849.518,1,0,0.76431
24277,3,843.095,3,849.518,0,0,0.764157
24278,3,843.095,3,849.518,1,2,0.764004
24279,3,843.095,3,849.518,4,3,0.763852
24280,3,843.095,3,849.518,1,2,0.763699
24281,3,843.095,3,849.518,4,2,0.763546
24282,3,843.095,3,850.036,0,2,0.763393
24283,3,843.095,3,849.797,4,3,0.763241
24284,3,843.095,3,849.693,0,0,0.763088
24285,3,843.095,3,849.693,1,2,0.762935
24286,3,843.095,3,849.693,4,2,0.762783
24287,3,843.095,3,849.693,1,2,0.76263
24288,3,843.095,3,849.207,0,0,0.762478
24289,3,843.095,3,849.207,1,0,0.762325
24290,3,843.095,3,849.207,4,1,0.762173
24291,3,843.095,3,849.207,1,0,0.76202
24292,3,843.095,3,849.207,3,3,0.761868
24293,3,843.095,3,849.207,4,2,0.761716
24294,3,843.095,3,849.207,2,3,0.761563
24295,3,843.095,3,849.207,0,0,0.761411
24296,3,843.095,3,849.097,3,1,0.761259
24297,3,843.095,3,849.097,3,2,0.761106
24298,3,843.095,3,849.097,3,2,0.760954
24299,3,843.095,3,849.097,0,3,0.760802
24300,3,843.095,3,849.097,4,3,0.76065
24301,3,843.095,3,849.097,3,1,0.760498
24302,3,843.095,3,849.097,2,3,0.760346
24303,3,843.095,3,849.097,3,3,0.760193
24304,3,843.095,3,849.097,1,3,0.760041
24305,3,843.095,3,849.097,2,2,0.759889
24306,3,843.095,3,849.188,4,3,0.759737
24307,3,843.095,3,849.097,3,1,0.759585
24308,3,843.095,3,849.097,1,3,0.759434
24309,3,843.095,3,849.097,2,0,0.759282
24310,3,843.095,3,849.097,2,2,0.75913
24311,3,843.095,3,850.188,4,3,0.758978
24312,3,843.095,3,850.188,2,1,0.758826
24313,3,843.095,3,850.188,0,2,0.758674
24314,3,843.095,3,850.188,0,2,0.758523
24315,3,843.095,3,850.188,3,0,0.758371
24316,3,843.095,3,850.188,0,1,0.758219
24317,3,843.095,3,849.413,2,1,0.758068
24318,3,843.095,3,849.413,0,0,0.757916
24319,3,843.095,3,849.413,1,2,0.757764
24320,3,843.095,3,849.413,2,1,0.757613
24321,3,843.095,3,849.413,4,0,0.757461
24322,3,843.095,3,849.413,2,2,0.75731
24323,3,843.095,3,849.413,0,2,0.757158
24324,3,843.095,3,849.413,0,1,0.757007
24325,3,843.095,3,849.413,4,0,0.756856
24326,3,843.095,3,849.413,3,2,0.756704
24327,3,843.095,3,849.413,2,3,0.756553
24328,3,843.095,3,849.413,0,2,0.756402
24329,3,843.095,3,849.413,2,0,0.75625
24330,3,843.095,3,849.413,4,2,0.756099
24331,3,843.095,3,849.413,2,0,0.755948
24332,3,843.095,3,849.413,0,2,0.755797
24333,3,843.095,3,849.413,4,1,0.755645
24334,3,843.095,3,849.413,3,2,0.755494
24335,3,843.095,3,849.413,3,3,0.755343
24336,3,843.095,3,849.413,4,0,0.755192
24337,3,843.095,3,849.413,2,2,0.755041
24338,3,843.095,3,849.413,3,0,0.75489
24339,3,843.095,3,849.413,4,0,0.754739
24340,3,843.095,3,849.413,2,1,0.754588
24341,3,843.095,3,849.413,2,2,0.754437
24342,3,843.095,3,849.413,4,0,0.754286
24343,3,843.095,3,849.413,2,3,0.754136
24344,3,843.095,3,849.413,2,3,0.753985
24345,3,843.095,3,849.413,4,0,0.753834
24346,3,843.095,3,849.413,2,2,0.753683
24347,3,843.095,3,849.413,0,0,0.753532
24348,3,843.095,3,849.413,3,1,0.753382
24349,3,843.095,3,849.413,1,0,0.753231
24350,3,843.095,3,849.413,1,3,0.75308
24351,3,843.095,3,849.413,3,3,0.75293
24352,3,843.095,3,849.097,2,2,0.752779
24353,3,843.095,3,849.097,3,3,0.752629
24354,3,843.095,3,849.097,1,1,0.752478
24355,3,843.095,3,849.097,0,0,0.752328
24356,3,843.095,3,849.097,1,3,0.752177
24357,3,843.095,3,849.097,3,1,0.752027
24358,3,843.095,3,849.097,1,1,0.751876
24359,3,843.095,3,849.097,3,2,0.751726
24360,3,843.095,3,849.097,0,1,0.751576
24361,3,843.095,3,849.903,3,1,0.751425
24362,3,843.095,3,850.072,0,3,0.751275
24363,3,843.095,3,850.072,3,1,0.751125
24364,3,843.095,3,850.072,1,0,0.750975
24365,3,843.095,3,850.072,2,0,0.750824
24366,3,843.095,3,850.072,1,3,0.750674
24367,3,843.095,3,850.072,2,3,0.750524
24368,3,843.095,3,850.072,1,1,0.750374
24369,3,843.095,3,850.072,1,2,0.750224
24370,3,843.095,3,850.072,1,1,0.750074
24371,3,843.095,3,850.072,1,3,0.749924
24372,3,843.095,3,850.072,1,0,0.749774
24373,3,843.095,3,850.072,1,2,0.749624
24374,3,843.095,3,849.266,4,1,0.749474
24375,3,843.095,3,849.357,4,3,0.749324
24376,3,843.095,3,849.357,4,0,0.749174
24377,3,843.095,3,849.357,3,0,0.749024
24378,3,843.095,3,849.357,2,3,0.748875
24379,3,843.095,3,849.357,4,0,0.748725
24380,3,843.095,3,849.357,4,3,0.748575
24381,3,843.095,3,849.357,2,2,0.748425
24382,3,843.095,3,849.357,3,1,0.748276
24383,3,843.095,3,849.357,2,0,0.748126
24384,3,843.095,3,849.357,0,0,0.747976
24385,3,843.095,3,849.357,2,0,0.747827
24386,3,843.095,3,849.357,3,0,0.747677
24387,3,843.095,3,849.357,0,3,0.747528
24388,3,843.095,3,849.357,2,0,0.747378
24389,3,843.095,3,849.357,2,0,0.747229
24390,3,843.095,3,849.357,1,2,0.747079
24391,3,843.095,3,849.357,1,0,0.74693
24392,3,843.095,3,849.357,2,3,0.74678
24393,3,843.095,3,849.357,2,2,0.746631
24394,3,843.095,3,849.266,3,0,0.746482
24395,3,843.095,3,849.266,1,3,0.746332
24396,3,843.095,3,849.266,4,2,0.746183
24397,3,843.095,3,849.266,0,1,0.746034
24398,3,843.095,3,849.266,3,1,0.745885
24399,3,843.095,3,849.266,2,3,0.745736
24400,3,843.095,3,849.266,3,2,0.745586
24401,3,843.095,3,849.266,3,0,0.745437
24402,3,843.095,3,849.266,3,0,0.745288
24403,3,843.095,3,849.266,2,2,0.745139
24404,3,843.095,3,849.266,3,2,0.74499
24405,3,843.095,3,849.266,0,1,0.744841
24406,3,843.095,3,849.266,3,2,0.744692
24407,3,843.095,3,849.266,2,3,0.744543
24408,3,843.095,3,849.266,4,1,0.744394
24409,3,843.095,3,849.266,3,1,0.744245
24410,3,843.095,3,849.266,1,2,0.744097
24411,3,843.095,3,849.266,0,1,0.743948
24412,3,843.095,3,849.266,2,1,0.743799
24413,3,843.095,3,849.266,3,2,0.74365
24414,3,843.095,3,849.266,1,2,0.743501
24415,3,843.095,3,850.072,0,3,0.743353
24416,3,843.095,3,850.072,1,3,0.743204
24417,3,843.095,3,849.903,0,2,0.743055
24418,3,843.095,3,850.577,2,1,0.742907
24419,3,843.095,3,850.577,0,0,0.742758
24420,3,843.095,3,850.577,1,1,0.74261
24421,3,843.095,3,850.577,2,3,0.742461
24422,3,843.095,3,850.577,0,2,0.742313
24423,3,843.095,3,850.577,3,3,0.742164
24424,3,843.095,3,850.577,2,1,0.742016
24425,3,843.095,3,850.577,1,2,0.741867
24426,3,843.095,3,850.577,0,2,0.741719
24427,3,843.095,3,850.577,0,3,0.741571
24428,3,843.095,3,850.577,1,2,0.741422
24429,3,843.095,3,850.577,3,2,0.741274
24430,3,843.095,3,850.577,2,1,0.741126
24431,3,843.095,3,850.577,3,3,0.740978
24432,3,843.095,3,850.577,1,1,0.740829
24433,3,843.095,3,850.577,3,1,0.740681
24434,3,843.095,3,850.577,1,3,0.740533
24435,3,843.095,3,850.577,4,3,0.740385
24436,3,843.095,3,850.577,3,0,0.740237
24437,3,843.095,3,850.577,0,2,0.740089
24438,3,843.095,3,850.577,4,3,0.739941
24439,3,843.095,3,850.577,1,0,0.739793
24440,3,843.095,3,850.577,2,1,0.739645
24441,3,843.095,3,850.577,0,1,0.739497
24442,3,843.095,3,850.577,1,0,0.739349
24443,3,843.095,3,850.577,2,3,0.739201
24444,3,843.095,3,850.577,2,3,0.739053
24445,3,843.095,3,850.577,1,1,0.738906
24446,3,843.095,3,850.577,1,2,0.738758
24447,3,843.095,3,850.577,3,1,0.73861
24448,3,843.095,3,850.577,0,2,0.738462
24449,3,843.095,3,850.577,0,1,0.738315
24450,3,843.095,3,850.577,2,2,0.738167
24451,3,843.095,3,850.577,3,3,0.738019
24452,3,843.095,3,850.577,4,2,0.737872
24453,3,843.095,3,851.063,3,3,0.737724
24454,3,843.095,3,851.063,2,1,0.737577
24455,3,843.095,3,851.063,2,2,0.737429
24456,3,843.095,3,851.063,1,3,0.737282
24457,3,843.095,3,851.063,3,0,0.737134
24458,3,843.095,3,850.893,2,0,0.736987
24459,3,843.095,3,850.893,1,0,0.736839
24460,3,843.095,3,850.893,0,2,0.736692
24461,3,843.095,3,850.893,1,3,0.736545
24462,3,843.095,3,850.893,4,0,0.736397
24463,3,843.095,3,850.893,1,0,0.73625
24464,3,843.095,3,850.893,0,0,0.736103
24465,3,843.095,3,850.893,1,2,0.735956
24466,3,843.095,3,850.893,4,3,0.735808
24467,3,843.095,3,850.893,2,0,0.735661
24468,3,843.095,3,850.893,1,0,0.735514
24469,3,843.095,3,850.893,1,0,0.735367
24470,3,843.095,3,850.577,4,1,0.73522
24471,3,843.095,3,851.179,3,3,0.735073
24472,3,843.095,3,851.179,2,0,0.734926
24473,3,843.095,3,850.746,2,3,0.734779
24474,3,843.095,3,850.746,2,1,0.734632
24475,3,843.095,3,850.746,0,0,0.734485
24476,3,843.095,3,850.746,3,0,0.734338
24477,3,843.095,3,850.746,1,0,0.734191
24478,3,843.095,3,850.746,1,0,0.734044
24479,3,843.095,3,850.746,1,1,0.733898
24480,3,843.095,3,850.746,1,3,0.733751
24481,3,843.095,3,850.746,0,1,0.733604
24482,3,843.095,3,850.746,2,2,0.733457
24483,3,843.095,3,850.982,0,0,0.733311
24484,3,843.095,3,850.982,1,0,0.733164
24485,3,843.095,3,850.982,2,0,0.733017
24486,3,843.095,3,851.179,2,2,0.732871
24487,3,843.095,3,851.179,4,2,0.732724
24488,3,843.095,3,851.179,3,0,0.732578
24489,3,843.095,3,851.179,4,1,0.732431
24490,3,843.095,3,851.179,0,1,0.732285
24491,3,843.095,3,850.577,4,1,0.732138
24492,3,843.095,3,850.746,3,2,0.731992
24493,3,843.095,3,850.746,2,1,0.731845
24494,3,843.095,3,850.746,0,2,0.731699
24495,3,843.095,3,850.577,0,2,0.731553
24496,3,843.095,3,850.577,3,1,0.731406
24497,3,843.095,3,850.668,4,3,0.73126
24498,3,843.095,3,850.668,4,0,0.731114
24499,3,843.095,3,850.668,0,1,0.730968
24500,3,843.095,3,850.904,2,3,0.730821
24501,3,843.095,3,850.668,0,1,0.730675
24502,3,843.095,3,850.668,2,0,0.730529
24503,3,843.095,3,850.668,3,1,0.730383
24504,3,843.095,3,850.668,2,1,0.730237
24505,3,843.095,3,850.668,2,0,0.730091
24506,3,843.095,3,850.668,1,0,0.729945
24507,3,843.095,3,850.668,2,0,0.729799
24508,3,843.095,3,850.668,1,0,0.729653
24509,3,843.095,3,851.398,4,2,0.729507
24510,3,843.095,3,851.398,3,3,0.729361
24511,3,843.095,3,851.398,4,2,0.729215
24512,3,843.095,3,851.398,1,0,0.729069
24513,3,843.095,3,851.398,0,0,0.728923
24514,3,843.095,3,851.398,1,2,0.728778
24515,3,843.095,3,851.398,4,0,0.728632
24516,3,843.095,3,851.398,4,1,0.728486
24517,3,843.095,3,851.398,2,2,0.72834
24518,3,843.095,3,851.398,3,1,0.728195
24519,3,843.095,3,851.398,2,0,0.728049
24520,3,843.095,3,851.398,2,2,0.727904
24521,3,843.095,3,851.398,4,2,0.727758
24522,3,843.095,3,851.398,0,3,0.727612
24523,3,843.095,3,851.398,1,1,0.727467
24524,3,843.095,3,851.398,0,0,0.727321
24525,3,843.095,3,851.398,1,0,0.727176
24526,3,843.095,3,851.398,0,0,0.727031
24527,3,843.095,3,851.398,0,1,0.726885
24528,3,843.095,3,851.398,4,2,0.72674
24529,3,843.095,3,851.398,4,2,0.726594
24530,3,843.095,3,851.398,4,2,0.726449
24531,3,843.095,3,851.398,0,1,0.726304
24532,3,843.095,3,851.398,2,0,0.726159
24533,3,843.095,3,851.398,3,1,0.726013
24534,3,843.095,3,851.398,1,0,0.725868
24535,3,843.095,3,851.398,4,1,0.725723
24536,3,843.095,3,851.398,4,0,0.725578
24537,3,843.095,3,851.398,1,1,0.725433
24538,3,843.095,3,851.398,0,1,0.725288
24539,3,843.095,3,851.398,0,1,0.725143
24540,3,843.095,3,851.398,2,3,0.724997
24541,3,843.095,3,851.398,3,2,0.724852
24542,3,843.095,3,851.398,0,1,0.724708
24543,3,843.095,3,850.803,4,3,0.724563
24544,3,843.095,3,850.803,3,1,0.724418
24545,3,843.095,3,850.803,0,0,0.724273
24546,3,843.095,3,850.803,4,2,0.724128
24547,3,843.095,3,850.803,0,1,0.723983
24548,3,843.095,3,850.803,1,2,0.723838
24549,3,843.095,3,850.803,0,1,0.723694
24550,3,843.095,3,850.803,3,0,0.723549
24551,3,843.095,3,850.803,2,0,0.723404
24552,3,843.095,3,850.803,1,3,0.723259
24553,3,843.095,3,850.803,2,1,0.723115
24554,3,843.095,3,850.803,4,1,0.72297
24555,3,843.095,3,850.803,3,1,0.722826
24556,3,843.095,3,850.803,1,0,0.722681
24557,3,843.095,3,850.803,1,3,0.722536
24558,3,843.095,3,850.803,2,3,0.722392
24559,3,843.095,3,850.803,3,2,0.722247
24560,3,843.095,3,850.803,2,3,0.722103
24561,3,843.095,3,850.803,3,0,0.721959
24562,3,843.095,3,850.803,4,3,0.721814
24563,3,843.095,3,850.803,4,2,0.72167
24564,3,843.095,3,850.803,3,2,0.721525
24565,3,843.095,3,850.803,4,0,0.721381
24566,3,843.095,3,850.803,4,1,0.721237
24567,3,843.095,3,850.803,1,2,0.721093
24568,3,843.095,3,850.803,3,3,0.720948
24569,3,843.095,3,850.803,1,3,0.720804
24570,3,843.095,3,850.803,2,2,0.72066
24571,3,843.095,3,850.668,4,3,0.720516
24572,3,843.095,3,850.577,2,2,0.720372
24573,3,843.095,3,850.577,0,2,0.720228
24574,3,843.095,3,850.577,1,0,0.720084
24575,3,843.095,3,850.577,3,1,0.71994
24576,3,843.095,3,850.577,0,3,0.719796
24577,3,843.095,3,850.577,0,3,0.719652
24578,3,843.095,3,850.577,3,2,0.719508
24579,3,843.095,3,850.577,3,1,0.719364
24580,3,843.095,3,850.577,4,0,0.71922
24581,3,843.095,3,850.577,0,0,0.719076
24582,3,843.095,3,850.577,0,1,0.718932
24583,3,843.095,3,850.577,1,0,0.718789
24584,3,843.095,3,850.577,0,1,0.718645
24585,3,843.095,3,850.577,1,2,0.718501
24586,3,843.095,3,850.577,4,2,0.718357
24587,3,843.095,3,850.577,4,2,0.718214
24588,3,843.095,3,850.577,3,3,0.71807
24589,3,843.095,3,850.577,0,0,0.717927
24590,3,843.095,3,850.577,1,3,0.717783
24591,3,843.095,3,850.577,0,1,0.717639
24592,3,843.095,3,850.577,4,2,0.717496
24593,3,843.095,3,850.577,4,0,0.717352
24594,3,843.095,3,850.577,0,3,0.717209
24595,3,843.095,3,850.577,1,0,0.717065
24596,3,843.095,3,850.577,2,1,0.716922
24597,3,843.095,3,850.893,4,2,0.716779
24598,3,843.095,3,850.893,0,1,0.716635
24599,3,843.095,3,850.893,3,2,0.716492
24600,3,843.095,3,850.893,1,2,0.716349
24601,3,843.095,3,850.577,4,1,0.716205
24602,3,843.095,3,850.577,4,0,0.716062
24603,3,843.095,3,850.577,1,3,0.715919
24604,3,843.095,3,850.577,1,2,0.715776
24605,3,843.095,3,850.577,3,0,0.715633
24606,3,843.095,3,850.577,4,0,0.715489
24607,3,843.095,3,850.577,2,0,0.715346
24608,3,843.095,3,850.577,1,1,0.715203
24609,3,843.095,3,850.577,4,2,0.71506
24610,3,843.095,3,850.577,3,1,0.714917
24611,3,843.095,3,850.577,2,2,0.714774
24612,3,843.095,3,850.577,4,3,0.714631
24613,3,843.095,3,850.577,1,1,0.714488
24614,3,843.095,3,850.577,4,2,0.714345
24615,3,843.095,3,850.577,3,1,0.714203
24616,3,843.095,3,850.577,4,0,0.71406
24617,3,843.095,3,850.577,0,2,0.713917
24618,3,843.095,3,850.687,3,2,0.713774
24619,3,843.095,3,850.577,4,1,0.713631
24620,3,843.095,3,850.577,4,3,0.713489
24621,3,843.095,3,850.577,4,3,0.713346
24622,3,843.095,3,850.577,4,1,0.713203
24623,3,843.095,3,850.577,0,3,0.713061
24624,3,843.095,3,850.577,2,0,0.712918
24625,3,843.095,3,850.577,0,0,0.712775
24626,3,843.095,3,850.577,3,3,0.712633
24627,3,843.095,3,850.577,1,3,0.71249
24628,3,843.095,3,850.577,4,0,0.712348
24629,3,843.095,3,850.577,0,0,0.712205
24630,3,843.095,3,850.577,0,1,0.712063
24631,3,843.095,3,850.577,4,0,0.711921
24632,3,843.095,3,850.577,4,2,0.711778
24633,3,843.095,3,850.577,2,1,0.711636
24634,3,843.095,3,850.577,4,1,0.711494
24635,3,843.095,3,850.577,3,2,0.711351
24636,3,843.095,3,850.577,1,0,0.711209
24637,3,843.095,3,850.577,1,0,0.711067
24638,3,843.095,3,850.577,4,0,0.710925
24639,3,843.095,3,850.577,2,1,0.710782
24640,3,843.095,3,850.577,0,2,0.71064
24641,3,843.095,3,851.348,0,3,0.710498
24642,3,843.095,3,850.746,4,2,0.710356
24643,3,843.095,3,850.746,1,1,0.710214
24644,3,843.095,3,850.746,1,0,0.710072
24645,3,843.095,3,851.348,2,2,0.70993
24646,3,843.095,3,851.348,2,3,0.709788
24647,3,843.095,3,851.348,4,3,0.709646
24648,3,843.095,3,851.348,1,3,0.709504
24649,3,843.095,3,850.746,0,0,0.709362
24650,3,843.095,3,850.746,2,3,0.70922
24651,3,843.095,3,850.746,1,3,0.709078
24652,3,843.095,3,850.746,4,0,0.708936
24653,3,843.095,3,850.746,4,2,0.708795
24654,3,843.095,3,850.746,0,1,0.708653
24655,3,843.095,3,851.976,2,2,0.708511
24656,3,843.095,3,851.976,4,0,0.70837
24657,3,843.095,3,852.212,3,1,0.708228
24658,3,843.095,3,852.212,1,0,0.708086
24659,3,843.095,3,852.212,0,2,0.707945
24660,3,843.095,3,851.976,2,1,0.707803
24661,3,843.095,3,851.976,1,0,0.707661
24662,3,843.095,3,852.511,2,3,0.70752
24663,3,843.095,3,852.511,0,3,0.707378
24664,3,843.095,3,852.511,4,2,0.707237
24665,3,843.095,3,852.511,1,1,0.707095
24666,3,843.095,3,852.511,3,2,0.706954
24667,3,843.095,3,852.511,1,2,0.706813
24668,3,843.095,3,851.976,2,2,0.706671
24669,3,843.095,3,851.976,3,0,0.70653
24670,3,843.095,3,851.976,0,0,0.706389
24671,3,843.095,3,851.976,2,2,0.706247
24672,3,843.095,3,850.577,4,1,0.706106
24673,3,843.095,3,850.577,0,2,0.705965
24674,3,843.095,3,850.577,2,0,0.705824
24675,3,843.095,3,850.577,3,3,0.705683
24676,3,843.095,3,850.577,4,2,0.705541
24677,3,843.095,3,851.515,3,3,0.7054
24678,3,843.095,3,851.515,1,0,0.705259
24679,3,843.095,3,851.515,0,2,0.705118
24680,3,843.095,3,851.515,3,1,0.704977
24681,3,843.095,3,851.515,4,3,0.704836
24682,3,843.095,3,851.515,3,2,0.704695
24683,3,843.095,3,851.515,1,3,0.704554
24684,3,843.095,3,850.577,3,0,0.704413
24685,3,843.095,3,850.577,2,3,0.704272
24686,3,843.095,3,850.577,0,1,0.704132
24687,3,843.095,3,850.577,1,1,0.703991
24688,3,843.095,3,850.577,1,1,0.70385
24689,3,843.095,3,850.577,1,3,0.703709
24690,3,843.095,3,850.577,1,0,0.703568
24691,3,843.095,3,850.577,2,0,0.703428
24692,3,843.095,3,850.893,0,0,0.703287
24693,3,843.095,3,850.893,3,0,0.703146
24694,3,843.095,3,850.893,4,1,0.703006
24695,3,843.095,3,850.893,2,1,0.702865
24696,3,843.095,3,850.893,0,3,0.702725
24697,3,843.095,3,850.893,4,2,0.702584
24698,3,843.095,3,850.893,3,0,0.702444
24699,3,843.095,3,850.893,0,1,0.702303
24700,3,843.095,3,850.893,1,2,0.702163
24701,3,843.095,3,850.893,0,0,0.702022
24702,3,843.095,3,850.893,1,0,0.701882
24703,3,843.095,3,850.893,2,0,0.701741
24704,3,843.095,3,850.893,1,1,0.701601
24705,3,843.095,3,850.893,2,0,0.701461
24706,3,843.095,3,850.893,0,0,0.70132
24707,3,843.095,3,850.893,2,2,0.70118
24708,3,843.095,3,850.893,1,1,0.70104
24709,3,843.095,3,850.893,1,0,0.7009
24710,3,843.095,3,850.893,4,1,0.70076
24711,3,843.095,3,850.893,1,1,0.700619
24712,3,843.095,3,850.893,0,3,0.700479
24713,3,843.095,3,850.893,1,3,0.700339
24714,3,843.095,3,850.893,0,1,0.700199
24715,3,843.095,3,850.893,2,3,0.700059
24716,3,843.095,3,850.893,4,2,0.699919
24717,3,843.095,3,850.893,1,2,0.699779
24718,3,843.095,3,850.577,3,1,0.699639
24719,3,843.095,3,850.577,3,0,0.699499
24720,3,843.095,3,850.577,2,2,0.699359
24721,3,843.095,3,850.577,4,2,0.699219
24722,3,843.095,3,850.577,1,3,0.69908
24723,3,843.095,3,850.577,2,1,0.69894
24724,3,843.095,3,850.577,4,3,0.6988
24725,3,843.095,3,851.398,4,0,0.69866
24726,3,843.095,3,851.398,2,3,0.69852
24727,3,843.095,3,851.398,4,1,0.698381
24728,3,843.095,3,850.687,4,0,0.698241
24729,3,843.095,3,850.687,1,2,0.698101
24730,3,843.095,3,850.687,2,3,0.697962
24731,3,843.095,3,850.687,4,1,0.697822
24732,3,843.095,3,850.687,1,1,0.697683
24733,3,843.095,3,850.687,0,1,0.697543
24734,3,843.095,3,850.687,1,1,0.697404
24735,3,843.095,3,850.687,3,3,0.697264
24736,3,843.095,3,850.687,1,1,0.697125
24737,3,843.095,3,851.004,4,0,0.696985
24738,3,843.095,3,851.004,3,0,0.696846
24739,3,843.095,3,851.004,4,2,0.696706
24740,3,843.095,3,851.004,3,1,0.696567
24741,3,843.095,3,851.004,3,0,0.696428
24742,3,843.095,3,851.004,1,3,0.696289
24743,3,843.095,3,851.004,3,1,0.696149
24744,3,843.095,3,851.004,1,1,0.69601
24745,3,843.095,3,851.004,4,2,0.695871
24746,3,843.095,3,851.004,4,2,0.695732
24747,3,843.095,3,851.004,1,0,0.695593
24748,3,843.095,3,851.004,4,0,0.695453
24749,3,843.095,3,850.687,4,1,0.695314
24750,3,843.095,3,850.687,1,1,0.695175
24751,3,843.095,3,850.687,3,0,0.695036
24752,3,843.095,3,850.687,2,3,0.694897
24753,3,843.095,3,850.687,3,0,0.694758
24754,3,843.095,3,850.687,3,3,0.694619
24755,3,843.095,3,850.687,0,0,0.69448
24756,3,843.095,3,850.687,2,0,0.694341
24757,3,843.095,3,850.687,4,0,0.694203
24758,3,843.095,3,850.577,0,2,0.694064
24759,3,843.095,3,850.577,4,2,0.693925
24760,3,843.095,3,850.577,0,2,0.693786
24761,3,843.095,3,850.577,2,2,0.693647
24762,3,843.095,3,850.577,4,3,0.693509
24763,3,843.095,3,850.577,4,0,0.69337
24764,3,843.095,3,850.577,0,2,0.693231
24765,3,843.095,3,850.577,4,2,0.693093
24766,3,843.095,3,850.577,1,2,0.692954
24767,3,843.095,3,850.577,0,2,0.692815
24768,3,843.095,3,850.577,0,0,0.692677
24769,3,843.095,3,850.577,4,1,0.692538
24770,3,843.095,3,850.577,3,3,0.6924
24771,3,843.095,3,850.577,2,0,0.692261
24772,3,843.095,3,850.577,0,0,0.692123
24773,3,843.095,3,850.577,2,2,0.691984
24774,3,843.095,3,850.577,1,1,0.691846
24775,3,843.095,3,850.577,2,0,0.691708
24776,3,843.095,3,850.577,1,3,0.691569
24777,3,843.095,3,850.577,4,3,0.691431
24778,3,843.095,3,850.577,4,3,0.691293
24779,3,843.095,3,850.577,4,3,0.691155
24780,3,843.095,3,850.577,4,1,0.691016
24781,3,843.095,3,850.577,4,3,0.690878
24782,3,843.095,3,850.577,1,0,0.69074
24783,3,843.095,3,850.577,2,3,0.690602
24784,3,843.095,3,850.577,4,2,0.690464
24785,3,843.095,3,850.577,3,3,0.690326
24786,3,843.095,3,850.577,4,1,0.690187
24787,3,843.095,3,850.577,3,3,0.690049
24788,3,843.095,3,850.577,3,1,0.689911
24789,3,843.095,3,850.577,0,1,0.689773
24790,3,843.095,3,850.577,2,1,0.689636
24791,3,843.095,3,850.813,4,1,0.689498
24792,3,843.095,3,850.813,0,3,0.68936
24793,3,843.095,3,850.813,4,3,0.689222
24794,3,843.095,3,850.923,4,3,0.689084
24795,3,843.095,3,850.923,4,1,0.688946
24796,3,843.095,3,850.923,4,0,0.688808
24797,3,843.095,3,850.923,1,1,0.688671
24798,3,843.095,3,850.923,3,2,0.688533
24799,3,843.095,3,850.923,3,1,0.688395
24800,3,843.095,3,850.923,4,3,0.688257
24801,3,843.095,3,850.923,1,3,0.68812
24802,3,843.095,3,850.813,3,3,0.687982
24803,3,843.095,3,850.923,4,3,0.687845
24804,3,843.095,3,850.923,2,3,0.687707
24805,3,843.095,3,850.923,1,0,0.687569
24806,3,843.095,3,850.923,2,0,0.687432
24807,3,843.095,3,850.923,3,2,0.687294
24808,3,843.095,3,850.577,4,0,0.687157
24809,3,843.095,3,850.577,2,2,0.68702
24810,3,843.095,3,850.577,0,3,0.686882
24811,3,843.095,3,850.577,2,2,0.686745
24812,3,843.095,3,850.577,1,0,0.686607
24813,3,843.095,3,850.577,1,0,0.68647
24814,3,843.095,3,850.577,0,2,0.686333
24815,3,843.095,3,850.577,3,3,0.686196
24816,3,843.095,3,850.577,1,0,0.686058
24817,3,843.095,3,850.577,3,3,0.685921
24818,3,843.095,3,850.577,1,1,0.685784
24819,3,843.095,3,850.577,3,0,0.685647
24820,3,843.095,3,850.577,3,0,0.68551
24821,3,843.095,3,850.577,3,2,0.685373
24822,3,843.095,3,850.577,1,3,0.685235
24823,3,843.095,3,850.577,0,1,0.685098
24824,3,843.095,3,850.687,3,3,0.684961
24825,3,843.095,3,850.687,1,1,0.684824
24826,3,843.095,3,850.687,4,0,0.684687
24827,3,843.095,3,850.687,3,0,0.684551
24828,3,843.095,3,850.687,2,3,0.684414
24829,3,843.095,3,850.687,0,1,0.684277
24830,3,843.095,3,850.687,0,2,0.68414
24831,3,843.095,3,850.687,1,2,0.684003
24832,3,843.095,3,850.687,4,3,0.683866
24833,3,843.095,3,850.687,3,3,0.683729
24834,3,843.095,3,850.577,2,2,0.683593
24835,3,843.095,3,850.577,0,1,0.683456
24836,3,843.095,3,850.577,2,3,0.683319
24837,3,843.095,3,850.577,0,1,0.683183
24838,3,843.095,3,850.577,2,1,0.683046
24839,3,843.095,3,850.577,4,3,0.682909
24840,3,843.095,3,850.577,2,0,0.682773
24841,3,843.095,3,850.577,3,3,0.682636
24842,3,843.095,3,850.577,0,0,0.6825
24843,3,843.095,3,850.577,2,0,0.682363
24844,3,843.095,3,850.577,4,2,0.682227
24845,3,843.095,3,850.577,4,3,0.68209
24846,3,843.095,3,850.577,0,0,0.681954
24847,3,843.095,3,850.577,1,1,0.681818
24848,3,843.095,3,850.577,4,3,0.681681
24849,3,843.095,3,850.577,3,3,0.681545
24850,3,843.095,3,850.577,2,1,0.681409
24851,3,843.095,3,850.577,4,2,0.681272
24852,3,843.095,3,850.577,0,0,0.681136
24853,3,843.095,3,850.577,1,1,0.681
24854,3,843.095,3,850.577,2,1,0.680864
24855,3,843.095,3,850.577,0,0,0.680727
24856,3,843.095,3,850.577,0,0,0.680591
24857,3,843.095,3,850.577,2,1,0.680455
24858,3,843.095,3,850.577,3,0,0.680319
24859,3,843.095,3,850.577,2,0,0.680183
24860,3,843.095,3,850.577,1,2,0.680047
24861,3,843.095,3,850.577,3,0,0.679911
24862,3,843.095,3,850.577,1,0,0.679775
24863,3,843.095,3,850.577,2,2,0.679639
24864,3,843.095,3,850.577,0,3,0.679503
24865,3,843.095,3,850.577,3,0,0.679367
24866,3,843.095,3,850.577,0,1,0.679231
24867,3,843.095,3,850.577,1,0,0.679095
24868,3,843.095,3,850.577,0,1,0.67896
24869,3,843.095,3,850.577,0,2,0.678824
24870,3,843.095,3,850.577,2,1,0.678688
24871,3,843.095,3,850.577,2,0,0.678552
24872,3,843.095,3,850.577,2,3,0.678417
24873,3,843.095,3,850.577,3,0,0.678281
24874,3,843.095,3,850.577,0,0,0.678145
24875,3,843.095,3,850.577,2,3,0.67801
24876,3,843.095,3,850.577,3,0,0.677874
24877,3,843.095,3,850.577,1,3,0.677738
24878,3,843.095,3,850.577,0,0,0.677603
24879,3,843.095,3,850.577,0,2,0.677467
24880,3,843.095,3,850.577,3,1,0.677332
24881,3,843.095,3,850.577,4,0,0.677196
24882,3,843.095,3,850.577,2,0,0.677061
24883,3,843.095,3,850.577,3,1,0.676926
24884,3,843.095,3,850.577,4,1,0.67679
24885,3,843.095,3,850.577,4,1,0.676655
24886,3,843.095,3,850.577,0,2,0.67652
24887,3,843.095,3,850.923,3,3,0.676384
24888,3,843.095,3,850.813,4,0,0.676249
24889,3,843.095,3,850.577,3,1,0.676114
24890,3,843.095,3,850.577,1,2,0.675978
24891,3,843.095,3,850.577,1,3,0.675843
24892,3,843.095,3,850.577,1,1,0.675708
24893,3,843.095,3,850.577,1,0,0.675573
24894,3,843.095,3,850.746,4,2,0.675438
24895,3,843.095,3,850.746,3,2,0.675303
24896,3,843.095,3,850.577,0,0,0.675168
24897,3,843.095,3,850.577,1,3,0.675033
24898,3,843.095,3,850.577,3,1,0.674898
24899,3,843.095,3,850.577,0,0,0.674763
24900,3,843.095,3,850.577,2,3,0.674628
24901,3,843.095,3,850.577,3,2,0.674493
24902,3,843.095,3,850.577,2,0,0.674358
24903,3,843.095,3,850.577,2,3,0.674223
24904,3,843.095,3,850.577,0,1,0.674088
24905,3,843.095,3,849.903,3,2,0.673953
24906,3,843.095,3,850.22,4,2,0.673819
24907,3,843.095,3,850.22,3,0,0.673684
24908,3,843.095,3,850.22,0,0,0.673549
24909,3,843.095,3,850.22,2,2,0.673414
24910,3,843.095,3,850.22,0,2,0.67328
24911,3,843.095,3,850.22,3,0,0.673145
24912,3,843.095,3,850.22,1,1,0.67301
24913,3,843.095,3,850.22,0,3,0.672876
24914,3,843.095,3,850.22,2,3,0.672741
24915,3,843.095,3,850.22,4,2,0.672607
24916,3,843.095,3,850.22,3,3,0.672472
24917,3,843.095,3,850.22,2,3,0.672338
24918,3,843.095,3,850.22,3,2,0.672203
24919,3,843.095,3,850.22,4,1,0.672069
24920,3,843.095,3,850.22,1,1,0.671934
24921,3,843.095,3,850.22,2,0,0.6718
24922,3,843.095,3,850.22,1,3,0.671666
24923,3,843.095,3,850.22,4,1,0.671531
24924,3,843.095,3,850.22,0,2,0.671397
24925,3,843.095,3,850.22,0,3,0.671263
24926,3,843.095,3,850.22,3,3,0.671128
24927,3,843.095,3,850.22,2,3,0.670994
24928,3,843.095,3,850.22,3,2,0.67086
24929,3,843.095,3,850.22,3,3,0.670726
24930,3,843.095,3,850.22,3,0,0.670592
24931,3,843.095,3,850.22,3,0,0.670458
24932,3,843.095,3,850.22,0,0,0.670323
24933,3,843.095,3,850.22,0,2,0.670189
24934,3,843.095,3,850.22,2,0,0.670055
24935,3,843.095,3,850.22,1,2,0.669921
24936,3,843.095,3,850.22,3,0,0.669787
24937,3,843.095,3,850.22,0,0,0.669653
24938,3,843.095,3,850.22,2,3,0.669519
24939,3,843.095,3,851.347,2,3,0.669386
24940,3,843.095,3,851.347,3,0,0.669252
24941,3,843.095,3,851.347,1,2,0.669118
24942,3,843.095,3,851.347,2,2,0.668984
24943,3,843.095,3,851.347,1,0,0.66885
24944,3,843.095,3,851.03,0,2,0.668716
24945,3,843.095,3,851.03,4,0,0.668583
24946,3,843.095,3,851.03,2,0,0.668449
24947,3,843.095,3,851.03,3,2,0.668315
24948,3,843.095,3,851.03,4,2,0.668182
24949,3,843.095,3,851.03,1,0,0.668048
24950,3,843.095,3,851.03,0,2,0.667914
24951,3,843.095,3,851.03,1,3,0.667781
24952,3,843.095,3,851.03,4,0,0.667647
24953,3,843.095,3,851.653,0,2,0.667514
24954,3,843.095,3,851.653,3,0,0.66738
24955,3,843.095,3,851.653,1,1,0.667247
24956,3,843.095,3,851.03,0,0,0.667113
24957,3,843.095,3,851.03,1,1,0.66698
24958,3,843.095,3,851.03,3,1,0.666846
24959,3,843.095,3,851.03,4,1,0.666713
24960,3,843.095,3,851.03,3,1,0.66658
24961,3,843.095,3,850.496,4,1,0.666446
24962,3,843.095,3,850.496,4,1,0.666313
24963,3,843.095,3,850.496,3,2,0.66618
24964,3,843.095,3,850.496,1,3,0.666047
24965,3,843.095,3,850.496,1,1,0.665913
24966,3,843.095,3,850.496,2,2,0.66578
24967,3,843.095,3,850.496,3,2,0.665647
24968,3,843.095,3,850.496,1,0,0.665514
24969,3,843.095,3,850.496,3,1,0.665381
24970,3,843.095,3,850.496,2,0,0.665248
24971,3,843.095,3,850.496,1,2,0.665115
24972,3,843.095,3,850.496,0,0,0.664982
24973,3,843.095,3,850.496,2,2,0.664849
24974,3,843.095,3,850.496,4,0,0.664716
24975,3,843.095,3,850.496,0,3,0.664583
24976,3,843.095,3,850.496,2,0,0.66445
24977,3,843.095,3,850.496,4,0,0.664317
24978,3,843.095,3,850.496,0,2,0.664184
24979,3,843.095,3,850.587,0,3,0.664051
24980,3,843.095,3,850.587,4,1,0.663918
24981,3,843.095,3,850.587,4,2,0.663786
24982,3,843.095,3,850.587,2,3,0.663653
24983,3,843.095,3,850.587,4,2,0.66352
24984,3,843.095,3,850.496,0,2,0.663388
24985,3,843.095,3,850.496,0,0,0.663255
24986,3,843.095,3,850.496,4,1,0.663122
24987,3,843.095,3,850.813,3,0,0.66299
24988,3,843.095,3,850.813,3,1,0.662857
24989,3,843.095,3,850.813,3,2,0.662724
24990,3,843.095,3,850.813,2,2,0.662592
24991,3,843.095,3,850.813,3,0,0.662459
24992,3,843.095,3,850.813,0,2,0.662327
24993,3,843.095,3,850.813,1,2,0.662194
24994,3,843.095,3,850.813,1,3,0.662062
24995,3,843.095,3,850.813,2,0,0.66193
24996,3,843.095,3,850.813,1,0,0.661797
24997,3,843.095,3,850.813,1,1,0.661665
24998,3,843.095,3,850.813,0,1,0.661532
24999,3,843.095,3,850.813,1,1,0.6614
